set j job /0*199/;
set i machine /0*19/;
parameter c(i,j)/
0. 0 37
0. 1 17
0. 2 44
0. 3 29
0. 4 48
0. 5 20
0. 6 39
0. 7 10
0. 8 27
0. 9 44
0. 10 46
0. 11 42
0. 12 15
0. 13 18
0. 14 18
0. 15 35
0. 16 47
0. 17 43
0. 18 12
0. 19 12
0. 20 39
0. 21 17
0. 22 21
0. 23 19
0. 24 23
0. 25 43
0. 26 47
0. 27 50
0. 28 45
0. 29 17
0. 30 17
0. 31 47
0. 32 48
0. 33 44
0. 34 29
0. 35 19
0. 36 49
0. 37 26
0. 38 33
0. 39 50
0. 40 11
0. 41 36
0. 42 22
0. 43 29
0. 44 28
0. 45 33
0. 46 33
0. 47 31
0. 48 31
0. 49 18
0. 50 47
0. 51 24
0. 52 49
0. 53 29
0. 54 34
0. 55 41
0. 56 41
0. 57 44
0. 58 35
0. 59 23
0. 60 46
0. 61 45
0. 62 21
0. 63 25
0. 64 40
0. 65 27
0. 66 42
0. 67 26
0. 68 21
0. 69 40
0. 70 43
0. 71 36
0. 72 38
0. 73 22
0. 74 20
0. 75 37
0. 76 17
0. 77 17
0. 78 44
0. 79 29
0. 80 16
0. 81 20
0. 82 29
0. 83 46
0. 84 19
0. 85 14
0. 86 29
0. 87 20
0. 88 20
0. 89 18
0. 90 37
0. 91 35
0. 92 41
0. 93 14
0. 94 43
0. 95 38
0. 96 26
0. 97 42
0. 98 37
0. 99 39
0. 100 18
0. 101 45
0. 102 48
0. 103 31
0. 104 31
0. 105 48
0. 106 46
0. 107 15
0. 108 43
0. 109 38
0. 110 12
0. 111 44
0. 112 26
0. 113 17
0. 114 43
0. 115 14
0. 116 49
0. 117 39
0. 118 18
0. 119 38
0. 120 36
0. 121 47
0. 122 44
0. 123 45
0. 124 34
0. 125 18
0. 126 19
0. 127 21
0. 128 44
0. 129 32
0. 130 27
0. 131 27
0. 132 16
0. 133 31
0. 134 17
0. 135 14
0. 136 16
0. 137 29
0. 138 38
0. 139 13
0. 140 47
0. 141 13
0. 142 12
0. 143 10
0. 144 28
0. 145 46
0. 146 27
0. 147 11
0. 148 34
0. 149 17
0. 150 11
0. 151 13
0. 152 27
0. 153 39
0. 154 22
0. 155 31
0. 156 28
0. 157 39
0. 158 43
0. 159 28
0. 160 30
0. 161 49
0. 162 35
0. 163 18
0. 164 37
0. 165 36
0. 166 36
0. 167 46
0. 168 46
0. 169 28
0. 170 29
0. 171 18
0. 172 16
0. 173 29
0. 174 33
0. 175 24
0. 176 12
0. 177 12
0. 178 11
0. 179 12
0. 180 39
0. 181 34
0. 182 49
0. 183 27
0. 184 34
0. 185 11
0. 186 30
0. 187 29
0. 188 34
0. 189 27
0. 190 38
0. 191 33
0. 192 28
0. 193 11
0. 194 20
0. 195 20
0. 196 25
0. 197 28
0. 198 23
0. 199 22
1. 0 31
1. 1 18
1. 2 26
1. 3 38
1. 4 23
1. 5 21
1. 6 14
1. 7 16
1. 8 35
1. 9 11
1. 10 42
1. 11 13
1. 12 10
1. 13 19
1. 14 47
1. 15 35
1. 16 45
1. 17 12
1. 18 23
1. 19 17
1. 20 23
1. 21 21
1. 22 43
1. 23 48
1. 24 26
1. 25 30
1. 26 33
1. 27 18
1. 28 50
1. 29 25
1. 30 11
1. 31 42
1. 32 31
1. 33 42
1. 34 49
1. 35 15
1. 36 21
1. 37 11
1. 38 14
1. 39 38
1. 40 13
1. 41 47
1. 42 16
1. 43 31
1. 44 18
1. 45 35
1. 46 34
1. 47 32
1. 48 27
1. 49 38
1. 50 47
1. 51 28
1. 52 12
1. 53 29
1. 54 11
1. 55 43
1. 56 34
1. 57 43
1. 58 19
1. 59 16
1. 60 22
1. 61 50
1. 62 25
1. 63 39
1. 64 48
1. 65 48
1. 66 10
1. 67 36
1. 68 50
1. 69 34
1. 70 41
1. 71 20
1. 72 11
1. 73 30
1. 74 47
1. 75 18
1. 76 17
1. 77 30
1. 78 32
1. 79 14
1. 80 16
1. 81 31
1. 82 42
1. 83 37
1. 84 21
1. 85 28
1. 86 49
1. 87 27
1. 88 47
1. 89 14
1. 90 18
1. 91 37
1. 92 19
1. 93 17
1. 94 46
1. 95 28
1. 96 25
1. 97 14
1. 98 40
1. 99 42
1. 100 28
1. 101 49
1. 102 17
1. 103 11
1. 104 34
1. 105 23
1. 106 20
1. 107 26
1. 108 45
1. 109 44
1. 110 19
1. 111 16
1. 112 28
1. 113 46
1. 114 43
1. 115 34
1. 116 34
1. 117 44
1. 118 15
1. 119 50
1. 120 41
1. 121 22
1. 122 44
1. 123 44
1. 124 41
1. 125 10
1. 126 46
1. 127 21
1. 128 13
1. 129 29
1. 130 38
1. 131 35
1. 132 44
1. 133 26
1. 134 20
1. 135 19
1. 136 33
1. 137 34
1. 138 37
1. 139 48
1. 140 23
1. 141 42
1. 142 46
1. 143 28
1. 144 23
1. 145 43
1. 146 18
1. 147 30
1. 148 38
1. 149 30
1. 150 46
1. 151 37
1. 152 18
1. 153 49
1. 154 41
1. 155 14
1. 156 50
1. 157 41
1. 158 32
1. 159 32
1. 160 45
1. 161 50
1. 162 40
1. 163 36
1. 164 27
1. 165 24
1. 166 41
1. 167 10
1. 168 20
1. 169 22
1. 170 49
1. 171 11
1. 172 37
1. 173 41
1. 174 36
1. 175 42
1. 176 27
1. 177 14
1. 178 31
1. 179 17
1. 180 25
1. 181 29
1. 182 26
1. 183 35
1. 184 47
1. 185 28
1. 186 11
1. 187 31
1. 188 13
1. 189 47
1. 190 46
1. 191 29
1. 192 16
1. 193 19
1. 194 14
1. 195 43
1. 196 29
1. 197 30
1. 198 24
1. 199 29
2. 0 33
2. 1 14
2. 2 24
2. 3 27
2. 4 15
2. 5 25
2. 6 25
2. 7 47
2. 8 49
2. 9 19
2. 10 37
2. 11 41
2. 12 30
2. 13 14
2. 14 38
2. 15 48
2. 16 13
2. 17 41
2. 18 10
2. 19 30
2. 20 23
2. 21 19
2. 22 43
2. 23 22
2. 24 48
2. 25 33
2. 26 25
2. 27 34
2. 28 29
2. 29 42
2. 30 27
2. 31 40
2. 32 14
2. 33 28
2. 34 24
2. 35 21
2. 36 12
2. 37 28
2. 38 49
2. 39 32
2. 40 38
2. 41 25
2. 42 44
2. 43 10
2. 44 12
2. 45 45
2. 46 37
2. 47 39
2. 48 32
2. 49 38
2. 50 23
2. 51 49
2. 52 13
2. 53 36
2. 54 10
2. 55 18
2. 56 43
2. 57 12
2. 58 27
2. 59 45
2. 60 46
2. 61 21
2. 62 21
2. 63 45
2. 64 48
2. 65 26
2. 66 44
2. 67 21
2. 68 45
2. 69 11
2. 70 49
2. 71 24
2. 72 13
2. 73 29
2. 74 37
2. 75 50
2. 76 13
2. 77 30
2. 78 11
2. 79 10
2. 80 40
2. 81 38
2. 82 14
2. 83 23
2. 84 44
2. 85 21
2. 86 10
2. 87 25
2. 88 50
2. 89 30
2. 90 32
2. 91 11
2. 92 25
2. 93 24
2. 94 14
2. 95 45
2. 96 43
2. 97 42
2. 98 11
2. 99 30
2. 100 10
2. 101 26
2. 102 46
2. 103 50
2. 104 12
2. 105 16
2. 106 11
2. 107 25
2. 108 40
2. 109 49
2. 110 25
2. 111 43
2. 112 37
2. 113 49
2. 114 37
2. 115 26
2. 116 15
2. 117 32
2. 118 20
2. 119 49
2. 120 20
2. 121 24
2. 122 23
2. 123 49
2. 124 35
2. 125 32
2. 126 44
2. 127 41
2. 128 10
2. 129 19
2. 130 30
2. 131 33
2. 132 16
2. 133 11
2. 134 13
2. 135 13
2. 136 20
2. 137 43
2. 138 20
2. 139 19
2. 140 22
2. 141 26
2. 142 12
2. 143 14
2. 144 49
2. 145 26
2. 146 42
2. 147 32
2. 148 35
2. 149 11
2. 150 50
2. 151 11
2. 152 49
2. 153 45
2. 154 37
2. 155 48
2. 156 26
2. 157 36
2. 158 24
2. 159 31
2. 160 29
2. 161 48
2. 162 14
2. 163 32
2. 164 50
2. 165 36
2. 166 37
2. 167 18
2. 168 43
2. 169 29
2. 170 46
2. 171 13
2. 172 14
2. 173 19
2. 174 24
2. 175 46
2. 176 41
2. 177 38
2. 178 32
2. 179 32
2. 180 11
2. 181 33
2. 182 20
2. 183 37
2. 184 15
2. 185 49
2. 186 47
2. 187 41
2. 188 36
2. 189 37
2. 190 21
2. 191 14
2. 192 37
2. 193 47
2. 194 16
2. 195 49
2. 196 21
2. 197 16
2. 198 37
2. 199 48
3. 0 31
3. 1 50
3. 2 49
3. 3 50
3. 4 35
3. 5 11
3. 6 24
3. 7 11
3. 8 48
3. 9 15
3. 10 23
3. 11 37
3. 12 19
3. 13 17
3. 14 10
3. 15 48
3. 16 22
3. 17 23
3. 18 37
3. 19 38
3. 20 23
3. 21 42
3. 22 16
3. 23 25
3. 24 38
3. 25 46
3. 26 17
3. 27 42
3. 28 47
3. 29 39
3. 30 48
3. 31 42
3. 32 40
3. 33 44
3. 34 39
3. 35 27
3. 36 23
3. 37 36
3. 38 10
3. 39 29
3. 40 43
3. 41 43
3. 42 47
3. 43 35
3. 44 15
3. 45 14
3. 46 10
3. 47 42
3. 48 36
3. 49 21
3. 50 47
3. 51 28
3. 52 32
3. 53 28
3. 54 23
3. 55 19
3. 56 20
3. 57 22
3. 58 16
3. 59 30
3. 60 46
3. 61 38
3. 62 16
3. 63 20
3. 64 28
3. 65 20
3. 66 43
3. 67 25
3. 68 45
3. 69 14
3. 70 13
3. 71 11
3. 72 27
3. 73 31
3. 74 26
3. 75 36
3. 76 41
3. 77 43
3. 78 47
3. 79 21
3. 80 47
3. 81 49
3. 82 49
3. 83 18
3. 84 27
3. 85 23
3. 86 11
3. 87 32
3. 88 35
3. 89 20
3. 90 24
3. 91 12
3. 92 21
3. 93 37
3. 94 47
3. 95 42
3. 96 17
3. 97 18
3. 98 20
3. 99 18
3. 100 50
3. 101 37
3. 102 18
3. 103 33
3. 104 23
3. 105 41
3. 106 20
3. 107 26
3. 108 21
3. 109 11
3. 110 16
3. 111 22
3. 112 28
3. 113 17
3. 114 28
3. 115 37
3. 116 21
3. 117 21
3. 118 21
3. 119 13
3. 120 37
3. 121 37
3. 122 25
3. 123 44
3. 124 20
3. 125 27
3. 126 31
3. 127 43
3. 128 14
3. 129 24
3. 130 25
3. 131 45
3. 132 29
3. 133 43
3. 134 45
3. 135 46
3. 136 38
3. 137 42
3. 138 21
3. 139 10
3. 140 44
3. 141 37
3. 142 11
3. 143 41
3. 144 19
3. 145 27
3. 146 27
3. 147 48
3. 148 29
3. 149 25
3. 150 49
3. 151 36
3. 152 44
3. 153 13
3. 154 18
3. 155 40
3. 156 12
3. 157 50
3. 158 21
3. 159 41
3. 160 47
3. 161 14
3. 162 44
3. 163 39
3. 164 21
3. 165 21
3. 166 24
3. 167 39
3. 168 21
3. 169 30
3. 170 33
3. 171 13
3. 172 41
3. 173 43
3. 174 39
3. 175 34
3. 176 40
3. 177 10
3. 178 18
3. 179 35
3. 180 27
3. 181 49
3. 182 44
3. 183 10
3. 184 19
3. 185 44
3. 186 16
3. 187 13
3. 188 11
3. 189 35
3. 190 18
3. 191 10
3. 192 10
3. 193 32
3. 194 37
3. 195 32
3. 196 24
3. 197 47
3. 198 43
3. 199 44
4. 0 28
4. 1 34
4. 2 35
4. 3 38
4. 4 29
4. 5 44
4. 6 17
4. 7 35
4. 8 16
4. 9 44
4. 10 30
4. 11 41
4. 12 39
4. 13 31
4. 14 30
4. 15 45
4. 16 29
4. 17 48
4. 18 45
4. 19 37
4. 20 37
4. 21 40
4. 22 19
4. 23 44
4. 24 20
4. 25 31
4. 26 20
4. 27 39
4. 28 43
4. 29 47
4. 30 22
4. 31 48
4. 32 16
4. 33 28
4. 34 21
4. 35 26
4. 36 28
4. 37 22
4. 38 21
4. 39 37
4. 40 18
4. 41 36
4. 42 23
4. 43 48
4. 44 49
4. 45 44
4. 46 22
4. 47 47
4. 48 44
4. 49 14
4. 50 23
4. 51 43
4. 52 28
4. 53 12
4. 54 15
4. 55 35
4. 56 19
4. 57 33
4. 58 20
4. 59 49
4. 60 45
4. 61 34
4. 62 34
4. 63 37
4. 64 48
4. 65 16
4. 66 39
4. 67 18
4. 68 22
4. 69 50
4. 70 38
4. 71 32
4. 72 17
4. 73 43
4. 74 13
4. 75 16
4. 76 48
4. 77 45
4. 78 34
4. 79 43
4. 80 16
4. 81 44
4. 82 46
4. 83 19
4. 84 13
4. 85 28
4. 86 29
4. 87 33
4. 88 50
4. 89 49
4. 90 40
4. 91 32
4. 92 41
4. 93 33
4. 94 28
4. 95 38
4. 96 48
4. 97 31
4. 98 27
4. 99 34
4. 100 38
4. 101 47
4. 102 47
4. 103 49
4. 104 10
4. 105 30
4. 106 29
4. 107 44
4. 108 28
4. 109 42
4. 110 27
4. 111 17
4. 112 45
4. 113 23
4. 114 20
4. 115 15
4. 116 19
4. 117 10
4. 118 40
4. 119 49
4. 120 22
4. 121 37
4. 122 15
4. 123 16
4. 124 47
4. 125 34
4. 126 23
4. 127 35
4. 128 47
4. 129 14
4. 130 20
4. 131 31
4. 132 26
4. 133 21
4. 134 24
4. 135 38
4. 136 17
4. 137 30
4. 138 34
4. 139 49
4. 140 27
4. 141 50
4. 142 42
4. 143 35
4. 144 50
4. 145 26
4. 146 27
4. 147 20
4. 148 41
4. 149 14
4. 150 17
4. 151 11
4. 152 28
4. 153 27
4. 154 15
4. 155 50
4. 156 42
4. 157 39
4. 158 36
4. 159 11
4. 160 16
4. 161 17
4. 162 27
4. 163 26
4. 164 21
4. 165 33
4. 166 17
4. 167 27
4. 168 43
4. 169 26
4. 170 43
4. 171 49
4. 172 45
4. 173 14
4. 174 28
4. 175 38
4. 176 15
4. 177 40
4. 178 42
4. 179 38
4. 180 33
4. 181 21
4. 182 50
4. 183 47
4. 184 22
4. 185 35
4. 186 45
4. 187 37
4. 188 47
4. 189 14
4. 190 36
4. 191 29
4. 192 34
4. 193 38
4. 194 28
4. 195 15
4. 196 23
4. 197 25
4. 198 29
4. 199 43
5. 0 34
5. 1 29
5. 2 48
5. 3 37
5. 4 47
5. 5 50
5. 6 12
5. 7 49
5. 8 33
5. 9 37
5. 10 11
5. 11 14
5. 12 37
5. 13 22
5. 14 13
5. 15 42
5. 16 26
5. 17 26
5. 18 39
5. 19 23
5. 20 50
5. 21 21
5. 22 23
5. 23 28
5. 24 41
5. 25 24
5. 26 20
5. 27 12
5. 28 33
5. 29 36
5. 30 15
5. 31 31
5. 32 43
5. 33 40
5. 34 11
5. 35 29
5. 36 41
5. 37 38
5. 38 15
5. 39 45
5. 40 12
5. 41 19
5. 42 21
5. 43 33
5. 44 17
5. 45 15
5. 46 22
5. 47 41
5. 48 42
5. 49 35
5. 50 29
5. 51 31
5. 52 41
5. 53 46
5. 54 36
5. 55 29
5. 56 41
5. 57 32
5. 58 12
5. 59 10
5. 60 18
5. 61 27
5. 62 47
5. 63 14
5. 64 24
5. 65 46
5. 66 32
5. 67 17
5. 68 39
5. 69 28
5. 70 49
5. 71 48
5. 72 11
5. 73 17
5. 74 45
5. 75 36
5. 76 21
5. 77 10
5. 78 23
5. 79 47
5. 80 16
5. 81 46
5. 82 19
5. 83 24
5. 84 12
5. 85 41
5. 86 23
5. 87 50
5. 88 21
5. 89 28
5. 90 27
5. 91 21
5. 92 27
5. 93 13
5. 94 25
5. 95 17
5. 96 38
5. 97 25
5. 98 20
5. 99 12
5. 100 16
5. 101 43
5. 102 39
5. 103 33
5. 104 29
5. 105 12
5. 106 32
5. 107 24
5. 108 20
5. 109 24
5. 110 37
5. 111 23
5. 112 42
5. 113 29
5. 114 30
5. 115 22
5. 116 44
5. 117 13
5. 118 10
5. 119 27
5. 120 35
5. 121 46
5. 122 22
5. 123 36
5. 124 33
5. 125 13
5. 126 49
5. 127 20
5. 128 46
5. 129 25
5. 130 22
5. 131 46
5. 132 34
5. 133 29
5. 134 28
5. 135 17
5. 136 50
5. 137 11
5. 138 28
5. 139 19
5. 140 31
5. 141 43
5. 142 36
5. 143 10
5. 144 31
5. 145 25
5. 146 10
5. 147 25
5. 148 14
5. 149 16
5. 150 12
5. 151 16
5. 152 37
5. 153 28
5. 154 47
5. 155 23
5. 156 14
5. 157 19
5. 158 49
5. 159 44
5. 160 35
5. 161 39
5. 162 17
5. 163 46
5. 164 33
5. 165 25
5. 166 50
5. 167 17
5. 168 41
5. 169 11
5. 170 50
5. 171 18
5. 172 32
5. 173 19
5. 174 29
5. 175 49
5. 176 45
5. 177 25
5. 178 50
5. 179 11
5. 180 11
5. 181 29
5. 182 43
5. 183 32
5. 184 47
5. 185 26
5. 186 46
5. 187 10
5. 188 32
5. 189 30
5. 190 28
5. 191 28
5. 192 15
5. 193 11
5. 194 37
5. 195 40
5. 196 42
5. 197 37
5. 198 12
5. 199 46
6. 0 33
6. 1 40
6. 2 48
6. 3 39
6. 4 45
6. 5 38
6. 6 18
6. 7 15
6. 8 43
6. 9 46
6. 10 44
6. 11 17
6. 12 43
6. 13 45
6. 14 26
6. 15 48
6. 16 27
6. 17 41
6. 18 16
6. 19 46
6. 20 31
6. 21 12
6. 22 27
6. 23 30
6. 24 21
6. 25 35
6. 26 48
6. 27 35
6. 28 11
6. 29 38
6. 30 17
6. 31 34
6. 32 41
6. 33 31
6. 34 27
6. 35 37
6. 36 18
6. 37 30
6. 38 38
6. 39 29
6. 40 13
6. 41 14
6. 42 28
6. 43 20
6. 44 41
6. 45 20
6. 46 40
6. 47 35
6. 48 45
6. 49 20
6. 50 11
6. 51 34
6. 52 39
6. 53 23
6. 54 38
6. 55 27
6. 56 30
6. 57 30
6. 58 30
6. 59 16
6. 60 15
6. 61 13
6. 62 41
6. 63 35
6. 64 24
6. 65 27
6. 66 47
6. 67 28
6. 68 21
6. 69 17
6. 70 38
6. 71 46
6. 72 44
6. 73 47
6. 74 50
6. 75 13
6. 76 22
6. 77 46
6. 78 38
6. 79 46
6. 80 32
6. 81 23
6. 82 16
6. 83 19
6. 84 49
6. 85 48
6. 86 46
6. 87 33
6. 88 44
6. 89 27
6. 90 17
6. 91 27
6. 92 11
6. 93 34
6. 94 12
6. 95 19
6. 96 45
6. 97 20
6. 98 19
6. 99 47
6. 100 50
6. 101 30
6. 102 41
6. 103 18
6. 104 49
6. 105 47
6. 106 49
6. 107 10
6. 108 47
6. 109 16
6. 110 47
6. 111 48
6. 112 21
6. 113 16
6. 114 29
6. 115 25
6. 116 16
6. 117 39
6. 118 31
6. 119 24
6. 120 47
6. 121 46
6. 122 19
6. 123 11
6. 124 43
6. 125 23
6. 126 15
6. 127 34
6. 128 29
6. 129 33
6. 130 30
6. 131 23
6. 132 19
6. 133 24
6. 134 23
6. 135 22
6. 136 45
6. 137 28
6. 138 20
6. 139 45
6. 140 19
6. 141 38
6. 142 45
6. 143 50
6. 144 31
6. 145 34
6. 146 25
6. 147 13
6. 148 21
6. 149 41
6. 150 46
6. 151 11
6. 152 49
6. 153 12
6. 154 15
6. 155 50
6. 156 35
6. 157 29
6. 158 46
6. 159 47
6. 160 48
6. 161 34
6. 162 18
6. 163 30
6. 164 12
6. 165 49
6. 166 36
6. 167 50
6. 168 34
6. 169 32
6. 170 12
6. 171 45
6. 172 46
6. 173 24
6. 174 47
6. 175 18
6. 176 23
6. 177 20
6. 178 28
6. 179 44
6. 180 27
6. 181 24
6. 182 19
6. 183 48
6. 184 43
6. 185 44
6. 186 41
6. 187 42
6. 188 37
6. 189 30
6. 190 14
6. 191 25
6. 192 33
6. 193 22
6. 194 19
6. 195 37
6. 196 36
6. 197 38
6. 198 43
6. 199 50
7. 0 40
7. 1 49
7. 2 47
7. 3 42
7. 4 39
7. 5 19
7. 6 21
7. 7 40
7. 8 23
7. 9 29
7. 10 41
7. 11 37
7. 12 42
7. 13 49
7. 14 31
7. 15 23
7. 16 45
7. 17 45
7. 18 25
7. 19 28
7. 20 23
7. 21 14
7. 22 26
7. 23 14
7. 24 23
7. 25 24
7. 26 40
7. 27 32
7. 28 17
7. 29 17
7. 30 41
7. 31 14
7. 32 31
7. 33 19
7. 34 40
7. 35 44
7. 36 34
7. 37 35
7. 38 48
7. 39 39
7. 40 41
7. 41 21
7. 42 37
7. 43 50
7. 44 36
7. 45 23
7. 46 36
7. 47 26
7. 48 15
7. 49 28
7. 50 32
7. 51 26
7. 52 49
7. 53 17
7. 54 18
7. 55 16
7. 56 40
7. 57 16
7. 58 21
7. 59 24
7. 60 50
7. 61 20
7. 62 22
7. 63 10
7. 64 39
7. 65 30
7. 66 41
7. 67 39
7. 68 28
7. 69 10
7. 70 42
7. 71 18
7. 72 29
7. 73 27
7. 74 45
7. 75 39
7. 76 24
7. 77 27
7. 78 22
7. 79 25
7. 80 18
7. 81 38
7. 82 15
7. 83 31
7. 84 15
7. 85 45
7. 86 45
7. 87 36
7. 88 47
7. 89 44
7. 90 38
7. 91 38
7. 92 31
7. 93 48
7. 94 12
7. 95 27
7. 96 41
7. 97 39
7. 98 33
7. 99 31
7. 100 26
7. 101 15
7. 102 33
7. 103 19
7. 104 45
7. 105 25
7. 106 25
7. 107 20
7. 108 25
7. 109 25
7. 110 13
7. 111 27
7. 112 21
7. 113 25
7. 114 28
7. 115 18
7. 116 28
7. 117 30
7. 118 29
7. 119 33
7. 120 33
7. 121 18
7. 122 18
7. 123 38
7. 124 20
7. 125 32
7. 126 30
7. 127 49
7. 128 36
7. 129 31
7. 130 13
7. 131 46
7. 132 33
7. 133 48
7. 134 43
7. 135 45
7. 136 49
7. 137 24
7. 138 34
7. 139 29
7. 140 21
7. 141 32
7. 142 24
7. 143 37
7. 144 16
7. 145 49
7. 146 11
7. 147 23
7. 148 34
7. 149 34
7. 150 11
7. 151 48
7. 152 11
7. 153 43
7. 154 25
7. 155 50
7. 156 42
7. 157 31
7. 158 49
7. 159 20
7. 160 48
7. 161 21
7. 162 33
7. 163 46
7. 164 18
7. 165 35
7. 166 49
7. 167 11
7. 168 24
7. 169 21
7. 170 20
7. 171 37
7. 172 38
7. 173 33
7. 174 25
7. 175 19
7. 176 18
7. 177 39
7. 178 46
7. 179 18
7. 180 25
7. 181 50
7. 182 25
7. 183 39
7. 184 19
7. 185 50
7. 186 15
7. 187 35
7. 188 45
7. 189 35
7. 190 35
7. 191 46
7. 192 42
7. 193 12
7. 194 37
7. 195 14
7. 196 38
7. 197 31
7. 198 19
7. 199 40
8. 0 20
8. 1 40
8. 2 28
8. 3 36
8. 4 26
8. 5 20
8. 6 18
8. 7 15
8. 8 26
8. 9 32
8. 10 21
8. 11 33
8. 12 39
8. 13 36
8. 14 16
8. 15 45
8. 16 34
8. 17 36
8. 18 37
8. 19 13
8. 20 19
8. 21 39
8. 22 28
8. 23 27
8. 24 11
8. 25 36
8. 26 22
8. 27 32
8. 28 28
8. 29 22
8. 30 40
8. 31 45
8. 32 28
8. 33 14
8. 34 33
8. 35 38
8. 36 19
8. 37 35
8. 38 43
8. 39 29
8. 40 23
8. 41 14
8. 42 43
8. 43 40
8. 44 33
8. 45 42
8. 46 48
8. 47 21
8. 48 21
8. 49 33
8. 50 35
8. 51 27
8. 52 42
8. 53 50
8. 54 24
8. 55 25
8. 56 50
8. 57 34
8. 58 42
8. 59 38
8. 60 50
8. 61 39
8. 62 27
8. 63 23
8. 64 24
8. 65 29
8. 66 26
8. 67 30
8. 68 13
8. 69 48
8. 70 49
8. 71 20
8. 72 15
8. 73 41
8. 74 29
8. 75 27
8. 76 11
8. 77 44
8. 78 10
8. 79 43
8. 80 48
8. 81 15
8. 82 47
8. 83 13
8. 84 31
8. 85 41
8. 86 49
8. 87 20
8. 88 35
8. 89 13
8. 90 41
8. 91 30
8. 92 49
8. 93 46
8. 94 11
8. 95 50
8. 96 47
8. 97 34
8. 98 11
8. 99 22
8. 100 10
8. 101 37
8. 102 20
8. 103 27
8. 104 33
8. 105 36
8. 106 34
8. 107 42
8. 108 21
8. 109 29
8. 110 36
8. 111 25
8. 112 45
8. 113 31
8. 114 43
8. 115 10
8. 116 30
8. 117 37
8. 118 45
8. 119 31
8. 120 31
8. 121 14
8. 122 20
8. 123 27
8. 124 13
8. 125 10
8. 126 19
8. 127 37
8. 128 39
8. 129 10
8. 130 47
8. 131 40
8. 132 15
8. 133 31
8. 134 17
8. 135 48
8. 136 50
8. 137 32
8. 138 43
8. 139 32
8. 140 32
8. 141 31
8. 142 44
8. 143 38
8. 144 48
8. 145 33
8. 146 48
8. 147 34
8. 148 45
8. 149 30
8. 150 27
8. 151 34
8. 152 42
8. 153 23
8. 154 32
8. 155 23
8. 156 17
8. 157 34
8. 158 29
8. 159 17
8. 160 49
8. 161 48
8. 162 45
8. 163 50
8. 164 37
8. 165 25
8. 166 10
8. 167 39
8. 168 24
8. 169 50
8. 170 16
8. 171 41
8. 172 20
8. 173 15
8. 174 31
8. 175 35
8. 176 35
8. 177 46
8. 178 21
8. 179 38
8. 180 47
8. 181 19
8. 182 45
8. 183 45
8. 184 17
8. 185 15
8. 186 23
8. 187 33
8. 188 16
8. 189 23
8. 190 13
8. 191 21
8. 192 26
8. 193 22
8. 194 50
8. 195 35
8. 196 46
8. 197 25
8. 198 46
8. 199 37
9. 0 17
9. 1 19
9. 2 50
9. 3 13
9. 4 43
9. 5 32
9. 6 26
9. 7 46
9. 8 49
9. 9 42
9. 10 15
9. 11 38
9. 12 10
9. 13 15
9. 14 21
9. 15 40
9. 16 11
9. 17 35
9. 18 36
9. 19 11
9. 20 10
9. 21 15
9. 22 18
9. 23 38
9. 24 25
9. 25 41
9. 26 41
9. 27 40
9. 28 20
9. 29 45
9. 30 45
9. 31 34
9. 32 35
9. 33 19
9. 34 48
9. 35 33
9. 36 42
9. 37 24
9. 38 13
9. 39 18
9. 40 35
9. 41 20
9. 42 15
9. 43 25
9. 44 32
9. 45 37
9. 46 32
9. 47 31
9. 48 22
9. 49 35
9. 50 44
9. 51 50
9. 52 44
9. 53 16
9. 54 44
9. 55 15
9. 56 44
9. 57 40
9. 58 12
9. 59 45
9. 60 18
9. 61 27
9. 62 39
9. 63 25
9. 64 25
9. 65 38
9. 66 13
9. 67 40
9. 68 43
9. 69 20
9. 70 49
9. 71 21
9. 72 44
9. 73 13
9. 74 22
9. 75 10
9. 76 15
9. 77 31
9. 78 29
9. 79 31
9. 80 28
9. 81 38
9. 82 35
9. 83 18
9. 84 43
9. 85 41
9. 86 44
9. 87 22
9. 88 24
9. 89 23
9. 90 10
9. 91 11
9. 92 24
9. 93 43
9. 94 16
9. 95 41
9. 96 42
9. 97 11
9. 98 43
9. 99 35
9. 100 36
9. 101 19
9. 102 22
9. 103 40
9. 104 30
9. 105 37
9. 106 50
9. 107 25
9. 108 24
9. 109 32
9. 110 35
9. 111 11
9. 112 36
9. 113 14
9. 114 11
9. 115 47
9. 116 20
9. 117 29
9. 118 46
9. 119 42
9. 120 12
9. 121 22
9. 122 15
9. 123 39
9. 124 25
9. 125 12
9. 126 38
9. 127 31
9. 128 40
9. 129 23
9. 130 44
9. 131 37
9. 132 14
9. 133 29
9. 134 19
9. 135 19
9. 136 50
9. 137 20
9. 138 44
9. 139 37
9. 140 48
9. 141 45
9. 142 28
9. 143 22
9. 144 34
9. 145 44
9. 146 29
9. 147 45
9. 148 31
9. 149 15
9. 150 31
9. 151 20
9. 152 37
9. 153 20
9. 154 22
9. 155 44
9. 156 12
9. 157 25
9. 158 38
9. 159 25
9. 160 42
9. 161 29
9. 162 18
9. 163 44
9. 164 14
9. 165 25
9. 166 39
9. 167 24
9. 168 24
9. 169 38
9. 170 47
9. 171 33
9. 172 40
9. 173 44
9. 174 20
9. 175 31
9. 176 32
9. 177 34
9. 178 38
9. 179 17
9. 180 13
9. 181 40
9. 182 14
9. 183 19
9. 184 31
9. 185 27
9. 186 38
9. 187 45
9. 188 21
9. 189 18
9. 190 26
9. 191 12
9. 192 50
9. 193 10
9. 194 25
9. 195 32
9. 196 38
9. 197 32
9. 198 31
9. 199 37
10. 0 19
10. 1 35
10. 2 33
10. 3 20
10. 4 37
10. 5 10
10. 6 17
10. 7 45
10. 8 29
10. 9 42
10. 10 42
10. 11 32
10. 12 31
10. 13 31
10. 14 45
10. 15 23
10. 16 32
10. 17 41
10. 18 44
10. 19 37
10. 20 49
10. 21 18
10. 22 44
10. 23 17
10. 24 12
10. 25 18
10. 26 11
10. 27 37
10. 28 48
10. 29 44
10. 30 22
10. 31 38
10. 32 44
10. 33 25
10. 34 31
10. 35 23
10. 36 39
10. 37 15
10. 38 16
10. 39 30
10. 40 43
10. 41 32
10. 42 16
10. 43 12
10. 44 28
10. 45 47
10. 46 45
10. 47 50
10. 48 19
10. 49 10
10. 50 37
10. 51 34
10. 52 18
10. 53 20
10. 54 46
10. 55 27
10. 56 21
10. 57 13
10. 58 24
10. 59 32
10. 60 13
10. 61 23
10. 62 33
10. 63 49
10. 64 49
10. 65 10
10. 66 44
10. 67 46
10. 68 50
10. 69 18
10. 70 12
10. 71 32
10. 72 38
10. 73 41
10. 74 33
10. 75 23
10. 76 38
10. 77 35
10. 78 10
10. 79 41
10. 80 39
10. 81 32
10. 82 26
10. 83 29
10. 84 15
10. 85 29
10. 86 24
10. 87 25
10. 88 30
10. 89 23
10. 90 39
10. 91 50
10. 92 26
10. 93 20
10. 94 35
10. 95 47
10. 96 11
10. 97 22
10. 98 47
10. 99 29
10. 100 38
10. 101 27
10. 102 31
10. 103 14
10. 104 40
10. 105 10
10. 106 16
10. 107 25
10. 108 11
10. 109 29
10. 110 12
10. 111 13
10. 112 38
10. 113 31
10. 114 34
10. 115 35
10. 116 10
10. 117 15
10. 118 41
10. 119 34
10. 120 20
10. 121 27
10. 122 49
10. 123 23
10. 124 22
10. 125 16
10. 126 35
10. 127 10
10. 128 11
10. 129 40
10. 130 30
10. 131 16
10. 132 15
10. 133 19
10. 134 12
10. 135 18
10. 136 20
10. 137 32
10. 138 24
10. 139 39
10. 140 27
10. 141 35
10. 142 34
10. 143 24
10. 144 28
10. 145 41
10. 146 16
10. 147 41
10. 148 17
10. 149 42
10. 150 33
10. 151 35
10. 152 33
10. 153 30
10. 154 16
10. 155 20
10. 156 21
10. 157 38
10. 158 34
10. 159 36
10. 160 33
10. 161 31
10. 162 38
10. 163 26
10. 164 38
10. 165 20
10. 166 11
10. 167 45
10. 168 14
10. 169 27
10. 170 10
10. 171 25
10. 172 48
10. 173 25
10. 174 12
10. 175 10
10. 176 45
10. 177 45
10. 178 25
10. 179 16
10. 180 12
10. 181 18
10. 182 12
10. 183 10
10. 184 15
10. 185 27
10. 186 43
10. 187 12
10. 188 47
10. 189 45
10. 190 27
10. 191 17
10. 192 43
10. 193 33
10. 194 47
10. 195 17
10. 196 43
10. 197 24
10. 198 35
10. 199 14
11. 0 41
11. 1 25
11. 2 18
11. 3 42
11. 4 36
11. 5 21
11. 6 40
11. 7 24
11. 8 28
11. 9 14
11. 10 45
11. 11 30
11. 12 16
11. 13 24
11. 14 23
11. 15 17
11. 16 18
11. 17 43
11. 18 41
11. 19 26
11. 20 44
11. 21 41
11. 22 43
11. 23 10
11. 24 33
11. 25 33
11. 26 49
11. 27 48
11. 28 15
11. 29 36
11. 30 46
11. 31 46
11. 32 20
11. 33 44
11. 34 29
11. 35 46
11. 36 43
11. 37 14
11. 38 40
11. 39 41
11. 40 20
11. 41 31
11. 42 32
11. 43 49
11. 44 15
11. 45 26
11. 46 24
11. 47 34
11. 48 34
11. 49 49
11. 50 15
11. 51 27
11. 52 46
11. 53 42
11. 54 21
11. 55 26
11. 56 17
11. 57 45
11. 58 48
11. 59 33
11. 60 20
11. 61 25
11. 62 38
11. 63 15
11. 64 19
11. 65 50
11. 66 36
11. 67 13
11. 68 40
11. 69 43
11. 70 12
11. 71 31
11. 72 49
11. 73 42
11. 74 40
11. 75 17
11. 76 37
11. 77 41
11. 78 48
11. 79 38
11. 80 42
11. 81 47
11. 82 28
11. 83 42
11. 84 45
11. 85 31
11. 86 18
11. 87 36
11. 88 35
11. 89 32
11. 90 22
11. 91 28
11. 92 49
11. 93 14
11. 94 41
11. 95 40
11. 96 48
11. 97 39
11. 98 46
11. 99 18
11. 100 44
11. 101 34
11. 102 31
11. 103 47
11. 104 45
11. 105 25
11. 106 12
11. 107 20
11. 108 33
11. 109 14
11. 110 40
11. 111 44
11. 112 42
11. 113 25
11. 114 32
11. 115 33
11. 116 41
11. 117 42
11. 118 46
11. 119 10
11. 120 29
11. 121 26
11. 122 46
11. 123 27
11. 124 15
11. 125 33
11. 126 38
11. 127 33
11. 128 19
11. 129 36
11. 130 39
11. 131 35
11. 132 34
11. 133 46
11. 134 40
11. 135 15
11. 136 41
11. 137 28
11. 138 30
11. 139 41
11. 140 41
11. 141 20
11. 142 19
11. 143 26
11. 144 21
11. 145 46
11. 146 36
11. 147 25
11. 148 35
11. 149 34
11. 150 24
11. 151 39
11. 152 45
11. 153 50
11. 154 44
11. 155 43
11. 156 37
11. 157 39
11. 158 46
11. 159 30
11. 160 30
11. 161 13
11. 162 50
11. 163 14
11. 164 36
11. 165 24
11. 166 19
11. 167 27
11. 168 16
11. 169 47
11. 170 25
11. 171 41
11. 172 20
11. 173 20
11. 174 40
11. 175 38
11. 176 27
11. 177 34
11. 178 19
11. 179 18
11. 180 33
11. 181 18
11. 182 31
11. 183 48
11. 184 33
11. 185 31
11. 186 36
11. 187 25
11. 188 36
11. 189 39
11. 190 34
11. 191 21
11. 192 43
11. 193 13
11. 194 48
11. 195 49
11. 196 35
11. 197 42
11. 198 24
11. 199 48
12. 0 12
12. 1 23
12. 2 25
12. 3 41
12. 4 13
12. 5 27
12. 6 29
12. 7 50
12. 8 13
12. 9 26
12. 10 19
12. 11 33
12. 12 44
12. 13 12
12. 14 18
12. 15 45
12. 16 47
12. 17 49
12. 18 15
12. 19 24
12. 20 18
12. 21 49
12. 22 48
12. 23 39
12. 24 40
12. 25 26
12. 26 13
12. 27 47
12. 28 24
12. 29 22
12. 30 21
12. 31 44
12. 32 15
12. 33 10
12. 34 30
12. 35 40
12. 36 29
12. 37 19
12. 38 28
12. 39 33
12. 40 36
12. 41 48
12. 42 44
12. 43 29
12. 44 43
12. 45 45
12. 46 49
12. 47 33
12. 48 44
12. 49 50
12. 50 31
12. 51 30
12. 52 32
12. 53 13
12. 54 44
12. 55 33
12. 56 31
12. 57 32
12. 58 24
12. 59 17
12. 60 39
12. 61 17
12. 62 12
12. 63 18
12. 64 34
12. 65 12
12. 66 14
12. 67 15
12. 68 37
12. 69 27
12. 70 32
12. 71 37
12. 72 16
12. 73 32
12. 74 35
12. 75 23
12. 76 45
12. 77 31
12. 78 21
12. 79 17
12. 80 45
12. 81 10
12. 82 23
12. 83 49
12. 84 10
12. 85 47
12. 86 13
12. 87 31
12. 88 48
12. 89 39
12. 90 49
12. 91 26
12. 92 37
12. 93 48
12. 94 33
12. 95 15
12. 96 22
12. 97 17
12. 98 46
12. 99 46
12. 100 12
12. 101 48
12. 102 28
12. 103 28
12. 104 17
12. 105 21
12. 106 31
12. 107 11
12. 108 31
12. 109 15
12. 110 28
12. 111 41
12. 112 15
12. 113 16
12. 114 26
12. 115 26
12. 116 10
12. 117 29
12. 118 24
12. 119 20
12. 120 26
12. 121 43
12. 122 31
12. 123 41
12. 124 20
12. 125 22
12. 126 30
12. 127 38
12. 128 35
12. 129 44
12. 130 46
12. 131 25
12. 132 14
12. 133 48
12. 134 39
12. 135 14
12. 136 47
12. 137 49
12. 138 41
12. 139 10
12. 140 27
12. 141 12
12. 142 34
12. 143 24
12. 144 24
12. 145 19
12. 146 50
12. 147 49
12. 148 12
12. 149 12
12. 150 12
12. 151 28
12. 152 47
12. 153 29
12. 154 47
12. 155 46
12. 156 37
12. 157 19
12. 158 27
12. 159 46
12. 160 35
12. 161 21
12. 162 30
12. 163 29
12. 164 25
12. 165 42
12. 166 41
12. 167 42
12. 168 15
12. 169 11
12. 170 49
12. 171 13
12. 172 19
12. 173 44
12. 174 40
12. 175 48
12. 176 44
12. 177 43
12. 178 36
12. 179 19
12. 180 41
12. 181 15
12. 182 33
12. 183 38
12. 184 11
12. 185 13
12. 186 28
12. 187 43
12. 188 16
12. 189 45
12. 190 41
12. 191 37
12. 192 46
12. 193 25
12. 194 29
12. 195 29
12. 196 31
12. 197 14
12. 198 44
12. 199 33
13. 0 21
13. 1 41
13. 2 11
13. 3 33
13. 4 41
13. 5 20
13. 6 37
13. 7 30
13. 8 29
13. 9 16
13. 10 20
13. 11 19
13. 12 44
13. 13 28
13. 14 11
13. 15 33
13. 16 50
13. 17 39
13. 18 39
13. 19 15
13. 20 12
13. 21 35
13. 22 41
13. 23 11
13. 24 34
13. 25 42
13. 26 44
13. 27 17
13. 28 20
13. 29 37
13. 30 10
13. 31 31
13. 32 20
13. 33 12
13. 34 22
13. 35 21
13. 36 48
13. 37 22
13. 38 12
13. 39 50
13. 40 42
13. 41 21
13. 42 12
13. 43 32
13. 44 11
13. 45 46
13. 46 29
13. 47 37
13. 48 29
13. 49 16
13. 50 38
13. 51 44
13. 52 43
13. 53 14
13. 54 31
13. 55 47
13. 56 34
13. 57 45
13. 58 12
13. 59 46
13. 60 28
13. 61 33
13. 62 19
13. 63 38
13. 64 37
13. 65 33
13. 66 25
13. 67 27
13. 68 39
13. 69 18
13. 70 29
13. 71 20
13. 72 45
13. 73 45
13. 74 37
13. 75 15
13. 76 20
13. 77 34
13. 78 39
13. 79 30
13. 80 47
13. 81 47
13. 82 37
13. 83 27
13. 84 48
13. 85 14
13. 86 50
13. 87 16
13. 88 19
13. 89 36
13. 90 45
13. 91 22
13. 92 10
13. 93 10
13. 94 20
13. 95 14
13. 96 37
13. 97 38
13. 98 19
13. 99 42
13. 100 18
13. 101 26
13. 102 19
13. 103 20
13. 104 26
13. 105 25
13. 106 11
13. 107 29
13. 108 29
13. 109 49
13. 110 29
13. 111 32
13. 112 19
13. 113 20
13. 114 21
13. 115 46
13. 116 14
13. 117 38
13. 118 46
13. 119 37
13. 120 31
13. 121 48
13. 122 25
13. 123 35
13. 124 50
13. 125 30
13. 126 38
13. 127 39
13. 128 11
13. 129 31
13. 130 16
13. 131 30
13. 132 31
13. 133 31
13. 134 31
13. 135 42
13. 136 36
13. 137 47
13. 138 25
13. 139 30
13. 140 42
13. 141 32
13. 142 21
13. 143 21
13. 144 11
13. 145 13
13. 146 32
13. 147 35
13. 148 50
13. 149 15
13. 150 47
13. 151 19
13. 152 10
13. 153 20
13. 154 12
13. 155 31
13. 156 29
13. 157 39
13. 158 10
13. 159 30
13. 160 13
13. 161 45
13. 162 45
13. 163 21
13. 164 50
13. 165 28
13. 166 28
13. 167 37
13. 168 29
13. 169 25
13. 170 25
13. 171 36
13. 172 24
13. 173 17
13. 174 31
13. 175 15
13. 176 26
13. 177 14
13. 178 41
13. 179 31
13. 180 27
13. 181 47
13. 182 30
13. 183 38
13. 184 46
13. 185 44
13. 186 37
13. 187 16
13. 188 39
13. 189 32
13. 190 32
13. 191 23
13. 192 42
13. 193 19
13. 194 24
13. 195 18
13. 196 49
13. 197 21
13. 198 44
13. 199 38
14. 0 26
14. 1 24
14. 2 50
14. 3 39
14. 4 26
14. 5 44
14. 6 27
14. 7 30
14. 8 15
14. 9 39
14. 10 35
14. 11 49
14. 12 24
14. 13 38
14. 14 50
14. 15 42
14. 16 47
14. 17 34
14. 18 25
14. 19 14
14. 20 10
14. 21 16
14. 22 26
14. 23 15
14. 24 37
14. 25 47
14. 26 47
14. 27 47
14. 28 45
14. 29 23
14. 30 30
14. 31 35
14. 32 27
14. 33 15
14. 34 29
14. 35 15
14. 36 23
14. 37 42
14. 38 12
14. 39 40
14. 40 31
14. 41 10
14. 42 16
14. 43 41
14. 44 39
14. 45 27
14. 46 30
14. 47 20
14. 48 27
14. 49 18
14. 50 37
14. 51 29
14. 52 40
14. 53 46
14. 54 34
14. 55 40
14. 56 46
14. 57 44
14. 58 22
14. 59 29
14. 60 21
14. 61 13
14. 62 48
14. 63 15
14. 64 20
14. 65 40
14. 66 32
14. 67 36
14. 68 32
14. 69 29
14. 70 24
14. 71 19
14. 72 31
14. 73 42
14. 74 39
14. 75 20
14. 76 36
14. 77 18
14. 78 11
14. 79 43
14. 80 27
14. 81 12
14. 82 23
14. 83 41
14. 84 27
14. 85 21
14. 86 50
14. 87 49
14. 88 14
14. 89 39
14. 90 32
14. 91 26
14. 92 44
14. 93 23
14. 94 35
14. 95 49
14. 96 14
14. 97 47
14. 98 16
14. 99 32
14. 100 36
14. 101 33
14. 102 11
14. 103 19
14. 104 36
14. 105 37
14. 106 10
14. 107 17
14. 108 23
14. 109 28
14. 110 29
14. 111 15
14. 112 27
14. 113 20
14. 114 32
14. 115 11
14. 116 35
14. 117 15
14. 118 18
14. 119 35
14. 120 39
14. 121 48
14. 122 50
14. 123 38
14. 124 21
14. 125 10
14. 126 42
14. 127 40
14. 128 44
14. 129 15
14. 130 38
14. 131 34
14. 132 18
14. 133 50
14. 134 40
14. 135 11
14. 136 50
14. 137 44
14. 138 14
14. 139 42
14. 140 11
14. 141 38
14. 142 29
14. 143 45
14. 144 32
14. 145 35
14. 146 45
14. 147 40
14. 148 11
14. 149 28
14. 150 43
14. 151 29
14. 152 33
14. 153 36
14. 154 25
14. 155 45
14. 156 27
14. 157 23
14. 158 33
14. 159 14
14. 160 45
14. 161 33
14. 162 42
14. 163 10
14. 164 50
14. 165 44
14. 166 46
14. 167 47
14. 168 22
14. 169 23
14. 170 25
14. 171 43
14. 172 16
14. 173 40
14. 174 34
14. 175 34
14. 176 33
14. 177 37
14. 178 13
14. 179 44
14. 180 28
14. 181 28
14. 182 16
14. 183 19
14. 184 19
14. 185 37
14. 186 41
14. 187 44
14. 188 18
14. 189 36
14. 190 47
14. 191 37
14. 192 20
14. 193 15
14. 194 31
14. 195 29
14. 196 43
14. 197 27
14. 198 42
14. 199 11
15. 0 45
15. 1 44
15. 2 33
15. 3 25
15. 4 17
15. 5 33
15. 6 17
15. 7 47
15. 8 41
15. 9 37
15. 10 28
15. 11 41
15. 12 40
15. 13 34
15. 14 28
15. 15 33
15. 16 40
15. 17 33
15. 18 34
15. 19 10
15. 20 37
15. 21 36
15. 22 35
15. 23 49
15. 24 34
15. 25 26
15. 26 19
15. 27 15
15. 28 34
15. 29 24
15. 30 33
15. 31 34
15. 32 34
15. 33 42
15. 34 41
15. 35 17
15. 36 36
15. 37 29
15. 38 29
15. 39 25
15. 40 14
15. 41 35
15. 42 29
15. 43 25
15. 44 44
15. 45 31
15. 46 41
15. 47 18
15. 48 44
15. 49 36
15. 50 33
15. 51 21
15. 52 45
15. 53 14
15. 54 23
15. 55 32
15. 56 14
15. 57 40
15. 58 35
15. 59 35
15. 60 23
15. 61 23
15. 62 18
15. 63 41
15. 64 48
15. 65 22
15. 66 26
15. 67 22
15. 68 18
15. 69 45
15. 70 31
15. 71 30
15. 72 13
15. 73 17
15. 74 13
15. 75 12
15. 76 43
15. 77 14
15. 78 50
15. 79 40
15. 80 42
15. 81 45
15. 82 44
15. 83 50
15. 84 12
15. 85 15
15. 86 31
15. 87 46
15. 88 36
15. 89 18
15. 90 42
15. 91 10
15. 92 16
15. 93 25
15. 94 31
15. 95 36
15. 96 11
15. 97 19
15. 98 19
15. 99 24
15. 100 36
15. 101 26
15. 102 20
15. 103 41
15. 104 43
15. 105 42
15. 106 29
15. 107 35
15. 108 43
15. 109 29
15. 110 45
15. 111 42
15. 112 29
15. 113 50
15. 114 44
15. 115 48
15. 116 30
15. 117 50
15. 118 32
15. 119 30
15. 120 32
15. 121 33
15. 122 14
15. 123 46
15. 124 19
15. 125 37
15. 126 17
15. 127 22
15. 128 30
15. 129 18
15. 130 25
15. 131 25
15. 132 41
15. 133 50
15. 134 26
15. 135 35
15. 136 50
15. 137 33
15. 138 19
15. 139 25
15. 140 14
15. 141 47
15. 142 50
15. 143 47
15. 144 26
15. 145 27
15. 146 23
15. 147 28
15. 148 35
15. 149 15
15. 150 31
15. 151 42
15. 152 45
15. 153 22
15. 154 23
15. 155 20
15. 156 45
15. 157 38
15. 158 37
15. 159 44
15. 160 37
15. 161 29
15. 162 21
15. 163 46
15. 164 33
15. 165 39
15. 166 33
15. 167 31
15. 168 47
15. 169 26
15. 170 20
15. 171 12
15. 172 10
15. 173 49
15. 174 41
15. 175 37
15. 176 34
15. 177 23
15. 178 27
15. 179 20
15. 180 46
15. 181 23
15. 182 31
15. 183 17
15. 184 16
15. 185 36
15. 186 32
15. 187 36
15. 188 28
15. 189 11
15. 190 25
15. 191 20
15. 192 25
15. 193 12
15. 194 42
15. 195 45
15. 196 11
15. 197 47
15. 198 17
15. 199 43
16. 0 28
16. 1 42
16. 2 44
16. 3 48
16. 4 49
16. 5 26
16. 6 30
16. 7 32
16. 8 39
16. 9 34
16. 10 36
16. 11 34
16. 12 46
16. 13 30
16. 14 26
16. 15 11
16. 16 36
16. 17 30
16. 18 19
16. 19 50
16. 20 29
16. 21 34
16. 22 29
16. 23 32
16. 24 13
16. 25 38
16. 26 10
16. 27 42
16. 28 22
16. 29 15
16. 30 31
16. 31 46
16. 32 14
16. 33 13
16. 34 34
16. 35 37
16. 36 29
16. 37 16
16. 38 22
16. 39 12
16. 40 13
16. 41 42
16. 42 42
16. 43 16
16. 44 22
16. 45 41
16. 46 43
16. 47 39
16. 48 13
16. 49 31
16. 50 13
16. 51 39
16. 52 29
16. 53 27
16. 54 11
16. 55 37
16. 56 45
16. 57 45
16. 58 27
16. 59 34
16. 60 34
16. 61 15
16. 62 40
16. 63 12
16. 64 50
16. 65 21
16. 66 27
16. 67 29
16. 68 18
16. 69 29
16. 70 15
16. 71 34
16. 72 29
16. 73 20
16. 74 11
16. 75 14
16. 76 46
16. 77 32
16. 78 25
16. 79 31
16. 80 44
16. 81 14
16. 82 22
16. 83 41
16. 84 15
16. 85 45
16. 86 46
16. 87 33
16. 88 23
16. 89 38
16. 90 46
16. 91 36
16. 92 20
16. 93 46
16. 94 42
16. 95 36
16. 96 38
16. 97 13
16. 98 38
16. 99 48
16. 100 44
16. 101 39
16. 102 41
16. 103 35
16. 104 26
16. 105 10
16. 106 44
16. 107 12
16. 108 31
16. 109 26
16. 110 27
16. 111 41
16. 112 47
16. 113 22
16. 114 22
16. 115 30
16. 116 19
16. 117 26
16. 118 43
16. 119 15
16. 120 40
16. 121 14
16. 122 33
16. 123 44
16. 124 37
16. 125 34
16. 126 29
16. 127 47
16. 128 32
16. 129 48
16. 130 49
16. 131 18
16. 132 17
16. 133 31
16. 134 47
16. 135 31
16. 136 44
16. 137 42
16. 138 13
16. 139 14
16. 140 16
16. 141 15
16. 142 19
16. 143 37
16. 144 43
16. 145 48
16. 146 47
16. 147 41
16. 148 35
16. 149 41
16. 150 23
16. 151 19
16. 152 48
16. 153 38
16. 154 10
16. 155 29
16. 156 23
16. 157 38
16. 158 29
16. 159 12
16. 160 26
16. 161 11
16. 162 20
16. 163 44
16. 164 15
16. 165 41
16. 166 10
16. 167 34
16. 168 28
16. 169 13
16. 170 49
16. 171 44
16. 172 43
16. 173 42
16. 174 44
16. 175 28
16. 176 41
16. 177 31
16. 178 21
16. 179 45
16. 180 19
16. 181 48
16. 182 47
16. 183 39
16. 184 23
16. 185 42
16. 186 11
16. 187 25
16. 188 44
16. 189 42
16. 190 20
16. 191 23
16. 192 37
16. 193 19
16. 194 46
16. 195 46
16. 196 38
16. 197 29
16. 198 27
16. 199 19
17. 0 28
17. 1 12
17. 2 10
17. 3 22
17. 4 37
17. 5 35
17. 6 18
17. 7 22
17. 8 28
17. 9 22
17. 10 47
17. 11 32
17. 12 13
17. 13 13
17. 14 41
17. 15 25
17. 16 49
17. 17 28
17. 18 45
17. 19 43
17. 20 46
17. 21 40
17. 22 17
17. 23 46
17. 24 27
17. 25 15
17. 26 32
17. 27 45
17. 28 49
17. 29 49
17. 30 23
17. 31 38
17. 32 37
17. 33 36
17. 34 14
17. 35 50
17. 36 48
17. 37 12
17. 38 13
17. 39 27
17. 40 20
17. 41 19
17. 42 36
17. 43 14
17. 44 25
17. 45 35
17. 46 11
17. 47 50
17. 48 27
17. 49 27
17. 50 13
17. 51 32
17. 52 21
17. 53 36
17. 54 28
17. 55 46
17. 56 22
17. 57 13
17. 58 18
17. 59 40
17. 60 14
17. 61 40
17. 62 40
17. 63 19
17. 64 31
17. 65 28
17. 66 28
17. 67 45
17. 68 49
17. 69 43
17. 70 12
17. 71 46
17. 72 14
17. 73 10
17. 74 37
17. 75 19
17. 76 21
17. 77 14
17. 78 35
17. 79 23
17. 80 49
17. 81 18
17. 82 31
17. 83 40
17. 84 46
17. 85 42
17. 86 13
17. 87 26
17. 88 32
17. 89 13
17. 90 20
17. 91 50
17. 92 27
17. 93 30
17. 94 31
17. 95 13
17. 96 50
17. 97 43
17. 98 36
17. 99 25
17. 100 17
17. 101 41
17. 102 35
17. 103 42
17. 104 30
17. 105 10
17. 106 30
17. 107 15
17. 108 15
17. 109 27
17. 110 24
17. 111 12
17. 112 24
17. 113 50
17. 114 30
17. 115 14
17. 116 36
17. 117 37
17. 118 49
17. 119 32
17. 120 50
17. 121 48
17. 122 26
17. 123 30
17. 124 20
17. 125 17
17. 126 27
17. 127 27
17. 128 38
17. 129 43
17. 130 33
17. 131 27
17. 132 13
17. 133 12
17. 134 12
17. 135 19
17. 136 35
17. 137 25
17. 138 50
17. 139 28
17. 140 25
17. 141 35
17. 142 44
17. 143 46
17. 144 50
17. 145 39
17. 146 31
17. 147 42
17. 148 37
17. 149 11
17. 150 43
17. 151 25
17. 152 10
17. 153 13
17. 154 36
17. 155 38
17. 156 13
17. 157 50
17. 158 49
17. 159 29
17. 160 44
17. 161 19
17. 162 30
17. 163 27
17. 164 22
17. 165 11
17. 166 30
17. 167 19
17. 168 15
17. 169 47
17. 170 26
17. 171 21
17. 172 30
17. 173 48
17. 174 34
17. 175 29
17. 176 46
17. 177 10
17. 178 33
17. 179 25
17. 180 12
17. 181 43
17. 182 17
17. 183 45
17. 184 37
17. 185 39
17. 186 26
17. 187 26
17. 188 29
17. 189 20
17. 190 32
17. 191 22
17. 192 18
17. 193 32
17. 194 11
17. 195 18
17. 196 31
17. 197 19
17. 198 49
17. 199 42
18. 0 25
18. 1 18
18. 2 20
18. 3 20
18. 4 14
18. 5 45
18. 6 46
18. 7 26
18. 8 35
18. 9 19
18. 10 46
18. 11 50
18. 12 15
18. 13 17
18. 14 29
18. 15 11
18. 16 32
18. 17 41
18. 18 26
18. 19 49
18. 20 12
18. 21 34
18. 22 26
18. 23 12
18. 24 16
18. 25 10
18. 26 14
18. 27 13
18. 28 33
18. 29 27
18. 30 19
18. 31 46
18. 32 20
18. 33 30
18. 34 29
18. 35 27
18. 36 47
18. 37 15
18. 38 47
18. 39 22
18. 40 24
18. 41 28
18. 42 13
18. 43 15
18. 44 18
18. 45 31
18. 46 49
18. 47 43
18. 48 44
18. 49 45
18. 50 39
18. 51 17
18. 52 33
18. 53 44
18. 54 37
18. 55 42
18. 56 37
18. 57 31
18. 58 10
18. 59 44
18. 60 23
18. 61 36
18. 62 10
18. 63 27
18. 64 20
18. 65 42
18. 66 22
18. 67 22
18. 68 37
18. 69 36
18. 70 38
18. 71 38
18. 72 45
18. 73 29
18. 74 16
18. 75 45
18. 76 39
18. 77 28
18. 78 39
18. 79 16
18. 80 25
18. 81 25
18. 82 41
18. 83 21
18. 84 46
18. 85 50
18. 86 19
18. 87 33
18. 88 23
18. 89 41
18. 90 24
18. 91 40
18. 92 42
18. 93 12
18. 94 42
18. 95 24
18. 96 29
18. 97 43
18. 98 24
18. 99 46
18. 100 22
18. 101 33
18. 102 11
18. 103 15
18. 104 31
18. 105 44
18. 106 24
18. 107 38
18. 108 17
18. 109 42
18. 110 37
18. 111 49
18. 112 31
18. 113 23
18. 114 23
18. 115 11
18. 116 47
18. 117 23
18. 118 45
18. 119 24
18. 120 22
18. 121 13
18. 122 15
18. 123 31
18. 124 10
18. 125 15
18. 126 48
18. 127 31
18. 128 34
18. 129 50
18. 130 30
18. 131 37
18. 132 42
18. 133 20
18. 134 37
18. 135 14
18. 136 22
18. 137 40
18. 138 24
18. 139 31
18. 140 21
18. 141 33
18. 142 36
18. 143 11
18. 144 20
18. 145 32
18. 146 29
18. 147 36
18. 148 37
18. 149 23
18. 150 18
18. 151 17
18. 152 23
18. 153 35
18. 154 37
18. 155 24
18. 156 18
18. 157 30
18. 158 38
18. 159 42
18. 160 47
18. 161 28
18. 162 13
18. 163 33
18. 164 17
18. 165 21
18. 166 16
18. 167 12
18. 168 40
18. 169 15
18. 170 15
18. 171 43
18. 172 37
18. 173 13
18. 174 19
18. 175 20
18. 176 16
18. 177 31
18. 178 38
18. 179 41
18. 180 22
18. 181 36
18. 182 38
18. 183 48
18. 184 41
18. 185 15
18. 186 34
18. 187 46
18. 188 34
18. 189 12
18. 190 12
18. 191 50
18. 192 21
18. 193 12
18. 194 37
18. 195 50
18. 196 37
18. 197 28
18. 198 43
18. 199 28
19. 0 50
19. 1 39
19. 2 11
19. 3 29
19. 4 18
19. 5 41
19. 6 47
19. 7 26
19. 8 27
19. 9 30
19. 10 40
19. 11 31
19. 12 10
19. 13 19
19. 14 37
19. 15 34
19. 16 33
19. 17 18
19. 18 48
19. 19 21
19. 20 33
19. 21 45
19. 22 49
19. 23 44
19. 24 17
19. 25 27
19. 26 21
19. 27 43
19. 28 29
19. 29 42
19. 30 48
19. 31 36
19. 32 41
19. 33 46
19. 34 39
19. 35 44
19. 36 43
19. 37 24
19. 38 10
19. 39 20
19. 40 42
19. 41 26
19. 42 42
19. 43 31
19. 44 13
19. 45 17
19. 46 20
19. 47 50
19. 48 20
19. 49 11
19. 50 12
19. 51 15
19. 52 34
19. 53 20
19. 54 13
19. 55 17
19. 56 37
19. 57 44
19. 58 17
19. 59 24
19. 60 50
19. 61 31
19. 62 32
19. 63 11
19. 64 28
19. 65 39
19. 66 19
19. 67 40
19. 68 28
19. 69 39
19. 70 37
19. 71 32
19. 72 35
19. 73 47
19. 74 21
19. 75 46
19. 76 49
19. 77 46
19. 78 28
19. 79 10
19. 80 49
19. 81 35
19. 82 35
19. 83 30
19. 84 17
19. 85 40
19. 86 12
19. 87 37
19. 88 26
19. 89 24
19. 90 12
19. 91 28
19. 92 36
19. 93 15
19. 94 34
19. 95 49
19. 96 48
19. 97 12
19. 98 47
19. 99 31
19. 100 19
19. 101 12
19. 102 46
19. 103 49
19. 104 46
19. 105 26
19. 106 13
19. 107 14
19. 108 14
19. 109 45
19. 110 13
19. 111 29
19. 112 27
19. 113 37
19. 114 37
19. 115 48
19. 116 10
19. 117 13
19. 118 22
19. 119 10
19. 120 35
19. 121 36
19. 122 46
19. 123 25
19. 124 10
19. 125 20
19. 126 42
19. 127 39
19. 128 41
19. 129 28
19. 130 30
19. 131 47
19. 132 24
19. 133 38
19. 134 30
19. 135 18
19. 136 14
19. 137 49
19. 138 23
19. 139 19
19. 140 14
19. 141 47
19. 142 44
19. 143 16
19. 144 49
19. 145 32
19. 146 33
19. 147 27
19. 148 43
19. 149 18
19. 150 12
19. 151 45
19. 152 17
19. 153 20
19. 154 10
19. 155 46
19. 156 37
19. 157 43
19. 158 43
19. 159 33
19. 160 11
19. 161 16
19. 162 50
19. 163 16
19. 164 14
19. 165 18
19. 166 19
19. 167 46
19. 168 27
19. 169 27
19. 170 33
19. 171 39
19. 172 38
19. 173 12
19. 174 20
19. 175 44
19. 176 29
19. 177 25
19. 178 13
19. 179 28
19. 180 27
19. 181 24
19. 182 27
19. 183 44
19. 184 30
19. 185 21
19. 186 14
19. 187 16
19. 188 26
19. 189 47
19. 190 11
19. 191 42
19. 192 29
19. 193 16
19. 194 44
19. 195 10
19. 196 44
19. 197 24
19. 198 33
19. 199 36
/;
parameter a(i,j)/
0. 0 24
0. 1 5
0. 2 17
0. 3 22
0. 4 24
0. 5 22
0. 6 18
0. 7 8
0. 8 10
0. 9 10
0. 10 15
0. 11 12
0. 12 21
0. 13 19
0. 14 9
0. 15 12
0. 16 8
0. 17 8
0. 18 14
0. 19 10
0. 20 19
0. 21 25
0. 22 6
0. 23 19
0. 24 6
0. 25 21
0. 26 8
0. 27 22
0. 28 12
0. 29 13
0. 30 12
0. 31 14
0. 32 12
0. 33 6
0. 34 13
0. 35 8
0. 36 6
0. 37 24
0. 38 13
0. 39 8
0. 40 5
0. 41 24
0. 42 17
0. 43 18
0. 44 23
0. 45 16
0. 46 17
0. 47 21
0. 48 21
0. 49 9
0. 50 22
0. 51 14
0. 52 12
0. 53 8
0. 54 12
0. 55 13
0. 56 6
0. 57 11
0. 58 6
0. 59 24
0. 60 15
0. 61 7
0. 62 20
0. 63 10
0. 64 8
0. 65 22
0. 66 6
0. 67 22
0. 68 13
0. 69 5
0. 70 11
0. 71 8
0. 72 6
0. 73 7
0. 74 5
0. 75 12
0. 76 20
0. 77 25
0. 78 12
0. 79 7
0. 80 7
0. 81 20
0. 82 17
0. 83 25
0. 84 7
0. 85 22
0. 86 18
0. 87 22
0. 88 18
0. 89 12
0. 90 9
0. 91 18
0. 92 17
0. 93 17
0. 94 11
0. 95 22
0. 96 14
0. 97 10
0. 98 16
0. 99 6
0. 100 17
0. 101 12
0. 102 11
0. 103 17
0. 104 9
0. 105 8
0. 106 6
0. 107 19
0. 108 9
0. 109 10
0. 110 6
0. 111 20
0. 112 16
0. 113 6
0. 114 24
0. 115 23
0. 116 20
0. 117 9
0. 118 23
0. 119 24
0. 120 14
0. 121 7
0. 122 11
0. 123 12
0. 124 24
0. 125 20
0. 126 6
0. 127 13
0. 128 22
0. 129 7
0. 130 7
0. 131 15
0. 132 12
0. 133 11
0. 134 9
0. 135 22
0. 136 22
0. 137 25
0. 138 7
0. 139 11
0. 140 6
0. 141 7
0. 142 7
0. 143 24
0. 144 6
0. 145 12
0. 146 9
0. 147 13
0. 148 23
0. 149 24
0. 150 20
0. 151 16
0. 152 20
0. 153 16
0. 154 17
0. 155 24
0. 156 24
0. 157 20
0. 158 22
0. 159 10
0. 160 19
0. 161 22
0. 162 14
0. 163 8
0. 164 15
0. 165 16
0. 166 19
0. 167 11
0. 168 5
0. 169 14
0. 170 6
0. 171 10
0. 172 12
0. 173 10
0. 174 21
0. 175 22
0. 176 9
0. 177 12
0. 178 13
0. 179 14
0. 180 15
0. 181 19
0. 182 21
0. 183 16
0. 184 11
0. 185 8
0. 186 16
0. 187 19
0. 188 6
0. 189 6
0. 190 9
0. 191 18
0. 192 20
0. 193 17
0. 194 15
0. 195 20
0. 196 23
0. 197 22
0. 198 10
0. 199 13
1. 0 13
1. 1 24
1. 2 6
1. 3 7
1. 4 6
1. 5 20
1. 6 6
1. 7 21
1. 8 8
1. 9 18
1. 10 15
1. 11 11
1. 12 14
1. 13 12
1. 14 14
1. 15 21
1. 16 18
1. 17 13
1. 18 7
1. 19 15
1. 20 25
1. 21 12
1. 22 19
1. 23 20
1. 24 16
1. 25 10
1. 26 18
1. 27 8
1. 28 15
1. 29 11
1. 30 8
1. 31 12
1. 32 9
1. 33 19
1. 34 20
1. 35 24
1. 36 12
1. 37 22
1. 38 24
1. 39 24
1. 40 18
1. 41 13
1. 42 6
1. 43 21
1. 44 23
1. 45 10
1. 46 5
1. 47 7
1. 48 19
1. 49 9
1. 50 13
1. 51 16
1. 52 11
1. 53 14
1. 54 19
1. 55 20
1. 56 6
1. 57 14
1. 58 14
1. 59 6
1. 60 15
1. 61 9
1. 62 19
1. 63 15
1. 64 10
1. 65 17
1. 66 24
1. 67 10
1. 68 15
1. 69 24
1. 70 8
1. 71 13
1. 72 25
1. 73 18
1. 74 25
1. 75 7
1. 76 21
1. 77 18
1. 78 16
1. 79 10
1. 80 7
1. 81 13
1. 82 6
1. 83 18
1. 84 23
1. 85 12
1. 86 12
1. 87 22
1. 88 5
1. 89 14
1. 90 5
1. 91 12
1. 92 5
1. 93 7
1. 94 21
1. 95 7
1. 96 25
1. 97 10
1. 98 22
1. 99 25
1. 100 21
1. 101 22
1. 102 12
1. 103 13
1. 104 7
1. 105 5
1. 106 12
1. 107 5
1. 108 16
1. 109 9
1. 110 5
1. 111 24
1. 112 8
1. 113 14
1. 114 24
1. 115 25
1. 116 16
1. 117 14
1. 118 20
1. 119 5
1. 120 17
1. 121 12
1. 122 19
1. 123 14
1. 124 12
1. 125 18
1. 126 12
1. 127 13
1. 128 11
1. 129 6
1. 130 5
1. 131 17
1. 132 18
1. 133 12
1. 134 24
1. 135 24
1. 136 18
1. 137 25
1. 138 21
1. 139 19
1. 140 12
1. 141 21
1. 142 8
1. 143 24
1. 144 16
1. 145 17
1. 146 9
1. 147 8
1. 148 10
1. 149 10
1. 150 19
1. 151 15
1. 152 18
1. 153 23
1. 154 7
1. 155 12
1. 156 22
1. 157 22
1. 158 7
1. 159 17
1. 160 24
1. 161 6
1. 162 13
1. 163 5
1. 164 17
1. 165 17
1. 166 9
1. 167 7
1. 168 18
1. 169 16
1. 170 6
1. 171 20
1. 172 20
1. 173 13
1. 174 20
1. 175 23
1. 176 20
1. 177 19
1. 178 17
1. 179 13
1. 180 8
1. 181 13
1. 182 24
1. 183 9
1. 184 16
1. 185 15
1. 186 13
1. 187 13
1. 188 25
1. 189 21
1. 190 17
1. 191 21
1. 192 25
1. 193 25
1. 194 10
1. 195 17
1. 196 10
1. 197 25
1. 198 12
1. 199 25
2. 0 21
2. 1 17
2. 2 15
2. 3 11
2. 4 7
2. 5 12
2. 6 6
2. 7 14
2. 8 19
2. 9 14
2. 10 23
2. 11 12
2. 12 12
2. 13 24
2. 14 5
2. 15 10
2. 16 12
2. 17 14
2. 18 24
2. 19 15
2. 20 11
2. 21 23
2. 22 10
2. 23 8
2. 24 10
2. 25 13
2. 26 8
2. 27 9
2. 28 11
2. 29 5
2. 30 12
2. 31 15
2. 32 14
2. 33 19
2. 34 17
2. 35 5
2. 36 7
2. 37 6
2. 38 17
2. 39 9
2. 40 25
2. 41 8
2. 42 14
2. 43 5
2. 44 6
2. 45 5
2. 46 13
2. 47 17
2. 48 19
2. 49 17
2. 50 12
2. 51 24
2. 52 15
2. 53 20
2. 54 10
2. 55 22
2. 56 8
2. 57 15
2. 58 7
2. 59 7
2. 60 18
2. 61 15
2. 62 25
2. 63 19
2. 64 15
2. 65 7
2. 66 10
2. 67 24
2. 68 15
2. 69 11
2. 70 13
2. 71 22
2. 72 22
2. 73 24
2. 74 23
2. 75 5
2. 76 19
2. 77 25
2. 78 10
2. 79 8
2. 80 19
2. 81 18
2. 82 22
2. 83 14
2. 84 11
2. 85 7
2. 86 19
2. 87 22
2. 88 19
2. 89 9
2. 90 11
2. 91 9
2. 92 5
2. 93 13
2. 94 25
2. 95 14
2. 96 14
2. 97 23
2. 98 20
2. 99 15
2. 100 25
2. 101 25
2. 102 16
2. 103 22
2. 104 25
2. 105 16
2. 106 6
2. 107 11
2. 108 19
2. 109 14
2. 110 21
2. 111 23
2. 112 8
2. 113 22
2. 114 21
2. 115 13
2. 116 15
2. 117 8
2. 118 16
2. 119 10
2. 120 12
2. 121 9
2. 122 14
2. 123 19
2. 124 15
2. 125 25
2. 126 21
2. 127 19
2. 128 13
2. 129 18
2. 130 17
2. 131 22
2. 132 14
2. 133 10
2. 134 23
2. 135 20
2. 136 21
2. 137 16
2. 138 13
2. 139 13
2. 140 15
2. 141 9
2. 142 22
2. 143 19
2. 144 16
2. 145 11
2. 146 23
2. 147 15
2. 148 6
2. 149 5
2. 150 17
2. 151 6
2. 152 12
2. 153 23
2. 154 14
2. 155 9
2. 156 8
2. 157 17
2. 158 22
2. 159 11
2. 160 6
2. 161 22
2. 162 22
2. 163 11
2. 164 24
2. 165 14
2. 166 6
2. 167 5
2. 168 9
2. 169 8
2. 170 15
2. 171 11
2. 172 22
2. 173 13
2. 174 9
2. 175 13
2. 176 22
2. 177 22
2. 178 12
2. 179 24
2. 180 6
2. 181 10
2. 182 13
2. 183 10
2. 184 14
2. 185 10
2. 186 18
2. 187 7
2. 188 8
2. 189 25
2. 190 10
2. 191 8
2. 192 18
2. 193 18
2. 194 19
2. 195 23
2. 196 15
2. 197 8
2. 198 19
2. 199 8
3. 0 22
3. 1 12
3. 2 12
3. 3 12
3. 4 13
3. 5 10
3. 6 16
3. 7 23
3. 8 16
3. 9 25
3. 10 16
3. 11 12
3. 12 16
3. 13 15
3. 14 14
3. 15 20
3. 16 25
3. 17 9
3. 18 20
3. 19 24
3. 20 22
3. 21 24
3. 22 9
3. 23 5
3. 24 6
3. 25 24
3. 26 21
3. 27 25
3. 28 10
3. 29 9
3. 30 6
3. 31 17
3. 32 21
3. 33 21
3. 34 10
3. 35 16
3. 36 5
3. 37 9
3. 38 11
3. 39 23
3. 40 23
3. 41 23
3. 42 12
3. 43 24
3. 44 20
3. 45 18
3. 46 6
3. 47 15
3. 48 23
3. 49 9
3. 50 19
3. 51 22
3. 52 14
3. 53 17
3. 54 14
3. 55 19
3. 56 22
3. 57 10
3. 58 6
3. 59 15
3. 60 16
3. 61 17
3. 62 15
3. 63 19
3. 64 22
3. 65 21
3. 66 24
3. 67 8
3. 68 16
3. 69 25
3. 70 22
3. 71 9
3. 72 17
3. 73 15
3. 74 21
3. 75 9
3. 76 25
3. 77 23
3. 78 12
3. 79 13
3. 80 19
3. 81 17
3. 82 23
3. 83 14
3. 84 15
3. 85 10
3. 86 22
3. 87 24
3. 88 24
3. 89 24
3. 90 23
3. 91 19
3. 92 18
3. 93 16
3. 94 5
3. 95 23
3. 96 10
3. 97 16
3. 98 12
3. 99 7
3. 100 6
3. 101 14
3. 102 10
3. 103 17
3. 104 5
3. 105 16
3. 106 14
3. 107 12
3. 108 18
3. 109 16
3. 110 12
3. 111 10
3. 112 16
3. 113 10
3. 114 25
3. 115 22
3. 116 15
3. 117 14
3. 118 22
3. 119 14
3. 120 5
3. 121 25
3. 122 23
3. 123 14
3. 124 6
3. 125 16
3. 126 15
3. 127 14
3. 128 6
3. 129 23
3. 130 24
3. 131 18
3. 132 17
3. 133 22
3. 134 16
3. 135 20
3. 136 8
3. 137 12
3. 138 6
3. 139 23
3. 140 10
3. 141 7
3. 142 24
3. 143 24
3. 144 9
3. 145 24
3. 146 5
3. 147 15
3. 148 8
3. 149 24
3. 150 25
3. 151 24
3. 152 13
3. 153 8
3. 154 5
3. 155 6
3. 156 11
3. 157 10
3. 158 21
3. 159 20
3. 160 19
3. 161 11
3. 162 12
3. 163 16
3. 164 13
3. 165 14
3. 166 18
3. 167 11
3. 168 16
3. 169 6
3. 170 24
3. 171 21
3. 172 12
3. 173 15
3. 174 18
3. 175 9
3. 176 24
3. 177 5
3. 178 13
3. 179 15
3. 180 9
3. 181 18
3. 182 14
3. 183 5
3. 184 23
3. 185 24
3. 186 19
3. 187 9
3. 188 5
3. 189 17
3. 190 14
3. 191 25
3. 192 11
3. 193 7
3. 194 18
3. 195 5
3. 196 19
3. 197 23
3. 198 7
3. 199 24
4. 0 11
4. 1 15
4. 2 13
4. 3 16
4. 4 19
4. 5 18
4. 6 7
4. 7 22
4. 8 19
4. 9 17
4. 10 22
4. 11 10
4. 12 13
4. 13 20
4. 14 13
4. 15 13
4. 16 24
4. 17 14
4. 18 16
4. 19 7
4. 20 24
4. 21 18
4. 22 24
4. 23 14
4. 24 17
4. 25 10
4. 26 10
4. 27 22
4. 28 23
4. 29 23
4. 30 16
4. 31 10
4. 32 8
4. 33 8
4. 34 14
4. 35 7
4. 36 25
4. 37 20
4. 38 20
4. 39 15
4. 40 24
4. 41 17
4. 42 12
4. 43 20
4. 44 20
4. 45 20
4. 46 20
4. 47 18
4. 48 15
4. 49 18
4. 50 18
4. 51 15
4. 52 23
4. 53 20
4. 54 15
4. 55 12
4. 56 23
4. 57 15
4. 58 24
4. 59 8
4. 60 14
4. 61 15
4. 62 12
4. 63 23
4. 64 15
4. 65 12
4. 66 9
4. 67 24
4. 68 6
4. 69 10
4. 70 18
4. 71 25
4. 72 21
4. 73 14
4. 74 14
4. 75 12
4. 76 10
4. 77 7
4. 78 12
4. 79 11
4. 80 11
4. 81 7
4. 82 11
4. 83 16
4. 84 20
4. 85 14
4. 86 11
4. 87 23
4. 88 6
4. 89 9
4. 90 19
4. 91 17
4. 92 24
4. 93 24
4. 94 19
4. 95 10
4. 96 8
4. 97 25
4. 98 10
4. 99 23
4. 100 5
4. 101 24
4. 102 24
4. 103 24
4. 104 24
4. 105 17
4. 106 21
4. 107 25
4. 108 25
4. 109 21
4. 110 21
4. 111 23
4. 112 16
4. 113 8
4. 114 10
4. 115 21
4. 116 16
4. 117 16
4. 118 12
4. 119 8
4. 120 17
4. 121 15
4. 122 25
4. 123 11
4. 124 5
4. 125 19
4. 126 19
4. 127 25
4. 128 19
4. 129 22
4. 130 15
4. 131 11
4. 132 22
4. 133 15
4. 134 14
4. 135 24
4. 136 19
4. 137 23
4. 138 16
4. 139 25
4. 140 8
4. 141 22
4. 142 17
4. 143 24
4. 144 25
4. 145 24
4. 146 18
4. 147 13
4. 148 14
4. 149 25
4. 150 13
4. 151 12
4. 152 18
4. 153 11
4. 154 17
4. 155 22
4. 156 14
4. 157 13
4. 158 8
4. 159 16
4. 160 9
4. 161 9
4. 162 8
4. 163 5
4. 164 18
4. 165 8
4. 166 5
4. 167 17
4. 168 24
4. 169 7
4. 170 7
4. 171 7
4. 172 7
4. 173 14
4. 174 5
4. 175 23
4. 176 6
4. 177 7
4. 178 20
4. 179 23
4. 180 17
4. 181 25
4. 182 8
4. 183 15
4. 184 21
4. 185 8
4. 186 17
4. 187 10
4. 188 6
4. 189 24
4. 190 25
4. 191 12
4. 192 13
4. 193 12
4. 194 20
4. 195 12
4. 196 20
4. 197 8
4. 198 8
4. 199 16
5. 0 7
5. 1 20
5. 2 11
5. 3 21
5. 4 9
5. 5 9
5. 6 12
5. 7 9
5. 8 21
5. 9 9
5. 10 13
5. 11 11
5. 12 10
5. 13 25
5. 14 7
5. 15 18
5. 16 11
5. 17 13
5. 18 16
5. 19 7
5. 20 22
5. 21 13
5. 22 18
5. 23 22
5. 24 17
5. 25 6
5. 26 10
5. 27 5
5. 28 13
5. 29 7
5. 30 12
5. 31 10
5. 32 12
5. 33 23
5. 34 9
5. 35 18
5. 36 24
5. 37 22
5. 38 16
5. 39 11
5. 40 19
5. 41 14
5. 42 18
5. 43 7
5. 44 23
5. 45 17
5. 46 19
5. 47 23
5. 48 8
5. 49 25
5. 50 7
5. 51 12
5. 52 20
5. 53 8
5. 54 17
5. 55 14
5. 56 18
5. 57 24
5. 58 24
5. 59 11
5. 60 7
5. 61 20
5. 62 22
5. 63 11
5. 64 9
5. 65 13
5. 66 12
5. 67 24
5. 68 23
5. 69 8
5. 70 14
5. 71 16
5. 72 6
5. 73 21
5. 74 24
5. 75 12
5. 76 23
5. 77 20
5. 78 25
5. 79 8
5. 80 20
5. 81 18
5. 82 16
5. 83 14
5. 84 24
5. 85 20
5. 86 8
5. 87 15
5. 88 5
5. 89 9
5. 90 12
5. 91 24
5. 92 13
5. 93 25
5. 94 20
5. 95 7
5. 96 6
5. 97 24
5. 98 15
5. 99 13
5. 100 20
5. 101 14
5. 102 20
5. 103 11
5. 104 17
5. 105 22
5. 106 5
5. 107 13
5. 108 23
5. 109 14
5. 110 6
5. 111 14
5. 112 6
5. 113 23
5. 114 11
5. 115 12
5. 116 19
5. 117 23
5. 118 14
5. 119 11
5. 120 23
5. 121 24
5. 122 14
5. 123 25
5. 124 22
5. 125 6
5. 126 6
5. 127 8
5. 128 19
5. 129 20
5. 130 23
5. 131 7
5. 132 9
5. 133 5
5. 134 6
5. 135 22
5. 136 19
5. 137 25
5. 138 6
5. 139 9
5. 140 15
5. 141 6
5. 142 22
5. 143 19
5. 144 23
5. 145 23
5. 146 9
5. 147 14
5. 148 9
5. 149 16
5. 150 13
5. 151 9
5. 152 21
5. 153 21
5. 154 17
5. 155 7
5. 156 8
5. 157 12
5. 158 16
5. 159 22
5. 160 16
5. 161 23
5. 162 24
5. 163 22
5. 164 10
5. 165 14
5. 166 20
5. 167 14
5. 168 11
5. 169 11
5. 170 16
5. 171 6
5. 172 17
5. 173 6
5. 174 25
5. 175 20
5. 176 12
5. 177 14
5. 178 14
5. 179 16
5. 180 5
5. 181 25
5. 182 23
5. 183 14
5. 184 6
5. 185 11
5. 186 13
5. 187 15
5. 188 9
5. 189 16
5. 190 23
5. 191 16
5. 192 18
5. 193 7
5. 194 16
5. 195 16
5. 196 21
5. 197 17
5. 198 25
5. 199 14
6. 0 5
6. 1 17
6. 2 9
6. 3 24
6. 4 23
6. 5 9
6. 6 8
6. 7 15
6. 8 12
6. 9 10
6. 10 16
6. 11 6
6. 12 16
6. 13 17
6. 14 16
6. 15 10
6. 16 17
6. 17 16
6. 18 22
6. 19 19
6. 20 23
6. 21 14
6. 22 16
6. 23 19
6. 24 19
6. 25 24
6. 26 23
6. 27 22
6. 28 21
6. 29 13
6. 30 24
6. 31 25
6. 32 5
6. 33 12
6. 34 10
6. 35 5
6. 36 13
6. 37 14
6. 38 19
6. 39 22
6. 40 11
6. 41 18
6. 42 11
6. 43 21
6. 44 14
6. 45 5
6. 46 22
6. 47 22
6. 48 21
6. 49 15
6. 50 8
6. 51 19
6. 52 7
6. 53 7
6. 54 22
6. 55 15
6. 56 22
6. 57 14
6. 58 14
6. 59 22
6. 60 15
6. 61 9
6. 62 15
6. 63 10
6. 64 25
6. 65 23
6. 66 8
6. 67 7
6. 68 9
6. 69 25
6. 70 24
6. 71 16
6. 72 9
6. 73 18
6. 74 5
6. 75 24
6. 76 12
6. 77 7
6. 78 8
6. 79 13
6. 80 19
6. 81 19
6. 82 8
6. 83 6
6. 84 5
6. 85 23
6. 86 5
6. 87 11
6. 88 24
6. 89 18
6. 90 10
6. 91 24
6. 92 7
6. 93 13
6. 94 13
6. 95 14
6. 96 10
6. 97 7
6. 98 21
6. 99 15
6. 100 12
6. 101 8
6. 102 23
6. 103 12
6. 104 19
6. 105 25
6. 106 9
6. 107 10
6. 108 6
6. 109 25
6. 110 18
6. 111 6
6. 112 24
6. 113 14
6. 114 21
6. 115 20
6. 116 22
6. 117 9
6. 118 6
6. 119 12
6. 120 13
6. 121 6
6. 122 12
6. 123 7
6. 124 25
6. 125 20
6. 126 11
6. 127 18
6. 128 23
6. 129 20
6. 130 11
6. 131 24
6. 132 8
6. 133 17
6. 134 16
6. 135 5
6. 136 24
6. 137 8
6. 138 21
6. 139 5
6. 140 14
6. 141 21
6. 142 12
6. 143 24
6. 144 21
6. 145 22
6. 146 13
6. 147 9
6. 148 20
6. 149 22
6. 150 23
6. 151 23
6. 152 9
6. 153 7
6. 154 14
6. 155 24
6. 156 15
6. 157 6
6. 158 18
6. 159 25
6. 160 10
6. 161 7
6. 162 10
6. 163 15
6. 164 23
6. 165 8
6. 166 19
6. 167 11
6. 168 21
6. 169 13
6. 170 24
6. 171 23
6. 172 16
6. 173 9
6. 174 9
6. 175 7
6. 176 6
6. 177 16
6. 178 19
6. 179 12
6. 180 9
6. 181 19
6. 182 7
6. 183 7
6. 184 5
6. 185 23
6. 186 13
6. 187 8
6. 188 8
6. 189 16
6. 190 19
6. 191 16
6. 192 16
6. 193 13
6. 194 15
6. 195 23
6. 196 25
6. 197 24
6. 198 25
6. 199 22
7. 0 18
7. 1 18
7. 2 10
7. 3 24
7. 4 11
7. 5 23
7. 6 22
7. 7 17
7. 8 8
7. 9 8
7. 10 20
7. 11 17
7. 12 17
7. 13 24
7. 14 12
7. 15 9
7. 16 25
7. 17 6
7. 18 14
7. 19 10
7. 20 19
7. 21 14
7. 22 18
7. 23 11
7. 24 16
7. 25 14
7. 26 9
7. 27 10
7. 28 24
7. 29 6
7. 30 22
7. 31 11
7. 32 15
7. 33 15
7. 34 20
7. 35 23
7. 36 5
7. 37 20
7. 38 23
7. 39 14
7. 40 7
7. 41 22
7. 42 23
7. 43 22
7. 44 16
7. 45 24
7. 46 25
7. 47 10
7. 48 24
7. 49 9
7. 50 9
7. 51 6
7. 52 18
7. 53 13
7. 54 14
7. 55 11
7. 56 14
7. 57 20
7. 58 5
7. 59 9
7. 60 12
7. 61 8
7. 62 18
7. 63 10
7. 64 23
7. 65 11
7. 66 17
7. 67 19
7. 68 22
7. 69 5
7. 70 19
7. 71 18
7. 72 16
7. 73 13
7. 74 23
7. 75 11
7. 76 19
7. 77 11
7. 78 11
7. 79 13
7. 80 8
7. 81 16
7. 82 17
7. 83 23
7. 84 24
7. 85 8
7. 86 24
7. 87 15
7. 88 10
7. 89 18
7. 90 21
7. 91 20
7. 92 25
7. 93 23
7. 94 16
7. 95 13
7. 96 5
7. 97 9
7. 98 13
7. 99 5
7. 100 7
7. 101 6
7. 102 17
7. 103 7
7. 104 18
7. 105 17
7. 106 21
7. 107 22
7. 108 21
7. 109 23
7. 110 12
7. 111 19
7. 112 19
7. 113 25
7. 114 24
7. 115 16
7. 116 14
7. 117 20
7. 118 20
7. 119 22
7. 120 13
7. 121 5
7. 122 21
7. 123 13
7. 124 15
7. 125 7
7. 126 15
7. 127 9
7. 128 19
7. 129 24
7. 130 9
7. 131 22
7. 132 12
7. 133 15
7. 134 17
7. 135 23
7. 136 8
7. 137 20
7. 138 6
7. 139 19
7. 140 17
7. 141 19
7. 142 5
7. 143 8
7. 144 7
7. 145 9
7. 146 22
7. 147 10
7. 148 7
7. 149 11
7. 150 14
7. 151 9
7. 152 25
7. 153 20
7. 154 17
7. 155 9
7. 156 24
7. 157 6
7. 158 14
7. 159 9
7. 160 9
7. 161 5
7. 162 11
7. 163 19
7. 164 5
7. 165 8
7. 166 18
7. 167 19
7. 168 16
7. 169 24
7. 170 13
7. 171 18
7. 172 8
7. 173 25
7. 174 9
7. 175 23
7. 176 17
7. 177 16
7. 178 11
7. 179 20
7. 180 5
7. 181 11
7. 182 13
7. 183 16
7. 184 20
7. 185 7
7. 186 7
7. 187 18
7. 188 8
7. 189 6
7. 190 5
7. 191 23
7. 192 17
7. 193 19
7. 194 10
7. 195 14
7. 196 21
7. 197 5
7. 198 17
7. 199 15
8. 0 21
8. 1 23
8. 2 5
8. 3 22
8. 4 13
8. 5 8
8. 6 13
8. 7 21
8. 8 22
8. 9 7
8. 10 17
8. 11 9
8. 12 12
8. 13 13
8. 14 21
8. 15 17
8. 16 23
8. 17 12
8. 18 19
8. 19 17
8. 20 11
8. 21 20
8. 22 21
8. 23 21
8. 24 13
8. 25 25
8. 26 7
8. 27 17
8. 28 12
8. 29 13
8. 30 25
8. 31 7
8. 32 13
8. 33 7
8. 34 10
8. 35 25
8. 36 15
8. 37 5
8. 38 7
8. 39 21
8. 40 10
8. 41 21
8. 42 13
8. 43 11
8. 44 14
8. 45 15
8. 46 19
8. 47 10
8. 48 12
8. 49 10
8. 50 23
8. 51 15
8. 52 15
8. 53 22
8. 54 7
8. 55 9
8. 56 20
8. 57 13
8. 58 9
8. 59 5
8. 60 17
8. 61 21
8. 62 12
8. 63 11
8. 64 18
8. 65 24
8. 66 25
8. 67 8
8. 68 19
8. 69 14
8. 70 19
8. 71 22
8. 72 20
8. 73 25
8. 74 20
8. 75 8
8. 76 16
8. 77 18
8. 78 24
8. 79 11
8. 80 16
8. 81 15
8. 82 19
8. 83 9
8. 84 5
8. 85 13
8. 86 10
8. 87 19
8. 88 11
8. 89 15
8. 90 9
8. 91 6
8. 92 11
8. 93 22
8. 94 25
8. 95 23
8. 96 8
8. 97 9
8. 98 10
8. 99 5
8. 100 9
8. 101 15
8. 102 9
8. 103 22
8. 104 23
8. 105 5
8. 106 25
8. 107 14
8. 108 9
8. 109 8
8. 110 11
8. 111 13
8. 112 17
8. 113 11
8. 114 13
8. 115 6
8. 116 9
8. 117 18
8. 118 10
8. 119 15
8. 120 16
8. 121 11
8. 122 7
8. 123 17
8. 124 17
8. 125 15
8. 126 6
8. 127 17
8. 128 14
8. 129 18
8. 130 18
8. 131 19
8. 132 15
8. 133 18
8. 134 19
8. 135 18
8. 136 20
8. 137 23
8. 138 20
8. 139 8
8. 140 24
8. 141 17
8. 142 12
8. 143 13
8. 144 7
8. 145 21
8. 146 19
8. 147 24
8. 148 16
8. 149 6
8. 150 5
8. 151 5
8. 152 11
8. 153 19
8. 154 11
8. 155 24
8. 156 15
8. 157 24
8. 158 16
8. 159 6
8. 160 12
8. 161 18
8. 162 24
8. 163 17
8. 164 6
8. 165 11
8. 166 5
8. 167 5
8. 168 7
8. 169 9
8. 170 6
8. 171 22
8. 172 12
8. 173 18
8. 174 16
8. 175 24
8. 176 12
8. 177 17
8. 178 16
8. 179 5
8. 180 16
8. 181 11
8. 182 11
8. 183 16
8. 184 8
8. 185 8
8. 186 15
8. 187 21
8. 188 9
8. 189 14
8. 190 10
8. 191 6
8. 192 14
8. 193 9
8. 194 10
8. 195 23
8. 196 15
8. 197 13
8. 198 21
8. 199 21
9. 0 10
9. 1 13
9. 2 14
9. 3 15
9. 4 10
9. 5 11
9. 6 6
9. 7 17
9. 8 9
9. 9 9
9. 10 11
9. 11 7
9. 12 23
9. 13 10
9. 14 21
9. 15 11
9. 16 9
9. 17 25
9. 18 20
9. 19 13
9. 20 5
9. 21 17
9. 22 25
9. 23 8
9. 24 23
9. 25 10
9. 26 8
9. 27 23
9. 28 14
9. 29 22
9. 30 17
9. 31 20
9. 32 8
9. 33 18
9. 34 14
9. 35 17
9. 36 14
9. 37 21
9. 38 7
9. 39 6
9. 40 5
9. 41 22
9. 42 19
9. 43 13
9. 44 9
9. 45 6
9. 46 22
9. 47 18
9. 48 7
9. 49 8
9. 50 13
9. 51 16
9. 52 11
9. 53 10
9. 54 8
9. 55 5
9. 56 13
9. 57 10
9. 58 16
9. 59 19
9. 60 20
9. 61 24
9. 62 20
9. 63 17
9. 64 10
9. 65 20
9. 66 10
9. 67 7
9. 68 21
9. 69 13
9. 70 17
9. 71 5
9. 72 23
9. 73 12
9. 74 18
9. 75 17
9. 76 14
9. 77 6
9. 78 20
9. 79 20
9. 80 10
9. 81 12
9. 82 10
9. 83 12
9. 84 17
9. 85 12
9. 86 9
9. 87 9
9. 88 12
9. 89 16
9. 90 16
9. 91 18
9. 92 8
9. 93 5
9. 94 15
9. 95 25
9. 96 19
9. 97 10
9. 98 10
9. 99 14
9. 100 13
9. 101 23
9. 102 12
9. 103 23
9. 104 13
9. 105 14
9. 106 18
9. 107 22
9. 108 13
9. 109 20
9. 110 19
9. 111 20
9. 112 14
9. 113 6
9. 114 13
9. 115 15
9. 116 12
9. 117 8
9. 118 12
9. 119 9
9. 120 17
9. 121 5
9. 122 20
9. 123 18
9. 124 21
9. 125 21
9. 126 24
9. 127 18
9. 128 7
9. 129 15
9. 130 9
9. 131 14
9. 132 12
9. 133 25
9. 134 24
9. 135 10
9. 136 21
9. 137 12
9. 138 11
9. 139 21
9. 140 9
9. 141 24
9. 142 17
9. 143 21
9. 144 10
9. 145 12
9. 146 9
9. 147 6
9. 148 11
9. 149 8
9. 150 18
9. 151 18
9. 152 18
9. 153 14
9. 154 25
9. 155 6
9. 156 16
9. 157 8
9. 158 23
9. 159 9
9. 160 23
9. 161 13
9. 162 8
9. 163 16
9. 164 22
9. 165 21
9. 166 24
9. 167 18
9. 168 23
9. 169 8
9. 170 20
9. 171 14
9. 172 23
9. 173 17
9. 174 11
9. 175 5
9. 176 20
9. 177 8
9. 178 14
9. 179 18
9. 180 9
9. 181 24
9. 182 25
9. 183 24
9. 184 18
9. 185 8
9. 186 15
9. 187 20
9. 188 19
9. 189 10
9. 190 7
9. 191 9
9. 192 22
9. 193 21
9. 194 17
9. 195 14
9. 196 8
9. 197 17
9. 198 17
9. 199 15
10. 0 5
10. 1 19
10. 2 12
10. 3 15
10. 4 17
10. 5 25
10. 6 15
10. 7 16
10. 8 17
10. 9 25
10. 10 11
10. 11 11
10. 12 23
10. 13 14
10. 14 6
10. 15 16
10. 16 11
10. 17 12
10. 18 24
10. 19 24
10. 20 14
10. 21 11
10. 22 9
10. 23 11
10. 24 13
10. 25 25
10. 26 10
10. 27 16
10. 28 19
10. 29 23
10. 30 8
10. 31 11
10. 32 11
10. 33 12
10. 34 23
10. 35 22
10. 36 20
10. 37 13
10. 38 19
10. 39 13
10. 40 5
10. 41 8
10. 42 9
10. 43 16
10. 44 10
10. 45 20
10. 46 18
10. 47 24
10. 48 23
10. 49 23
10. 50 8
10. 51 13
10. 52 7
10. 53 23
10. 54 18
10. 55 5
10. 56 20
10. 57 9
10. 58 12
10. 59 15
10. 60 25
10. 61 12
10. 62 17
10. 63 13
10. 64 10
10. 65 13
10. 66 13
10. 67 6
10. 68 18
10. 69 18
10. 70 9
10. 71 18
10. 72 25
10. 73 19
10. 74 23
10. 75 12
10. 76 13
10. 77 9
10. 78 25
10. 79 13
10. 80 11
10. 81 11
10. 82 13
10. 83 13
10. 84 8
10. 85 20
10. 86 18
10. 87 22
10. 88 14
10. 89 11
10. 90 11
10. 91 17
10. 92 16
10. 93 25
10. 94 21
10. 95 9
10. 96 6
10. 97 21
10. 98 13
10. 99 7
10. 100 21
10. 101 14
10. 102 10
10. 103 9
10. 104 22
10. 105 12
10. 106 17
10. 107 9
10. 108 13
10. 109 12
10. 110 15
10. 111 14
10. 112 6
10. 113 23
10. 114 12
10. 115 18
10. 116 7
10. 117 23
10. 118 11
10. 119 9
10. 120 22
10. 121 23
10. 122 24
10. 123 16
10. 124 7
10. 125 23
10. 126 13
10. 127 6
10. 128 16
10. 129 7
10. 130 17
10. 131 13
10. 132 20
10. 133 25
10. 134 23
10. 135 6
10. 136 20
10. 137 16
10. 138 20
10. 139 6
10. 140 16
10. 141 24
10. 142 9
10. 143 10
10. 144 8
10. 145 17
10. 146 24
10. 147 11
10. 148 16
10. 149 14
10. 150 18
10. 151 18
10. 152 20
10. 153 10
10. 154 12
10. 155 14
10. 156 14
10. 157 14
10. 158 6
10. 159 10
10. 160 6
10. 161 21
10. 162 7
10. 163 23
10. 164 8
10. 165 15
10. 166 25
10. 167 9
10. 168 10
10. 169 14
10. 170 9
10. 171 10
10. 172 6
10. 173 24
10. 174 8
10. 175 9
10. 176 12
10. 177 10
10. 178 12
10. 179 25
10. 180 9
10. 181 23
10. 182 14
10. 183 15
10. 184 16
10. 185 15
10. 186 8
10. 187 25
10. 188 12
10. 189 9
10. 190 6
10. 191 7
10. 192 16
10. 193 23
10. 194 14
10. 195 22
10. 196 22
10. 197 16
10. 198 9
10. 199 15
11. 0 19
11. 1 25
11. 2 7
11. 3 19
11. 4 13
11. 5 16
11. 6 7
11. 7 17
11. 8 23
11. 9 11
11. 10 12
11. 11 21
11. 12 24
11. 13 21
11. 14 12
11. 15 9
11. 16 12
11. 17 10
11. 18 8
11. 19 9
11. 20 22
11. 21 6
11. 22 20
11. 23 23
11. 24 17
11. 25 8
11. 26 13
11. 27 9
11. 28 18
11. 29 23
11. 30 10
11. 31 21
11. 32 22
11. 33 19
11. 34 6
11. 35 19
11. 36 7
11. 37 8
11. 38 21
11. 39 17
11. 40 16
11. 41 22
11. 42 23
11. 43 12
11. 44 17
11. 45 6
11. 46 23
11. 47 7
11. 48 20
11. 49 7
11. 50 16
11. 51 20
11. 52 24
11. 53 5
11. 54 6
11. 55 20
11. 56 12
11. 57 9
11. 58 8
11. 59 10
11. 60 14
11. 61 13
11. 62 13
11. 63 24
11. 64 8
11. 65 25
11. 66 22
11. 67 5
11. 68 19
11. 69 15
11. 70 18
11. 71 14
11. 72 23
11. 73 20
11. 74 10
11. 75 18
11. 76 8
11. 77 19
11. 78 12
11. 79 15
11. 80 5
11. 81 8
11. 82 23
11. 83 16
11. 84 21
11. 85 10
11. 86 6
11. 87 23
11. 88 17
11. 89 9
11. 90 7
11. 91 20
11. 92 13
11. 93 11
11. 94 5
11. 95 20
11. 96 18
11. 97 23
11. 98 19
11. 99 5
11. 100 24
11. 101 12
11. 102 25
11. 103 10
11. 104 23
11. 105 19
11. 106 7
11. 107 9
11. 108 21
11. 109 5
11. 110 24
11. 111 20
11. 112 24
11. 113 13
11. 114 25
11. 115 9
11. 116 18
11. 117 11
11. 118 14
11. 119 16
11. 120 17
11. 121 9
11. 122 10
11. 123 25
11. 124 16
11. 125 5
11. 126 8
11. 127 25
11. 128 23
11. 129 7
11. 130 8
11. 131 13
11. 132 16
11. 133 22
11. 134 6
11. 135 11
11. 136 9
11. 137 24
11. 138 16
11. 139 6
11. 140 17
11. 141 16
11. 142 19
11. 143 25
11. 144 24
11. 145 12
11. 146 7
11. 147 18
11. 148 22
11. 149 22
11. 150 21
11. 151 20
11. 152 12
11. 153 21
11. 154 18
11. 155 17
11. 156 7
11. 157 6
11. 158 21
11. 159 12
11. 160 8
11. 161 9
11. 162 8
11. 163 12
11. 164 14
11. 165 9
11. 166 24
11. 167 16
11. 168 6
11. 169 16
11. 170 23
11. 171 17
11. 172 23
11. 173 25
11. 174 13
11. 175 16
11. 176 25
11. 177 13
11. 178 22
11. 179 12
11. 180 20
11. 181 20
11. 182 18
11. 183 18
11. 184 12
11. 185 13
11. 186 22
11. 187 23
11. 188 15
11. 189 13
11. 190 18
11. 191 19
11. 192 10
11. 193 11
11. 194 24
11. 195 17
11. 196 17
11. 197 25
11. 198 13
11. 199 8
12. 0 12
12. 1 10
12. 2 20
12. 3 21
12. 4 5
12. 5 10
12. 6 23
12. 7 17
12. 8 20
12. 9 18
12. 10 6
12. 11 9
12. 12 24
12. 13 7
12. 14 9
12. 15 11
12. 16 21
12. 17 8
12. 18 20
12. 19 13
12. 20 6
12. 21 5
12. 22 13
12. 23 16
12. 24 15
12. 25 14
12. 26 5
12. 27 9
12. 28 5
12. 29 23
12. 30 8
12. 31 8
12. 32 13
12. 33 17
12. 34 10
12. 35 25
12. 36 14
12. 37 16
12. 38 18
12. 39 10
12. 40 12
12. 41 22
12. 42 6
12. 43 16
12. 44 25
12. 45 12
12. 46 19
12. 47 20
12. 48 11
12. 49 24
12. 50 16
12. 51 11
12. 52 12
12. 53 8
12. 54 16
12. 55 18
12. 56 25
12. 57 8
12. 58 12
12. 59 23
12. 60 25
12. 61 23
12. 62 23
12. 63 17
12. 64 10
12. 65 19
12. 66 22
12. 67 6
12. 68 21
12. 69 10
12. 70 6
12. 71 20
12. 72 18
12. 73 15
12. 74 13
12. 75 11
12. 76 18
12. 77 24
12. 78 6
12. 79 25
12. 80 9
12. 81 8
12. 82 22
12. 83 8
12. 84 24
12. 85 12
12. 86 13
12. 87 17
12. 88 9
12. 89 22
12. 90 10
12. 91 18
12. 92 17
12. 93 7
12. 94 24
12. 95 13
12. 96 16
12. 97 15
12. 98 7
12. 99 12
12. 100 17
12. 101 24
12. 102 14
12. 103 7
12. 104 24
12. 105 21
12. 106 5
12. 107 21
12. 108 19
12. 109 20
12. 110 7
12. 111 24
12. 112 15
12. 113 10
12. 114 14
12. 115 7
12. 116 16
12. 117 10
12. 118 7
12. 119 25
12. 120 13
12. 121 16
12. 122 10
12. 123 6
12. 124 12
12. 125 5
12. 126 15
12. 127 17
12. 128 14
12. 129 18
12. 130 9
12. 131 18
12. 132 20
12. 133 13
12. 134 21
12. 135 14
12. 136 10
12. 137 19
12. 138 10
12. 139 20
12. 140 5
12. 141 19
12. 142 17
12. 143 17
12. 144 16
12. 145 7
12. 146 19
12. 147 17
12. 148 24
12. 149 23
12. 150 19
12. 151 11
12. 152 12
12. 153 7
12. 154 13
12. 155 8
12. 156 16
12. 157 7
12. 158 21
12. 159 5
12. 160 21
12. 161 14
12. 162 16
12. 163 8
12. 164 24
12. 165 19
12. 166 7
12. 167 21
12. 168 9
12. 169 23
12. 170 19
12. 171 14
12. 172 17
12. 173 5
12. 174 24
12. 175 22
12. 176 16
12. 177 15
12. 178 8
12. 179 19
12. 180 25
12. 181 10
12. 182 25
12. 183 9
12. 184 12
12. 185 5
12. 186 25
12. 187 14
12. 188 22
12. 189 12
12. 190 18
12. 191 18
12. 192 24
12. 193 5
12. 194 24
12. 195 19
12. 196 8
12. 197 7
12. 198 7
12. 199 7
13. 0 23
13. 1 19
13. 2 11
13. 3 17
13. 4 16
13. 5 8
13. 6 16
13. 7 17
13. 8 8
13. 9 21
13. 10 21
13. 11 21
13. 12 20
13. 13 22
13. 14 19
13. 15 6
13. 16 14
13. 17 16
13. 18 16
13. 19 22
13. 20 21
13. 21 19
13. 22 22
13. 23 11
13. 24 23
13. 25 8
13. 26 13
13. 27 13
13. 28 14
13. 29 6
13. 30 15
13. 31 14
13. 32 5
13. 33 9
13. 34 14
13. 35 13
13. 36 25
13. 37 21
13. 38 17
13. 39 18
13. 40 18
13. 41 8
13. 42 21
13. 43 22
13. 44 8
13. 45 9
13. 46 12
13. 47 13
13. 48 7
13. 49 18
13. 50 9
13. 51 21
13. 52 7
13. 53 12
13. 54 6
13. 55 21
13. 56 8
13. 57 12
13. 58 14
13. 59 5
13. 60 25
13. 61 11
13. 62 18
13. 63 20
13. 64 6
13. 65 10
13. 66 20
13. 67 16
13. 68 9
13. 69 21
13. 70 9
13. 71 23
13. 72 23
13. 73 15
13. 74 22
13. 75 11
13. 76 16
13. 77 7
13. 78 13
13. 79 18
13. 80 16
13. 81 24
13. 82 9
13. 83 9
13. 84 19
13. 85 24
13. 86 21
13. 87 25
13. 88 5
13. 89 21
13. 90 22
13. 91 17
13. 92 22
13. 93 19
13. 94 23
13. 95 22
13. 96 24
13. 97 14
13. 98 9
13. 99 8
13. 100 18
13. 101 8
13. 102 8
13. 103 25
13. 104 11
13. 105 13
13. 106 24
13. 107 25
13. 108 6
13. 109 17
13. 110 25
13. 111 8
13. 112 15
13. 113 21
13. 114 10
13. 115 14
13. 116 12
13. 117 5
13. 118 11
13. 119 16
13. 120 8
13. 121 15
13. 122 19
13. 123 21
13. 124 13
13. 125 13
13. 126 12
13. 127 19
13. 128 6
13. 129 23
13. 130 9
13. 131 21
13. 132 18
13. 133 10
13. 134 11
13. 135 21
13. 136 6
13. 137 7
13. 138 11
13. 139 10
13. 140 8
13. 141 23
13. 142 8
13. 143 13
13. 144 10
13. 145 13
13. 146 13
13. 147 12
13. 148 7
13. 149 17
13. 150 20
13. 151 11
13. 152 25
13. 153 5
13. 154 16
13. 155 18
13. 156 7
13. 157 20
13. 158 7
13. 159 7
13. 160 20
13. 161 18
13. 162 13
13. 163 16
13. 164 21
13. 165 18
13. 166 7
13. 167 25
13. 168 20
13. 169 19
13. 170 18
13. 171 24
13. 172 8
13. 173 14
13. 174 25
13. 175 17
13. 176 21
13. 177 16
13. 178 25
13. 179 8
13. 180 7
13. 181 21
13. 182 7
13. 183 23
13. 184 13
13. 185 23
13. 186 9
13. 187 21
13. 188 13
13. 189 10
13. 190 24
13. 191 25
13. 192 16
13. 193 13
13. 194 22
13. 195 25
13. 196 20
13. 197 5
13. 198 7
13. 199 9
14. 0 17
14. 1 23
14. 2 24
14. 3 11
14. 4 19
14. 5 24
14. 6 5
14. 7 7
14. 8 17
14. 9 21
14. 10 19
14. 11 20
14. 12 16
14. 13 24
14. 14 11
14. 15 6
14. 16 25
14. 17 6
14. 18 22
14. 19 7
14. 20 23
14. 21 21
14. 22 15
14. 23 6
14. 24 24
14. 25 15
14. 26 23
14. 27 6
14. 28 10
14. 29 13
14. 30 15
14. 31 10
14. 32 15
14. 33 7
14. 34 16
14. 35 6
14. 36 12
14. 37 11
14. 38 6
14. 39 9
14. 40 21
14. 41 13
14. 42 17
14. 43 11
14. 44 18
14. 45 18
14. 46 25
14. 47 13
14. 48 23
14. 49 15
14. 50 24
14. 51 9
14. 52 9
14. 53 11
14. 54 12
14. 55 6
14. 56 19
14. 57 8
14. 58 11
14. 59 11
14. 60 7
14. 61 24
14. 62 12
14. 63 17
14. 64 23
14. 65 17
14. 66 8
14. 67 15
14. 68 23
14. 69 18
14. 70 13
14. 71 8
14. 72 6
14. 73 11
14. 74 7
14. 75 15
14. 76 22
14. 77 18
14. 78 18
14. 79 15
14. 80 21
14. 81 17
14. 82 12
14. 83 25
14. 84 9
14. 85 6
14. 86 23
14. 87 21
14. 88 13
14. 89 7
14. 90 7
14. 91 17
14. 92 10
14. 93 5
14. 94 20
14. 95 25
14. 96 20
14. 97 10
14. 98 21
14. 99 10
14. 100 7
14. 101 9
14. 102 14
14. 103 7
14. 104 21
14. 105 11
14. 106 24
14. 107 16
14. 108 16
14. 109 5
14. 110 19
14. 111 5
14. 112 6
14. 113 20
14. 114 12
14. 115 21
14. 116 20
14. 117 14
14. 118 9
14. 119 23
14. 120 8
14. 121 5
14. 122 21
14. 123 13
14. 124 20
14. 125 10
14. 126 12
14. 127 22
14. 128 20
14. 129 18
14. 130 22
14. 131 15
14. 132 25
14. 133 18
14. 134 9
14. 135 12
14. 136 21
14. 137 20
14. 138 8
14. 139 7
14. 140 12
14. 141 24
14. 142 12
14. 143 14
14. 144 18
14. 145 22
14. 146 13
14. 147 18
14. 148 20
14. 149 8
14. 150 16
14. 151 6
14. 152 18
14. 153 7
14. 154 5
14. 155 17
14. 156 18
14. 157 16
14. 158 23
14. 159 20
14. 160 5
14. 161 8
14. 162 24
14. 163 22
14. 164 13
14. 165 19
14. 166 21
14. 167 24
14. 168 17
14. 169 21
14. 170 9
14. 171 11
14. 172 24
14. 173 23
14. 174 19
14. 175 11
14. 176 25
14. 177 16
14. 178 13
14. 179 21
14. 180 10
14. 181 7
14. 182 18
14. 183 23
14. 184 7
14. 185 13
14. 186 24
14. 187 14
14. 188 8
14. 189 24
14. 190 22
14. 191 9
14. 192 15
14. 193 21
14. 194 9
14. 195 12
14. 196 17
14. 197 12
14. 198 24
14. 199 25
15. 0 11
15. 1 11
15. 2 24
15. 3 19
15. 4 5
15. 5 16
15. 6 18
15. 7 6
15. 8 9
15. 9 12
15. 10 18
15. 11 8
15. 12 14
15. 13 11
15. 14 11
15. 15 5
15. 16 15
15. 17 17
15. 18 25
15. 19 24
15. 20 17
15. 21 18
15. 22 14
15. 23 20
15. 24 16
15. 25 12
15. 26 6
15. 27 18
15. 28 20
15. 29 21
15. 30 11
15. 31 18
15. 32 17
15. 33 23
15. 34 11
15. 35 11
15. 36 15
15. 37 20
15. 38 23
15. 39 10
15. 40 6
15. 41 13
15. 42 17
15. 43 24
15. 44 18
15. 45 8
15. 46 7
15. 47 5
15. 48 10
15. 49 8
15. 50 24
15. 51 8
15. 52 12
15. 53 8
15. 54 25
15. 55 19
15. 56 7
15. 57 12
15. 58 10
15. 59 19
15. 60 6
15. 61 14
15. 62 15
15. 63 24
15. 64 19
15. 65 21
15. 66 24
15. 67 19
15. 68 10
15. 69 18
15. 70 5
15. 71 9
15. 72 22
15. 73 14
15. 74 11
15. 75 25
15. 76 5
15. 77 7
15. 78 15
15. 79 14
15. 80 15
15. 81 9
15. 82 24
15. 83 5
15. 84 24
15. 85 11
15. 86 14
15. 87 17
15. 88 22
15. 89 25
15. 90 22
15. 91 6
15. 92 25
15. 93 25
15. 94 20
15. 95 23
15. 96 14
15. 97 5
15. 98 14
15. 99 23
15. 100 12
15. 101 16
15. 102 16
15. 103 12
15. 104 13
15. 105 8
15. 106 24
15. 107 14
15. 108 8
15. 109 5
15. 110 20
15. 111 21
15. 112 21
15. 113 18
15. 114 13
15. 115 18
15. 116 24
15. 117 24
15. 118 19
15. 119 19
15. 120 23
15. 121 8
15. 122 9
15. 123 18
15. 124 5
15. 125 10
15. 126 11
15. 127 15
15. 128 13
15. 129 12
15. 130 8
15. 131 10
15. 132 24
15. 133 5
15. 134 19
15. 135 6
15. 136 9
15. 137 21
15. 138 7
15. 139 6
15. 140 16
15. 141 21
15. 142 24
15. 143 14
15. 144 14
15. 145 6
15. 146 9
15. 147 22
15. 148 24
15. 149 9
15. 150 12
15. 151 13
15. 152 6
15. 153 15
15. 154 10
15. 155 24
15. 156 19
15. 157 12
15. 158 9
15. 159 20
15. 160 17
15. 161 10
15. 162 14
15. 163 21
15. 164 8
15. 165 21
15. 166 18
15. 167 19
15. 168 13
15. 169 11
15. 170 22
15. 171 6
15. 172 20
15. 173 17
15. 174 6
15. 175 5
15. 176 12
15. 177 21
15. 178 16
15. 179 18
15. 180 21
15. 181 15
15. 182 6
15. 183 5
15. 184 20
15. 185 14
15. 186 5
15. 187 22
15. 188 18
15. 189 17
15. 190 12
15. 191 15
15. 192 17
15. 193 22
15. 194 9
15. 195 22
15. 196 13
15. 197 22
15. 198 11
15. 199 15
16. 0 17
16. 1 15
16. 2 12
16. 3 25
16. 4 15
16. 5 23
16. 6 25
16. 7 22
16. 8 23
16. 9 21
16. 10 22
16. 11 20
16. 12 12
16. 13 13
16. 14 9
16. 15 23
16. 16 22
16. 17 6
16. 18 5
16. 19 18
16. 20 20
16. 21 13
16. 22 14
16. 23 20
16. 24 20
16. 25 5
16. 26 17
16. 27 11
16. 28 6
16. 29 12
16. 30 15
16. 31 20
16. 32 6
16. 33 21
16. 34 11
16. 35 5
16. 36 18
16. 37 10
16. 38 9
16. 39 10
16. 40 7
16. 41 23
16. 42 5
16. 43 9
16. 44 17
16. 45 20
16. 46 25
16. 47 8
16. 48 24
16. 49 7
16. 50 25
16. 51 11
16. 52 20
16. 53 18
16. 54 6
16. 55 11
16. 56 21
16. 57 14
16. 58 8
16. 59 16
16. 60 19
16. 61 21
16. 62 24
16. 63 18
16. 64 19
16. 65 12
16. 66 19
16. 67 18
16. 68 6
16. 69 18
16. 70 12
16. 71 19
16. 72 18
16. 73 15
16. 74 8
16. 75 19
16. 76 15
16. 77 16
16. 78 15
16. 79 6
16. 80 9
16. 81 9
16. 82 8
16. 83 5
16. 84 18
16. 85 9
16. 86 17
16. 87 5
16. 88 9
16. 89 13
16. 90 19
16. 91 11
16. 92 20
16. 93 21
16. 94 6
16. 95 15
16. 96 23
16. 97 5
16. 98 21
16. 99 5
16. 100 20
16. 101 25
16. 102 19
16. 103 14
16. 104 21
16. 105 22
16. 106 24
16. 107 8
16. 108 10
16. 109 25
16. 110 18
16. 111 23
16. 112 14
16. 113 14
16. 114 25
16. 115 19
16. 116 14
16. 117 10
16. 118 12
16. 119 19
16. 120 5
16. 121 24
16. 122 14
16. 123 23
16. 124 6
16. 125 8
16. 126 10
16. 127 12
16. 128 20
16. 129 14
16. 130 12
16. 131 17
16. 132 21
16. 133 18
16. 134 14
16. 135 21
16. 136 10
16. 137 22
16. 138 8
16. 139 7
16. 140 6
16. 141 18
16. 142 9
16. 143 20
16. 144 24
16. 145 24
16. 146 11
16. 147 14
16. 148 11
16. 149 9
16. 150 13
16. 151 7
16. 152 22
16. 153 22
16. 154 25
16. 155 5
16. 156 11
16. 157 5
16. 158 18
16. 159 14
16. 160 23
16. 161 24
16. 162 11
16. 163 11
16. 164 12
16. 165 7
16. 166 18
16. 167 5
16. 168 15
16. 169 6
16. 170 5
16. 171 16
16. 172 11
16. 173 6
16. 174 22
16. 175 19
16. 176 17
16. 177 10
16. 178 11
16. 179 7
16. 180 14
16. 181 19
16. 182 20
16. 183 5
16. 184 22
16. 185 16
16. 186 8
16. 187 24
16. 188 14
16. 189 18
16. 190 12
16. 191 23
16. 192 15
16. 193 15
16. 194 6
16. 195 20
16. 196 20
16. 197 7
16. 198 6
16. 199 12
17. 0 16
17. 1 23
17. 2 8
17. 3 24
17. 4 13
17. 5 11
17. 6 23
17. 7 23
17. 8 25
17. 9 23
17. 10 16
17. 11 21
17. 12 10
17. 13 15
17. 14 6
17. 15 7
17. 16 23
17. 17 11
17. 18 9
17. 19 11
17. 20 13
17. 21 15
17. 22 9
17. 23 20
17. 24 15
17. 25 25
17. 26 11
17. 27 18
17. 28 11
17. 29 17
17. 30 16
17. 31 24
17. 32 25
17. 33 13
17. 34 13
17. 35 6
17. 36 22
17. 37 12
17. 38 20
17. 39 13
17. 40 9
17. 41 22
17. 42 23
17. 43 8
17. 44 5
17. 45 19
17. 46 6
17. 47 6
17. 48 11
17. 49 5
17. 50 22
17. 51 9
17. 52 11
17. 53 13
17. 54 24
17. 55 25
17. 56 10
17. 57 20
17. 58 6
17. 59 16
17. 60 16
17. 61 19
17. 62 16
17. 63 5
17. 64 5
17. 65 11
17. 66 6
17. 67 15
17. 68 9
17. 69 18
17. 70 15
17. 71 10
17. 72 5
17. 73 5
17. 74 15
17. 75 12
17. 76 13
17. 77 17
17. 78 10
17. 79 16
17. 80 8
17. 81 12
17. 82 21
17. 83 12
17. 84 9
17. 85 10
17. 86 6
17. 87 20
17. 88 21
17. 89 6
17. 90 20
17. 91 10
17. 92 25
17. 93 21
17. 94 15
17. 95 18
17. 96 13
17. 97 9
17. 98 21
17. 99 25
17. 100 11
17. 101 19
17. 102 9
17. 103 14
17. 104 20
17. 105 5
17. 106 25
17. 107 25
17. 108 23
17. 109 18
17. 110 23
17. 111 9
17. 112 5
17. 113 18
17. 114 14
17. 115 21
17. 116 14
17. 117 9
17. 118 5
17. 119 24
17. 120 19
17. 121 22
17. 122 6
17. 123 7
17. 124 10
17. 125 15
17. 126 19
17. 127 25
17. 128 16
17. 129 9
17. 130 13
17. 131 21
17. 132 22
17. 133 10
17. 134 17
17. 135 24
17. 136 9
17. 137 5
17. 138 9
17. 139 6
17. 140 9
17. 141 15
17. 142 8
17. 143 17
17. 144 5
17. 145 25
17. 146 14
17. 147 6
17. 148 12
17. 149 20
17. 150 7
17. 151 15
17. 152 8
17. 153 18
17. 154 7
17. 155 23
17. 156 7
17. 157 17
17. 158 7
17. 159 7
17. 160 13
17. 161 12
17. 162 10
17. 163 22
17. 164 20
17. 165 12
17. 166 13
17. 167 19
17. 168 25
17. 169 6
17. 170 15
17. 171 7
17. 172 8
17. 173 9
17. 174 6
17. 175 10
17. 176 25
17. 177 7
17. 178 18
17. 179 9
17. 180 11
17. 181 11
17. 182 12
17. 183 14
17. 184 6
17. 185 24
17. 186 11
17. 187 22
17. 188 14
17. 189 9
17. 190 21
17. 191 5
17. 192 17
17. 193 10
17. 194 25
17. 195 10
17. 196 5
17. 197 9
17. 198 8
17. 199 16
18. 0 7
18. 1 23
18. 2 12
18. 3 9
18. 4 18
18. 5 22
18. 6 15
18. 7 20
18. 8 9
18. 9 18
18. 10 14
18. 11 19
18. 12 24
18. 13 22
18. 14 20
18. 15 17
18. 16 19
18. 17 19
18. 18 14
18. 19 19
18. 20 8
18. 21 15
18. 22 13
18. 23 20
18. 24 9
18. 25 10
18. 26 16
18. 27 22
18. 28 19
18. 29 9
18. 30 8
18. 31 15
18. 32 11
18. 33 22
18. 34 21
18. 35 20
18. 36 18
18. 37 20
18. 38 6
18. 39 15
18. 40 20
18. 41 20
18. 42 13
18. 43 14
18. 44 22
18. 45 12
18. 46 5
18. 47 21
18. 48 6
18. 49 19
18. 50 16
18. 51 19
18. 52 10
18. 53 25
18. 54 18
18. 55 10
18. 56 6
18. 57 15
18. 58 10
18. 59 20
18. 60 5
18. 61 7
18. 62 19
18. 63 11
18. 64 23
18. 65 8
18. 66 5
18. 67 19
18. 68 8
18. 69 15
18. 70 13
18. 71 6
18. 72 6
18. 73 12
18. 74 17
18. 75 5
18. 76 18
18. 77 7
18. 78 22
18. 79 25
18. 80 22
18. 81 16
18. 82 7
18. 83 15
18. 84 23
18. 85 11
18. 86 25
18. 87 16
18. 88 15
18. 89 20
18. 90 21
18. 91 19
18. 92 8
18. 93 19
18. 94 20
18. 95 21
18. 96 18
18. 97 18
18. 98 19
18. 99 13
18. 100 15
18. 101 25
18. 102 22
18. 103 22
18. 104 12
18. 105 9
18. 106 10
18. 107 8
18. 108 11
18. 109 17
18. 110 18
18. 111 22
18. 112 5
18. 113 13
18. 114 24
18. 115 9
18. 116 9
18. 117 14
18. 118 19
18. 119 15
18. 120 13
18. 121 17
18. 122 7
18. 123 20
18. 124 17
18. 125 6
18. 126 8
18. 127 21
18. 128 6
18. 129 24
18. 130 20
18. 131 22
18. 132 21
18. 133 7
18. 134 18
18. 135 9
18. 136 12
18. 137 18
18. 138 8
18. 139 11
18. 140 18
18. 141 15
18. 142 20
18. 143 8
18. 144 16
18. 145 9
18. 146 7
18. 147 14
18. 148 17
18. 149 15
18. 150 23
18. 151 24
18. 152 13
18. 153 9
18. 154 17
18. 155 15
18. 156 19
18. 157 16
18. 158 22
18. 159 25
18. 160 10
18. 161 10
18. 162 16
18. 163 10
18. 164 13
18. 165 8
18. 166 22
18. 167 16
18. 168 13
18. 169 22
18. 170 10
18. 171 11
18. 172 20
18. 173 20
18. 174 12
18. 175 19
18. 176 18
18. 177 19
18. 178 9
18. 179 12
18. 180 14
18. 181 21
18. 182 17
18. 183 21
18. 184 16
18. 185 18
18. 186 25
18. 187 7
18. 188 5
18. 189 18
18. 190 8
18. 191 7
18. 192 23
18. 193 20
18. 194 19
18. 195 16
18. 196 23
18. 197 18
18. 198 12
18. 199 9
19. 0 13
19. 1 15
19. 2 25
19. 3 14
19. 4 17
19. 5 14
19. 6 13
19. 7 8
19. 8 12
19. 9 8
19. 10 5
19. 11 12
19. 12 9
19. 13 24
19. 14 19
19. 15 23
19. 16 17
19. 17 16
19. 18 9
19. 19 5
19. 20 10
19. 21 7
19. 22 19
19. 23 23
19. 24 7
19. 25 5
19. 26 9
19. 27 23
19. 28 18
19. 29 9
19. 30 25
19. 31 14
19. 32 24
19. 33 10
19. 34 24
19. 35 15
19. 36 14
19. 37 5
19. 38 21
19. 39 10
19. 40 8
19. 41 20
19. 42 18
19. 43 17
19. 44 15
19. 45 18
19. 46 21
19. 47 25
19. 48 23
19. 49 11
19. 50 21
19. 51 11
19. 52 7
19. 53 24
19. 54 18
19. 55 25
19. 56 22
19. 57 18
19. 58 13
19. 59 7
19. 60 13
19. 61 19
19. 62 10
19. 63 18
19. 64 5
19. 65 13
19. 66 10
19. 67 19
19. 68 16
19. 69 25
19. 70 7
19. 71 16
19. 72 9
19. 73 10
19. 74 19
19. 75 14
19. 76 25
19. 77 25
19. 78 14
19. 79 22
19. 80 11
19. 81 7
19. 82 11
19. 83 13
19. 84 14
19. 85 10
19. 86 7
19. 87 25
19. 88 15
19. 89 21
19. 90 5
19. 91 13
19. 92 23
19. 93 10
19. 94 20
19. 95 24
19. 96 14
19. 97 22
19. 98 12
19. 99 19
19. 100 12
19. 101 7
19. 102 5
19. 103 19
19. 104 10
19. 105 9
19. 106 24
19. 107 23
19. 108 14
19. 109 8
19. 110 6
19. 111 8
19. 112 13
19. 113 19
19. 114 23
19. 115 9
19. 116 7
19. 117 16
19. 118 7
19. 119 15
19. 120 7
19. 121 10
19. 122 6
19. 123 14
19. 124 23
19. 125 10
19. 126 17
19. 127 16
19. 128 15
19. 129 11
19. 130 23
19. 131 21
19. 132 10
19. 133 14
19. 134 23
19. 135 11
19. 136 19
19. 137 24
19. 138 18
19. 139 13
19. 140 21
19. 141 18
19. 142 21
19. 143 20
19. 144 9
19. 145 20
19. 146 25
19. 147 10
19. 148 9
19. 149 12
19. 150 13
19. 151 6
19. 152 11
19. 153 20
19. 154 23
19. 155 14
19. 156 12
19. 157 8
19. 158 5
19. 159 20
19. 160 6
19. 161 10
19. 162 25
19. 163 15
19. 164 23
19. 165 10
19. 166 21
19. 167 22
19. 168 11
19. 169 12
19. 170 11
19. 171 21
19. 172 24
19. 173 5
19. 174 19
19. 175 7
19. 176 14
19. 177 14
19. 178 10
19. 179 11
19. 180 22
19. 181 16
19. 182 17
19. 183 11
19. 184 11
19. 185 17
19. 186 8
19. 187 24
19. 188 10
19. 189 22
19. 190 25
19. 191 17
19. 192 18
19. 193 22
19. 194 6
19. 195 6
19. 196 22
19. 197 24
19. 198 24
19. 199 23
/;
parameter b(i)/
0 131
1 131
2 131
3 131
4 131
5 131
6 131
7 131
8 131
9 131
10 131
11 131
12 131
13 131
14 131
15 131
16 131
17 131
18 131
19 131
/;
