set j job /0*99/;
set i machine /0*19/;
parameter c(i,j)/
0. 0 91
0. 1 93
0. 2 103
0. 3 40
0. 4 71
0. 5 70
0. 6 76
0. 7 47
0. 8 81
0. 9 7
0. 10 25
0. 11 83
0. 12 53
0. 13 95
0. 14 22
0. 15 94
0. 16 98
0. 17 93
0. 18 30
0. 19 111
0. 20 68
0. 21 82
0. 22 97
0. 23 109
0. 24 109
0. 25 17
0. 26 38
0. 27 79
0. 28 46
0. 29 25
0. 30 91
0. 31 107
0. 32 23
0. 33 14
0. 34 6
0. 35 65
0. 36 52
0. 37 88
0. 38 58
0. 39 68
0. 40 105
0. 41 27
0. 42 12
0. 43 66
0. 44 8
0. 45 20
0. 46 77
0. 47 41
0. 48 83
0. 49 100
0. 50 11
0. 51 85
0. 52 29
0. 53 82
0. 54 20
0. 55 29
0. 56 22
0. 57 29
0. 58 26
0. 59 72
0. 60 75
0. 61 55
0. 62 16
0. 63 48
0. 64 54
0. 65 37
0. 66 52
0. 67 46
0. 68 35
0. 69 27
0. 70 62
0. 71 78
0. 72 111
0. 73 35
0. 74 34
0. 75 102
0. 76 77
0. 77 88
0. 78 10
0. 79 65
0. 80 79
0. 81 38
0. 82 99
0. 83 27
0. 84 11
0. 85 89
0. 86 104
0. 87 103
0. 88 21
0. 89 76
0. 90 32
0. 91 12
0. 92 96
0. 93 77
0. 94 59
0. 95 21
0. 96 20
0. 97 101
0. 98 91
0. 99 84
1. 0 87
1. 1 85
1. 2 37
1. 3 52
1. 4 63
1. 5 97
1. 6 37
1. 7 100
1. 8 26
1. 9 76
1. 10 112
1. 11 104
1. 12 53
1. 13 40
1. 14 11
1. 15 78
1. 16 19
1. 17 92
1. 18 101
1. 19 64
1. 20 63
1. 21 91
1. 22 68
1. 23 33
1. 24 51
1. 25 11
1. 26 76
1. 27 62
1. 28 109
1. 29 83
1. 30 31
1. 31 86
1. 32 9
1. 33 22
1. 34 84
1. 35 49
1. 36 34
1. 37 60
1. 38 101
1. 39 78
1. 40 91
1. 41 20
1. 42 66
1. 43 98
1. 44 91
1. 45 35
1. 46 82
1. 47 87
1. 48 88
1. 49 24
1. 50 21
1. 51 72
1. 52 84
1. 53 31
1. 54 99
1. 55 51
1. 56 55
1. 57 29
1. 58 16
1. 59 92
1. 60 43
1. 61 89
1. 62 49
1. 63 77
1. 64 74
1. 65 81
1. 66 54
1. 67 49
1. 68 19
1. 69 70
1. 70 99
1. 71 33
1. 72 65
1. 73 19
1. 74 27
1. 75 46
1. 76 93
1. 77 76
1. 78 55
1. 79 59
1. 80 29
1. 81 38
1. 82 41
1. 83 88
1. 84 46
1. 85 19
1. 86 104
1. 87 28
1. 88 94
1. 89 19
1. 90 82
1. 91 33
1. 92 74
1. 93 41
1. 94 16
1. 95 68
1. 96 106
1. 97 50
1. 98 75
1. 99 54
2. 0 96
2. 1 59
2. 2 73
2. 3 106
2. 4 71
2. 5 113
2. 6 46
2. 7 92
2. 8 67
2. 9 83
2. 10 48
2. 11 88
2. 12 61
2. 13 92
2. 14 51
2. 15 98
2. 16 49
2. 17 34
2. 18 52
2. 19 24
2. 20 69
2. 21 53
2. 22 67
2. 23 30
2. 24 50
2. 25 30
2. 26 38
2. 27 92
2. 28 83
2. 29 74
2. 30 63
2. 31 30
2. 32 58
2. 33 41
2. 34 102
2. 35 19
2. 36 43
2. 37 6
2. 38 42
2. 39 60
2. 40 94
2. 41 71
2. 42 112
2. 43 85
2. 44 40
2. 45 25
2. 46 118
2. 47 67
2. 48 64
2. 49 41
2. 50 88
2. 51 42
2. 52 51
2. 53 27
2. 54 81
2. 55 109
2. 56 67
2. 57 105
2. 58 109
2. 59 43
2. 60 55
2. 61 66
2. 62 28
2. 63 45
2. 64 94
2. 65 71
2. 66 74
2. 67 80
2. 68 10
2. 69 46
2. 70 28
2. 71 102
2. 72 89
2. 73 106
2. 74 67
2. 75 87
2. 76 12
2. 77 38
2. 78 36
2. 79 43
2. 80 73
2. 81 88
2. 82 87
2. 83 90
2. 84 105
2. 85 59
2. 86 61
2. 87 99
2. 88 38
2. 89 19
2. 90 59
2. 91 78
2. 92 46
2. 93 18
2. 94 12
2. 95 46
2. 96 23
2. 97 47
2. 98 91
2. 99 13
3. 0 93
3. 1 80
3. 2 70
3. 3 25
3. 4 21
3. 5 49
3. 6 71
3. 7 95
3. 8 114
3. 9 38
3. 10 97
3. 11 40
3. 12 69
3. 13 26
3. 14 116
3. 15 58
3. 16 7
3. 17 89
3. 18 61
3. 19 33
3. 20 66
3. 21 107
3. 22 28
3. 23 97
3. 24 69
3. 25 46
3. 26 12
3. 27 70
3. 28 97
3. 29 93
3. 30 47
3. 31 52
3. 32 6
3. 33 80
3. 34 88
3. 35 84
3. 36 89
3. 37 26
3. 38 110
3. 39 27
3. 40 40
3. 41 68
3. 42 60
3. 43 90
3. 44 84
3. 45 45
3. 46 96
3. 47 56
3. 48 27
3. 49 97
3. 50 45
3. 51 88
3. 52 47
3. 53 27
3. 54 70
3. 55 84
3. 56 32
3. 57 47
3. 58 96
3. 59 50
3. 60 79
3. 61 49
3. 62 30
3. 63 69
3. 64 34
3. 65 79
3. 66 92
3. 67 36
3. 68 106
3. 69 89
3. 70 43
3. 71 88
3. 72 92
3. 73 102
3. 74 100
3. 75 30
3. 76 77
3. 77 100
3. 78 21
3. 79 20
3. 80 67
3. 81 72
3. 82 70
3. 83 56
3. 84 91
3. 85 19
3. 86 53
3. 87 21
3. 88 56
3. 89 104
3. 90 44
3. 91 83
3. 92 5
3. 93 62
3. 94 18
3. 95 39
3. 96 75
3. 97 114
3. 98 104
3. 99 96
4. 0 76
4. 1 67
4. 2 4
4. 3 65
4. 4 85
4. 5 28
4. 6 22
4. 7 98
4. 8 20
4. 9 88
4. 10 55
4. 11 5
4. 12 81
4. 13 58
4. 14 45
4. 15 19
4. 16 116
4. 17 67
4. 18 74
4. 19 77
4. 20 13
4. 21 119
4. 22 87
4. 23 51
4. 24 66
4. 25 62
4. 26 44
4. 27 39
4. 28 100
4. 29 45
4. 30 102
4. 31 49
4. 32 96
4. 33 75
4. 34 97
4. 35 105
4. 36 12
4. 37 82
4. 38 46
4. 39 95
4. 40 100
4. 41 52
4. 42 18
4. 43 112
4. 44 97
4. 45 107
4. 46 72
4. 47 41
4. 48 17
4. 49 76
4. 50 103
4. 51 84
4. 52 29
4. 53 56
4. 54 11
4. 55 56
4. 56 83
4. 57 57
4. 58 51
4. 59 12
4. 60 93
4. 61 71
4. 62 33
4. 63 35
4. 64 56
4. 65 51
4. 66 81
4. 67 20
4. 68 51
4. 69 100
4. 70 25
4. 71 29
4. 72 53
4. 73 90
4. 74 99
4. 75 81
4. 76 34
4. 77 111
4. 78 88
4. 79 43
4. 80 41
4. 81 93
4. 82 7
4. 83 90
4. 84 40
4. 85 106
4. 86 116
4. 87 62
4. 88 70
4. 89 25
4. 90 37
4. 91 99
4. 92 107
4. 93 15
4. 94 99
4. 95 81
4. 96 18
4. 97 32
4. 98 43
4. 99 102
5. 0 77
5. 1 84
5. 2 82
5. 3 61
5. 4 50
5. 5 88
5. 6 63
5. 7 77
5. 8 104
5. 9 64
5. 10 17
5. 11 95
5. 12 67
5. 13 48
5. 14 79
5. 15 53
5. 16 17
5. 17 17
5. 18 109
5. 19 19
5. 20 34
5. 21 36
5. 22 32
5. 23 47
5. 24 73
5. 25 27
5. 26 93
5. 27 94
5. 28 59
5. 29 80
5. 30 28
5. 31 29
5. 32 37
5. 33 52
5. 34 113
5. 35 23
5. 36 95
5. 37 33
5. 38 103
5. 39 8
5. 40 71
5. 41 24
5. 42 20
5. 43 64
5. 44 83
5. 45 95
5. 46 90
5. 47 110
5. 48 44
5. 49 104
5. 50 75
5. 51 76
5. 52 34
5. 53 93
5. 54 55
5. 55 103
5. 56 72
5. 57 34
5. 58 20
5. 59 7
5. 60 22
5. 61 20
5. 62 70
5. 63 80
5. 64 88
5. 65 111
5. 66 47
5. 67 106
5. 68 62
5. 69 76
5. 70 29
5. 71 41
5. 72 53
5. 73 73
5. 74 90
5. 75 4
5. 76 35
5. 77 89
5. 78 100
5. 79 19
5. 80 33
5. 81 83
5. 82 28
5. 83 43
5. 84 100
5. 85 55
5. 86 22
5. 87 38
5. 88 94
5. 89 65
5. 90 98
5. 91 93
5. 92 70
5. 93 98
5. 94 76
5. 95 14
5. 96 83
5. 97 68
5. 98 25
5. 99 4
6. 0 20
6. 1 69
6. 2 80
6. 3 50
6. 4 19
6. 5 113
6. 6 91
6. 7 109
6. 8 38
6. 9 48
6. 10 83
6. 11 44
6. 12 34
6. 13 9
6. 14 36
6. 15 40
6. 16 78
6. 17 87
6. 18 41
6. 19 82
6. 20 107
6. 21 38
6. 22 101
6. 23 26
6. 24 36
6. 25 43
6. 26 47
6. 27 56
6. 28 44
6. 29 71
6. 30 65
6. 31 33
6. 32 29
6. 33 85
6. 34 70
6. 35 28
6. 36 29
6. 37 26
6. 38 40
6. 39 116
6. 40 21
6. 41 73
6. 42 24
6. 43 30
6. 44 107
6. 45 67
6. 46 40
6. 47 82
6. 48 26
6. 49 73
6. 50 49
6. 51 36
6. 52 90
6. 53 44
6. 54 89
6. 55 67
6. 56 42
6. 57 87
6. 58 34
6. 59 72
6. 60 90
6. 61 72
6. 62 47
6. 63 112
6. 64 62
6. 65 22
6. 66 84
6. 67 50
6. 68 61
6. 69 22
6. 70 26
6. 71 104
6. 72 45
6. 73 45
6. 74 65
6. 75 63
6. 76 23
6. 77 97
6. 78 72
6. 79 50
6. 80 30
6. 81 42
6. 82 59
6. 83 54
6. 84 52
6. 85 47
6. 86 119
6. 87 93
6. 88 6
6. 89 23
6. 90 65
6. 91 51
6. 92 48
6. 93 28
6. 94 54
6. 95 23
6. 96 3
6. 97 42
6. 98 82
6. 99 18
7. 0 40
7. 1 52
7. 2 12
7. 3 56
7. 4 44
7. 5 29
7. 6 114
7. 7 94
7. 8 7
7. 9 85
7. 10 78
7. 11 84
7. 12 35
7. 13 66
7. 14 56
7. 15 78
7. 16 18
7. 17 26
7. 18 79
7. 19 91
7. 20 40
7. 21 109
7. 22 33
7. 23 83
7. 24 20
7. 25 12
7. 26 17
7. 27 110
7. 28 52
7. 29 104
7. 30 51
7. 31 53
7. 32 26
7. 33 46
7. 34 53
7. 35 55
7. 36 42
7. 37 56
7. 38 16
7. 39 16
7. 40 79
7. 41 61
7. 42 14
7. 43 93
7. 44 91
7. 45 18
7. 46 75
7. 47 110
7. 48 21
7. 49 65
7. 50 91
7. 51 46
7. 52 64
7. 53 23
7. 54 52
7. 55 62
7. 56 21
7. 57 6
7. 58 20
7. 59 77
7. 60 100
7. 61 115
7. 62 118
7. 63 99
7. 64 50
7. 65 100
7. 66 94
7. 67 70
7. 68 60
7. 69 33
7. 70 106
7. 71 82
7. 72 28
7. 73 54
7. 74 92
7. 75 102
7. 76 48
7. 77 94
7. 78 68
7. 79 96
7. 80 91
7. 81 89
7. 82 67
7. 83 25
7. 84 34
7. 85 48
7. 86 61
7. 87 4
7. 88 93
7. 89 91
7. 90 80
7. 91 57
7. 92 46
7. 93 60
7. 94 76
7. 95 103
7. 96 17
7. 97 53
7. 98 37
7. 99 10
8. 0 28
8. 1 75
8. 2 114
8. 3 91
8. 4 116
8. 5 58
8. 6 74
8. 7 25
8. 8 65
8. 9 31
8. 10 54
8. 11 44
8. 12 70
8. 13 48
8. 14 76
8. 15 97
8. 16 77
8. 17 46
8. 18 58
8. 19 29
8. 20 40
8. 21 113
8. 22 64
8. 23 78
8. 24 30
8. 25 30
8. 26 54
8. 27 33
8. 28 44
8. 29 43
8. 30 53
8. 31 47
8. 32 30
8. 33 37
8. 34 60
8. 35 82
8. 36 20
8. 37 67
8. 38 17
8. 39 109
8. 40 112
8. 41 12
8. 42 8
8. 43 105
8. 44 109
8. 45 75
8. 46 31
8. 47 101
8. 48 91
8. 49 44
8. 50 48
8. 51 97
8. 52 30
8. 53 35
8. 54 14
8. 55 56
8. 56 17
8. 57 97
8. 58 33
8. 59 23
8. 60 62
8. 61 11
8. 62 67
8. 63 95
8. 64 61
8. 65 55
8. 66 100
8. 67 56
8. 68 104
8. 69 102
8. 70 105
8. 71 53
8. 72 54
8. 73 19
8. 74 38
8. 75 91
8. 76 75
8. 77 19
8. 78 48
8. 79 7
8. 80 11
8. 81 74
8. 82 93
8. 83 52
8. 84 30
8. 85 10
8. 86 46
8. 87 25
8. 88 87
8. 89 56
8. 90 65
8. 91 65
8. 92 9
8. 93 27
8. 94 16
8. 95 111
8. 96 91
8. 97 92
8. 98 37
8. 99 22
9. 0 30
9. 1 40
9. 2 101
9. 3 34
9. 4 68
9. 5 100
9. 6 23
9. 7 79
9. 8 85
9. 9 61
9. 10 67
9. 11 17
9. 12 60
9. 13 103
9. 14 23
9. 15 79
9. 16 72
9. 17 89
9. 18 45
9. 19 27
9. 20 56
9. 21 45
9. 22 35
9. 23 97
9. 24 24
9. 25 55
9. 26 30
9. 27 15
9. 28 19
9. 29 9
9. 30 12
9. 31 64
9. 32 32
9. 33 48
9. 34 78
9. 35 31
9. 36 63
9. 37 62
9. 38 94
9. 39 45
9. 40 71
9. 41 58
9. 42 106
9. 43 11
9. 44 97
9. 45 9
9. 46 26
9. 47 27
9. 48 88
9. 49 6
9. 50 51
9. 51 102
9. 52 47
9. 53 42
9. 54 23
9. 55 97
9. 56 52
9. 57 86
9. 58 92
9. 59 109
9. 60 101
9. 61 31
9. 62 76
9. 63 32
9. 64 53
9. 65 68
9. 66 101
9. 67 48
9. 68 99
9. 69 94
9. 70 77
9. 71 90
9. 72 75
9. 73 10
9. 74 91
9. 75 12
9. 76 31
9. 77 67
9. 78 76
9. 79 67
9. 80 40
9. 81 18
9. 82 75
9. 83 73
9. 84 59
9. 85 29
9. 86 79
9. 87 29
9. 88 72
9. 89 91
9. 90 32
9. 91 98
9. 92 102
9. 93 109
9. 94 92
9. 95 79
9. 96 12
9. 97 11
9. 98 47
9. 99 70
10. 0 113
10. 1 33
10. 2 107
10. 3 39
10. 4 94
10. 5 43
10. 6 66
10. 7 25
10. 8 102
10. 9 56
10. 10 66
10. 11 95
10. 12 18
10. 13 24
10. 14 80
10. 15 107
10. 16 81
10. 17 33
10. 18 85
10. 19 96
10. 20 37
10. 21 87
10. 22 82
10. 23 67
10. 24 18
10. 25 70
10. 26 36
10. 27 60
10. 28 38
10. 29 87
10. 30 45
10. 31 106
10. 32 109
10. 33 73
10. 34 33
10. 35 35
10. 36 36
10. 37 2
10. 38 42
10. 39 59
10. 40 7
10. 41 16
10. 42 38
10. 43 64
10. 44 32
10. 45 7
10. 46 103
10. 47 34
10. 48 17
10. 49 79
10. 50 37
10. 51 24
10. 52 91
10. 53 31
10. 54 42
10. 55 68
10. 56 44
10. 57 48
10. 58 39
10. 59 113
10. 60 14
10. 61 67
10. 62 100
10. 63 22
10. 64 88
10. 65 113
10. 66 79
10. 67 27
10. 68 81
10. 69 76
10. 70 106
10. 71 26
10. 72 94
10. 73 115
10. 74 105
10. 75 54
10. 76 20
10. 77 30
10. 78 74
10. 79 24
10. 80 42
10. 81 78
10. 82 64
10. 83 23
10. 84 71
10. 85 82
10. 86 21
10. 87 93
10. 88 82
10. 89 18
10. 90 57
10. 91 95
10. 92 55
10. 93 90
10. 94 68
10. 95 54
10. 96 82
10. 97 113
10. 98 98
10. 99 107
11. 0 102
11. 1 97
11. 2 36
11. 3 16
11. 4 22
11. 5 117
11. 6 16
11. 7 46
11. 8 52
11. 9 42
11. 10 34
11. 11 33
11. 12 25
11. 13 21
11. 14 46
11. 15 65
11. 16 85
11. 17 45
11. 18 44
11. 19 55
11. 20 48
11. 21 58
11. 22 89
11. 23 73
11. 24 50
11. 25 92
11. 26 74
11. 27 98
11. 28 33
11. 29 98
11. 30 115
11. 31 84
11. 32 106
11. 33 56
11. 34 43
11. 35 88
11. 36 2
11. 37 30
11. 38 30
11. 39 23
11. 40 93
11. 41 50
11. 42 57
11. 43 75
11. 44 25
11. 45 24
11. 46 76
11. 47 42
11. 48 98
11. 49 63
11. 50 111
11. 51 72
11. 52 50
11. 53 48
11. 54 40
11. 55 108
11. 56 78
11. 57 94
11. 58 19
11. 59 48
11. 60 60
11. 61 33
11. 62 32
11. 63 58
11. 64 30
11. 65 53
11. 66 111
11. 67 40
11. 68 102
11. 69 28
11. 70 40
11. 71 114
11. 72 61
11. 73 47
11. 74 109
11. 75 50
11. 76 75
11. 77 85
11. 78 58
11. 79 35
11. 80 61
11. 81 44
11. 82 27
11. 83 82
11. 84 110
11. 85 92
11. 86 66
11. 87 48
11. 88 111
11. 89 79
11. 90 77
11. 91 28
11. 92 10
11. 93 88
11. 94 41
11. 95 63
11. 96 26
11. 97 65
11. 98 74
11. 99 111
12. 0 95
12. 1 63
12. 2 11
12. 3 22
12. 4 81
12. 5 48
12. 6 68
12. 7 19
12. 8 61
12. 9 40
12. 10 13
12. 11 60
12. 12 24
12. 13 97
12. 14 39
12. 15 110
12. 16 59
12. 17 14
12. 18 61
12. 19 84
12. 20 95
12. 21 115
12. 22 52
12. 23 58
12. 24 67
12. 25 52
12. 26 44
12. 27 103
12. 28 75
12. 29 33
12. 30 82
12. 31 106
12. 32 34
12. 33 35
12. 34 101
12. 35 24
12. 36 17
12. 37 68
12. 38 69
12. 39 26
12. 40 81
12. 41 55
12. 42 10
12. 43 60
12. 44 65
12. 45 55
12. 46 99
12. 47 58
12. 48 48
12. 49 83
12. 50 28
12. 51 48
12. 52 66
12. 53 26
12. 54 63
12. 55 45
12. 56 62
12. 57 58
12. 58 40
12. 59 19
12. 60 55
12. 61 81
12. 62 75
12. 63 91
12. 64 60
12. 65 59
12. 66 79
12. 67 90
12. 68 43
12. 69 48
12. 70 13
12. 71 80
12. 72 64
12. 73 53
12. 74 52
12. 75 98
12. 76 57
12. 77 35
12. 78 54
12. 79 95
12. 80 91
12. 81 67
12. 82 43
12. 83 75
12. 84 117
12. 85 45
12. 86 19
12. 87 15
12. 88 66
12. 89 84
12. 90 18
12. 91 96
12. 92 54
12. 93 15
12. 94 47
12. 95 51
12. 96 28
12. 97 98
12. 98 28
12. 99 97
13. 0 43
13. 1 88
13. 2 57
13. 3 106
13. 4 37
13. 5 22
13. 6 76
13. 7 22
13. 8 63
13. 9 92
13. 10 25
13. 11 28
13. 12 101
13. 13 23
13. 14 54
13. 15 83
13. 16 27
13. 17 64
13. 18 83
13. 19 100
13. 20 73
13. 21 108
13. 22 57
13. 23 104
13. 24 32
13. 25 25
13. 26 84
13. 27 61
13. 28 86
13. 29 37
13. 30 81
13. 31 64
13. 32 98
13. 33 17
13. 34 71
13. 35 96
13. 36 90
13. 37 30
13. 38 87
13. 39 60
13. 40 61
13. 41 47
13. 42 42
13. 43 33
13. 44 82
13. 45 84
13. 46 82
13. 47 89
13. 48 54
13. 49 81
13. 50 32
13. 51 111
13. 52 60
13. 53 29
13. 54 96
13. 55 52
13. 56 43
13. 57 62
13. 58 83
13. 59 72
13. 60 33
13. 61 82
13. 62 29
13. 63 33
13. 64 79
13. 65 56
13. 66 96
13. 67 46
13. 68 94
13. 69 51
13. 70 47
13. 71 106
13. 72 100
13. 73 102
13. 74 92
13. 75 99
13. 76 87
13. 77 86
13. 78 103
13. 79 59
13. 80 85
13. 81 53
13. 82 10
13. 83 85
13. 84 87
13. 85 13
13. 86 78
13. 87 73
13. 88 71
13. 89 59
13. 90 77
13. 91 79
13. 92 81
13. 93 83
13. 94 29
13. 95 44
13. 96 29
13. 97 79
13. 98 25
13. 99 33
14. 0 89
14. 1 19
14. 2 52
14. 3 92
14. 4 101
14. 5 44
14. 6 29
14. 7 29
14. 8 68
14. 9 91
14. 10 82
14. 11 96
14. 12 40
14. 13 79
14. 14 63
14. 15 57
14. 16 93
14. 17 25
14. 18 25
14. 19 23
14. 20 75
14. 21 30
14. 22 68
14. 23 84
14. 24 35
14. 25 90
14. 26 35
14. 27 67
14. 28 45
14. 29 116
14. 30 44
14. 31 12
14. 32 108
14. 33 11
14. 34 22
14. 35 16
14. 36 41
14. 37 98
14. 38 88
14. 39 17
14. 40 45
14. 41 82
14. 42 96
14. 43 46
14. 44 10
14. 45 104
14. 46 37
14. 47 49
14. 48 66
14. 49 52
14. 50 26
14. 51 20
14. 52 87
14. 53 100
14. 54 52
14. 55 84
14. 56 92
14. 57 97
14. 58 11
14. 59 89
14. 60 97
14. 61 20
14. 62 15
14. 63 8
14. 64 35
14. 65 68
14. 66 42
14. 67 95
14. 68 26
14. 69 35
14. 70 26
14. 71 49
14. 72 112
14. 73 66
14. 74 38
14. 75 63
14. 76 82
14. 77 13
14. 78 22
14. 79 24
14. 80 88
14. 81 48
14. 82 49
14. 83 104
14. 84 29
14. 85 84
14. 86 79
14. 87 85
14. 88 23
14. 89 22
14. 90 35
14. 91 62
14. 92 64
14. 93 31
14. 94 48
14. 95 103
14. 96 10
14. 97 111
14. 98 36
14. 99 55
15. 0 54
15. 1 49
15. 2 99
15. 3 89
15. 4 92
15. 5 67
15. 6 72
15. 7 96
15. 8 34
15. 9 54
15. 10 14
15. 11 27
15. 12 33
15. 13 44
15. 14 86
15. 15 59
15. 16 97
15. 17 88
15. 18 107
15. 19 89
15. 20 50
15. 21 43
15. 22 17
15. 23 38
15. 24 41
15. 25 66
15. 26 88
15. 27 85
15. 28 22
15. 29 104
15. 30 90
15. 31 16
15. 32 38
15. 33 12
15. 34 56
15. 35 43
15. 36 68
15. 37 59
15. 38 73
15. 39 60
15. 40 14
15. 41 98
15. 42 84
15. 43 85
15. 44 88
15. 45 57
15. 46 50
15. 47 68
15. 48 19
15. 49 20
15. 50 71
15. 51 109
15. 52 67
15. 53 23
15. 54 80
15. 55 34
15. 56 75
15. 57 67
15. 58 109
15. 59 41
15. 60 75
15. 61 76
15. 62 19
15. 63 86
15. 64 104
15. 65 24
15. 66 14
15. 67 21
15. 68 48
15. 69 32
15. 70 10
15. 71 53
15. 72 105
15. 73 79
15. 74 114
15. 75 47
15. 76 91
15. 77 66
15. 78 103
15. 79 63
15. 80 36
15. 81 87
15. 82 57
15. 83 53
15. 84 101
15. 85 64
15. 86 37
15. 87 110
15. 88 24
15. 89 60
15. 90 82
15. 91 83
15. 92 104
15. 93 15
15. 94 12
15. 95 37
15. 96 85
15. 97 103
15. 98 88
15. 99 75
16. 0 77
16. 1 102
16. 2 64
16. 3 96
16. 4 24
16. 5 50
16. 6 80
16. 7 69
16. 8 16
16. 9 110
16. 10 37
16. 11 30
16. 12 101
16. 13 60
16. 14 23
16. 15 35
16. 16 53
16. 17 93
16. 18 38
16. 19 25
16. 20 20
16. 21 31
16. 22 107
16. 23 27
16. 24 115
16. 25 15
16. 26 30
16. 27 57
16. 28 14
16. 29 94
16. 30 39
16. 31 58
16. 32 50
16. 33 49
16. 34 10
16. 35 48
16. 36 37
16. 37 53
16. 38 88
16. 39 24
16. 40 87
16. 41 74
16. 42 40
16. 43 86
16. 44 20
16. 45 34
16. 46 100
16. 47 91
16. 48 74
16. 49 101
16. 50 60
16. 51 103
16. 52 85
16. 53 48
16. 54 100
16. 55 68
16. 56 51
16. 57 30
16. 58 63
16. 59 22
16. 60 33
16. 61 80
16. 62 87
16. 63 71
16. 64 96
16. 65 11
16. 66 34
16. 67 98
16. 68 65
16. 69 84
16. 70 61
16. 71 48
16. 72 37
16. 73 63
16. 74 72
16. 75 44
16. 76 10
16. 77 25
16. 78 31
16. 79 18
16. 80 90
16. 81 58
16. 82 78
16. 83 90
16. 84 77
16. 85 45
16. 86 86
16. 87 24
16. 88 64
16. 89 76
16. 90 20
16. 91 7
16. 92 115
16. 93 69
16. 94 41
16. 95 50
16. 96 95
16. 97 31
16. 98 52
16. 99 91
17. 0 20
17. 1 29
17. 2 30
17. 3 6
17. 4 58
17. 5 86
17. 6 43
17. 7 103
17. 8 85
17. 9 51
17. 10 13
17. 11 79
17. 12 38
17. 13 98
17. 14 75
17. 15 16
17. 16 106
17. 17 76
17. 18 104
17. 19 76
17. 20 20
17. 21 14
17. 22 18
17. 23 35
17. 24 67
17. 25 93
17. 26 22
17. 27 77
17. 28 63
17. 29 96
17. 30 79
17. 31 97
17. 32 106
17. 33 95
17. 34 40
17. 35 76
17. 36 12
17. 37 115
17. 38 39
17. 39 103
17. 40 45
17. 41 13
17. 42 53
17. 43 36
17. 44 88
17. 45 59
17. 46 50
17. 47 51
17. 48 30
17. 49 37
17. 50 106
17. 51 91
17. 52 15
17. 53 86
17. 54 107
17. 55 83
17. 56 89
17. 57 80
17. 58 6
17. 59 59
17. 60 65
17. 61 112
17. 62 75
17. 63 90
17. 64 43
17. 65 68
17. 66 70
17. 67 26
17. 68 72
17. 69 101
17. 70 96
17. 71 47
17. 72 47
17. 73 97
17. 74 12
17. 75 95
17. 76 81
17. 77 119
17. 78 73
17. 79 109
17. 80 106
17. 81 109
17. 82 76
17. 83 53
17. 84 102
17. 85 98
17. 86 28
17. 87 59
17. 88 72
17. 89 69
17. 90 39
17. 91 62
17. 92 79
17. 93 10
17. 94 79
17. 95 22
17. 96 19
17. 97 18
17. 98 109
17. 99 102
18. 0 46
18. 1 62
18. 2 23
18. 3 81
18. 4 78
18. 5 46
18. 6 65
18. 7 23
18. 8 92
18. 9 58
18. 10 45
18. 11 65
18. 12 100
18. 13 31
18. 14 111
18. 15 91
18. 16 82
18. 17 53
18. 18 61
18. 19 48
18. 20 63
18. 21 57
18. 22 22
18. 23 55
18. 24 36
18. 25 103
18. 26 98
18. 27 92
18. 28 98
18. 29 78
18. 30 21
18. 31 95
18. 32 112
18. 33 56
18. 34 23
18. 35 13
18. 36 20
18. 37 91
18. 38 116
18. 39 114
18. 40 89
18. 41 63
18. 42 43
18. 43 61
18. 44 69
18. 45 70
18. 46 98
18. 47 16
18. 48 51
18. 49 45
18. 50 112
18. 51 60
18. 52 35
18. 53 103
18. 54 27
18. 55 49
18. 56 19
18. 57 47
18. 58 94
18. 59 81
18. 60 54
18. 61 7
18. 62 60
18. 63 78
18. 64 41
18. 65 44
18. 66 30
18. 67 94
18. 68 27
18. 69 43
18. 70 24
18. 71 58
18. 72 73
18. 73 38
18. 74 11
18. 75 53
18. 76 85
18. 77 32
18. 78 81
18. 79 105
18. 80 17
18. 81 104
18. 82 42
18. 83 26
18. 84 41
18. 85 28
18. 86 98
18. 87 42
18. 88 65
18. 89 57
18. 90 82
18. 91 69
18. 92 76
18. 93 101
18. 94 35
18. 95 45
18. 96 79
18. 97 110
18. 98 30
18. 99 14
19. 0 43
19. 1 95
19. 2 81
19. 3 52
19. 4 75
19. 5 16
19. 6 93
19. 7 88
19. 8 31
19. 9 28
19. 10 73
19. 11 30
19. 12 61
19. 13 87
19. 14 82
19. 15 21
19. 16 42
19. 17 22
19. 18 31
19. 19 108
19. 20 102
19. 21 16
19. 22 45
19. 23 22
19. 24 104
19. 25 40
19. 26 85
19. 27 54
19. 28 22
19. 29 78
19. 30 22
19. 31 72
19. 32 87
19. 33 25
19. 34 49
19. 35 75
19. 36 58
19. 37 84
19. 38 19
19. 39 72
19. 40 26
19. 41 86
19. 42 39
19. 43 74
19. 44 54
19. 45 89
19. 46 59
19. 47 61
19. 48 32
19. 49 27
19. 50 77
19. 51 68
19. 52 53
19. 53 107
19. 54 105
19. 55 68
19. 56 68
19. 57 87
19. 58 84
19. 59 27
19. 60 77
19. 61 78
19. 62 19
19. 63 44
19. 64 30
19. 65 50
19. 66 23
19. 67 67
19. 68 103
19. 69 99
19. 70 75
19. 71 12
19. 72 38
19. 73 4
19. 74 41
19. 75 56
19. 76 64
19. 77 110
19. 78 52
19. 79 86
19. 80 78
19. 81 56
19. 82 97
19. 83 83
19. 84 28
19. 85 15
19. 86 10
19. 87 77
19. 88 16
19. 89 69
19. 90 97
19. 91 24
19. 92 30
19. 93 21
19. 94 65
19. 95 32
19. 96 54
19. 97 91
19. 98 54
19. 99 92
/;
parameter a(i,j)/
0. 0 17
0. 1 24
0. 2 14
0. 3 76
0. 4 34
0. 5 32
0. 6 33
0. 7 55
0. 8 30
0. 9 95
0. 10 81
0. 11 38
0. 12 61
0. 13 11
0. 14 85
0. 15 7
0. 16 18
0. 17 13
0. 18 89
0. 19 4
0. 20 38
0. 21 34
0. 22 4
0. 23 8
0. 24 4
0. 25 84
0. 26 83
0. 27 36
0. 28 61
0. 29 81
0. 30 20
0. 31 2
0. 32 88
0. 33 93
0. 34 96
0. 35 44
0. 36 54
0. 37 20
0. 38 61
0. 39 39
0. 40 4
0. 41 94
0. 42 98
0. 43 49
0. 44 93
0. 45 99
0. 46 25
0. 47 79
0. 48 22
0. 49 6
0. 50 100
0. 51 26
0. 52 81
0. 53 29
0. 54 95
0. 55 79
0. 56 80
0. 57 82
0. 58 78
0. 59 42
0. 60 44
0. 61 52
0. 62 91
0. 63 73
0. 64 62
0. 65 71
0. 66 49
0. 67 74
0. 68 78
0. 69 94
0. 70 59
0. 71 40
0. 72 2
0. 73 70
0. 74 76
0. 75 17
0. 76 26
0. 77 14
0. 78 97
0. 79 51
0. 80 36
0. 81 63
0. 82 13
0. 83 87
0. 84 96
0. 85 30
0. 86 17
0. 87 13
0. 88 90
0. 89 38
0. 90 88
0. 91 96
0. 92 15
0. 93 39
0. 94 48
0. 95 97
0. 96 96
0. 97 8
0. 98 20
0. 99 32
1. 0 20
1. 1 23
1. 2 72
1. 3 51
1. 4 58
1. 5 5
1. 6 82
1. 7 10
1. 8 87
1. 9 43
1. 10 7
1. 11 4
1. 12 50
1. 13 69
1. 14 92
1. 15 27
1. 16 100
1. 17 17
1. 18 10
1. 19 55
1. 20 49
1. 21 21
1. 22 46
1. 23 88
1. 24 55
1. 25 92
1. 26 38
1. 27 55
1. 28 8
1. 29 29
1. 30 87
1. 31 32
1. 32 99
1. 33 99
1. 34 31
1. 35 65
1. 36 69
1. 37 52
1. 38 16
1. 39 41
1. 40 11
1. 41 94
1. 42 42
1. 43 16
1. 44 10
1. 45 83
1. 46 32
1. 47 34
1. 48 19
1. 49 91
1. 50 95
1. 51 44
1. 52 30
1. 53 70
1. 54 20
1. 55 54
1. 56 56
1. 57 80
1. 58 93
1. 59 22
1. 60 73
1. 61 26
1. 62 64
1. 63 36
1. 64 47
1. 65 34
1. 66 51
1. 67 70
1. 68 86
1. 69 36
1. 70 12
1. 71 69
1. 72 44
1. 73 98
1. 74 77
1. 75 62
1. 76 22
1. 77 37
1. 78 65
1. 79 42
1. 80 88
1. 81 76
1. 82 80
1. 83 17
1. 84 68
1. 85 94
1. 86 12
1. 87 77
1. 88 17
1. 89 95
1. 90 28
1. 91 72
1. 92 28
1. 93 67
1. 94 100
1. 95 50
1. 96 4
1. 97 62
1. 98 31
1. 99 50
2. 0 24
2. 1 54
2. 2 41
2. 3 1
2. 4 41
2. 5 8
2. 6 69
2. 7 15
2. 8 50
2. 9 31
2. 10 55
2. 11 32
2. 12 52
2. 13 18
2. 14 57
2. 15 8
2. 16 56
2. 17 78
2. 18 59
2. 19 88
2. 20 48
2. 21 50
2. 22 45
2. 23 76
2. 24 68
2. 25 90
2. 26 76
2. 27 29
2. 28 19
2. 29 41
2. 30 55
2. 31 90
2. 32 55
2. 33 74
2. 34 4
2. 35 92
2. 36 67
2. 37 99
2. 38 61
2. 39 44
2. 40 21
2. 41 41
2. 42 3
2. 43 32
2. 44 65
2. 45 85
2. 46 1
2. 47 47
2. 48 44
2. 49 76
2. 50 31
2. 51 64
2. 52 68
2. 53 82
2. 54 26
2. 55 1
2. 56 48
2. 57 4
2. 58 10
2. 59 75
2. 60 52
2. 61 49
2. 62 90
2. 63 66
2. 64 11
2. 65 37
2. 66 42
2. 67 40
2. 68 95
2. 69 67
2. 70 80
2. 71 13
2. 72 19
2. 73 11
2. 74 43
2. 75 17
2. 76 90
2. 77 66
2. 78 73
2. 79 62
2. 80 46
2. 81 14
2. 82 33
2. 83 29
2. 84 5
2. 85 47
2. 86 41
2. 87 12
2. 88 81
2. 89 92
2. 90 53
2. 91 35
2. 92 70
2. 93 86
2. 94 90
2. 95 57
2. 96 83
2. 97 56
2. 98 25
2. 99 95
3. 0 8
3. 1 30
3. 2 36
3. 3 86
3. 4 87
3. 5 61
3. 6 42
3. 7 8
3. 8 2
3. 9 71
3. 10 16
3. 11 77
3. 12 32
3. 13 90
3. 14 5
3. 15 53
3. 16 98
3. 17 24
3. 18 43
3. 19 69
3. 20 40
3. 21 8
3. 22 91
3. 23 5
3. 24 51
3. 25 75
3. 26 91
3. 27 33
3. 28 22
3. 29 14
3. 30 61
3. 31 50
3. 32 99
3. 33 28
3. 34 25
3. 35 23
3. 36 28
3. 37 81
3. 38 4
3. 39 74
3. 40 81
3. 41 36
3. 42 60
3. 43 13
3. 44 33
3. 45 76
3. 46 21
3. 47 55
3. 48 94
3. 49 16
3. 50 69
3. 51 30
3. 52 59
3. 53 77
3. 54 43
3. 55 27
3. 56 83
3. 57 60
3. 58 14
3. 59 66
3. 60 37
3. 61 69
3. 62 90
3. 63 46
3. 64 69
3. 65 25
3. 66 26
3. 67 79
3. 68 4
3. 69 31
3. 70 66
3. 71 31
3. 72 19
3. 73 13
3. 74 19
3. 75 89
3. 76 37
3. 77 13
3. 78 89
3. 79 99
3. 80 48
3. 81 44
3. 82 42
3. 83 51
3. 84 29
3. 85 98
3. 86 64
3. 87 90
3. 88 60
3. 89 6
3. 90 64
3. 91 21
3. 92 99
3. 93 48
3. 94 89
3. 95 72
3. 96 30
3. 97 3
3. 98 4
3. 99 9
4. 0 37
4. 1 45
4. 2 99
4. 3 39
4. 4 19
4. 5 81
4. 6 90
4. 7 20
4. 8 95
4. 9 15
4. 10 52
4. 11 96
4. 12 27
4. 13 54
4. 14 68
4. 15 83
4. 16 3
4. 17 38
4. 18 42
4. 19 29
4. 20 90
4. 21 2
4. 22 33
4. 23 62
4. 24 36
4. 25 51
4. 26 66
4. 27 62
4. 28 3
4. 29 68
4. 30 7
4. 31 61
4. 32 9
4. 33 29
4. 34 10
4. 35 10
4. 36 89
4. 37 39
4. 38 56
4. 39 18
4. 40 14
4. 41 68
4. 42 86
4. 43 6
4. 44 7
4. 45 13
4. 46 38
4. 47 74
4. 48 90
4. 49 41
4. 50 2
4. 51 26
4. 52 87
4. 53 57
4. 54 93
4. 55 49
4. 56 36
4. 57 50
4. 58 67
4. 59 99
4. 60 16
4. 61 48
4. 62 68
4. 63 84
4. 64 60
4. 65 60
4. 66 38
4. 67 98
4. 68 50
4. 69 6
4. 70 82
4. 71 90
4. 72 63
4. 73 30
4. 74 4
4. 75 33
4. 76 71
4. 77 9
4. 78 26
4. 79 71
4. 80 61
4. 81 19
4. 82 99
4. 83 12
4. 84 76
4. 85 3
4. 86 4
4. 87 40
4. 88 47
4. 89 88
4. 90 69
4. 91 10
4. 92 11
4. 93 94
4. 94 4
4. 95 21
4. 96 90
4. 97 88
4. 98 59
4. 99 7
5. 0 32
5. 1 25
5. 2 19
5. 3 44
5. 4 69
5. 5 31
5. 6 50
5. 7 29
5. 8 14
5. 9 53
5. 10 92
5. 11 15
5. 12 45
5. 13 58
5. 14 27
5. 15 63
5. 16 91
5. 17 94
5. 18 8
5. 19 88
5. 20 75
5. 21 83
5. 22 86
5. 23 72
5. 24 34
5. 25 75
5. 26 18
5. 27 14
5. 28 57
5. 29 33
5. 30 82
5. 31 87
5. 32 71
5. 33 62
5. 34 4
5. 35 81
5. 36 17
5. 37 72
5. 38 6
5. 39 93
5. 40 39
5. 41 77
5. 42 81
5. 43 46
5. 44 32
5. 45 14
5. 46 11
5. 47 1
5. 48 74
5. 49 4
5. 50 33
5. 51 45
5. 52 87
5. 53 20
5. 54 65
5. 55 6
5. 56 45
5. 57 86
5. 58 94
5. 59 99
5. 60 82
5. 61 88
5. 62 49
5. 63 33
5. 64 18
5. 65 2
5. 66 54
5. 67 1
5. 68 56
5. 69 26
5. 70 85
5. 71 72
5. 72 59
5. 73 35
5. 74 19
5. 75 100
5. 76 69
5. 77 16
5. 78 12
5. 79 98
5. 80 79
5. 81 31
5. 82 92
5. 83 59
5. 84 9
5. 85 59
5. 86 88
5. 87 83
5. 88 11
5. 89 42
5. 90 4
5. 91 11
5. 92 41
5. 93 18
5. 94 39
5. 95 90
5. 96 28
5. 97 53
5. 98 76
5. 99 100
6. 0 89
6. 1 39
6. 2 37
6. 3 57
6. 4 96
6. 5 3
6. 6 20
6. 7 10
6. 8 65
6. 9 65
6. 10 25
6. 11 70
6. 12 67
6. 13 95
6. 14 79
6. 15 73
6. 16 26
6. 17 32
6. 18 71
6. 19 19
6. 20 9
6. 21 79
6. 22 1
6. 23 82
6. 24 71
6. 25 60
6. 26 64
6. 27 48
6. 28 69
6. 29 45
6. 30 55
6. 31 72
6. 32 81
6. 33 29
6. 34 45
6. 35 89
6. 36 82
6. 37 81
6. 38 81
6. 39 5
6. 40 86
6. 41 33
6. 42 80
6. 43 80
6. 44 10
6. 45 35
6. 46 76
6. 47 30
6. 48 81
6. 49 41
6. 50 64
6. 51 75
6. 52 24
6. 53 58
6. 54 26
6. 55 39
6. 56 71
6. 57 23
6. 58 70
6. 59 45
6. 60 16
6. 61 31
6. 62 67
6. 63 6
6. 64 57
6. 65 83
6. 66 26
6. 67 55
6. 68 57
6. 69 87
6. 70 82
6. 71 13
6. 72 60
6. 73 66
6. 74 39
6. 75 40
6. 76 89
6. 77 16
6. 78 47
6. 79 68
6. 80 80
6. 81 61
6. 82 53
6. 83 64
6. 84 53
6. 85 58
6. 86 2
6. 87 9
6. 88 96
6. 89 86
6. 90 38
6. 91 64
6. 92 55
6. 93 83
6. 94 67
6. 95 89
6. 96 100
6. 97 63
6. 98 32
6. 99 86
7. 0 72
7. 1 63
7. 2 90
7. 3 56
7. 4 71
7. 5 80
7. 6 2
7. 7 7
7. 8 94
7. 9 21
7. 10 42
7. 11 23
7. 12 84
7. 13 41
7. 14 55
7. 15 40
7. 16 100
7. 17 82
7. 18 37
7. 19 13
7. 20 61
7. 21 3
7. 22 85
7. 23 36
7. 24 81
7. 25 99
7. 26 97
7. 27 4
7. 28 53
7. 29 2
7. 30 51
7. 31 65
7. 32 86
7. 33 73
7. 34 55
7. 35 57
7. 36 65
7. 37 62
7. 38 100
7. 39 85
7. 40 23
7. 41 58
7. 42 95
7. 43 27
7. 44 17
7. 45 97
7. 46 26
7. 47 8
7. 48 80
7. 49 55
7. 50 22
7. 51 70
7. 52 41
7. 53 97
7. 54 58
7. 55 40
7. 56 97
7. 57 95
7. 58 82
7. 59 34
7. 60 17
7. 61 4
7. 62 2
7. 63 17
7. 64 69
7. 65 2
7. 66 11
7. 67 31
7. 68 46
7. 69 73
7. 70 1
7. 71 27
7. 72 87
7. 73 54
7. 74 23
7. 75 8
7. 76 60
7. 77 20
7. 78 52
7. 79 19
7. 80 17
7. 81 24
7. 82 35
7. 83 96
7. 84 71
7. 85 64
7. 86 43
7. 87 100
7. 88 19
7. 89 11
7. 90 34
7. 91 54
7. 92 56
7. 93 46
7. 94 41
7. 95 17
7. 96 99
7. 97 58
7. 98 78
7. 99 93
8. 0 79
8. 1 45
8. 2 6
8. 3 30
8. 4 3
8. 5 61
8. 6 29
8. 7 92
8. 8 55
8. 9 74
8. 10 57
8. 11 70
8. 12 43
8. 13 56
8. 14 36
8. 15 4
8. 16 44
8. 17 73
8. 18 58
8. 19 88
8. 20 67
8. 21 7
8. 22 47
8. 23 40
8. 24 88
8. 25 77
8. 26 57
8. 27 86
8. 28 63
8. 29 70
8. 30 57
8. 31 54
8. 32 87
8. 33 81
8. 34 51
8. 35 39
8. 36 98
8. 37 50
8. 38 99
8. 39 4
8. 40 2
8. 41 93
8. 42 97
8. 43 5
8. 44 1
8. 45 42
8. 46 72
8. 47 2
8. 48 13
8. 49 63
8. 50 56
8. 51 22
8. 52 76
8. 53 69
8. 54 100
8. 55 63
8. 56 96
8. 57 16
8. 58 74
8. 59 91
8. 60 59
8. 61 90
8. 62 37
8. 63 23
8. 64 52
8. 65 59
8. 66 4
8. 67 46
8. 68 11
8. 69 15
8. 70 6
8. 71 61
8. 72 62
8. 73 82
8. 74 63
8. 75 15
8. 76 43
8. 77 95
8. 78 71
8. 79 99
8. 80 91
8. 81 46
8. 82 23
8. 83 68
8. 84 85
8. 85 99
8. 86 55
8. 87 91
8. 88 19
8. 89 56
8. 90 51
8. 91 47
8. 92 94
8. 93 90
8. 94 90
8. 95 4
8. 96 16
8. 97 24
8. 98 72
8. 99 90
9. 0 87
9. 1 74
9. 2 4
9. 3 81
9. 4 53
9. 5 20
9. 6 80
9. 7 39
9. 8 30
9. 9 47
9. 10 48
9. 11 96
9. 12 49
9. 13 5
9. 14 82
9. 15 38
9. 16 48
9. 17 26
9. 18 62
9. 19 88
9. 20 55
9. 21 60
9. 22 80
9. 23 16
9. 24 82
9. 25 65
9. 26 72
9. 27 98
9. 28 82
9. 29 97
9. 30 92
9. 31 57
9. 32 82
9. 33 62
9. 34 33
9. 35 78
9. 36 55
9. 37 56
9. 38 9
9. 39 61
9. 40 32
9. 41 55
9. 42 1
9. 43 93
9. 44 18
9. 45 96
9. 46 88
9. 47 92
9. 48 23
9. 49 97
9. 50 51
9. 51 17
9. 52 64
9. 53 66
9. 54 88
9. 55 6
9. 56 50
9. 57 31
9. 58 23
9. 59 5
9. 60 9
9. 61 70
9. 62 38
9. 63 79
9. 64 61
9. 65 41
9. 66 17
9. 67 61
9. 68 6
9. 69 14
9. 70 43
9. 71 14
9. 72 30
9. 73 96
9. 74 14
9. 75 89
9. 76 89
9. 77 46
9. 78 32
9. 79 34
9. 80 80
9. 81 85
9. 82 39
9. 83 37
9. 84 62
9. 85 80
9. 86 37
9. 87 72
9. 88 32
9. 89 29
9. 90 70
9. 91 20
9. 92 18
9. 93 4
9. 94 17
9. 95 36
9. 96 98
9. 97 91
9. 98 66
9. 99 38
10. 0 3
10. 1 86
10. 2 11
10. 3 75
10. 4 13
10. 5 71
10. 6 53
10. 7 77
10. 8 13
10. 9 55
10. 10 38
10. 11 19
10. 12 100
10. 13 81
10. 14 28
10. 15 3
10. 16 28
10. 17 82
10. 18 22
10. 19 16
10. 20 72
10. 21 17
10. 22 21
10. 23 35
10. 24 89
10. 25 36
10. 26 71
10. 27 55
10. 28 78
10. 29 17
10. 30 73
10. 31 12
10. 32 3
10. 33 37
10. 34 77
10. 35 71
10. 36 80
10. 37 100
10. 38 70
10. 39 48
10. 40 97
10. 41 94
10. 42 65
10. 43 45
10. 44 70
10. 45 99
10. 46 3
10. 47 68
10. 48 98
10. 49 24
10. 50 74
10. 51 88
10. 52 23
10. 53 79
10. 54 69
10. 55 40
10. 56 60
10. 57 73
10. 58 76
10. 59 7
10. 60 94
10. 61 44
10. 62 14
10. 63 86
10. 64 23
10. 65 7
10. 66 37
10. 67 74
10. 68 38
10. 69 27
10. 70 1
10. 71 89
10. 72 11
10. 73 4
10. 74 7
10. 75 61
10. 76 88
10. 77 77
10. 78 32
10. 79 81
10. 80 68
10. 81 29
10. 82 57
10. 83 82
10. 84 49
10. 85 19
10. 86 94
10. 87 20
10. 88 30
10. 89 92
10. 90 44
10. 91 15
10. 92 48
10. 93 18
10. 94 51
10. 95 56
10. 96 38
10. 97 3
10. 98 23
10. 99 2
11. 0 6
11. 1 17
11. 2 67
11. 3 85
11. 4 82
11. 5 2
11. 6 92
11. 7 58
11. 8 62
11. 9 71
11. 10 70
11. 11 88
11. 12 92
11. 13 93
11. 14 69
11. 15 43
11. 16 21
11. 17 63
11. 18 58
11. 19 58
11. 20 56
11. 21 46
11. 22 18
11. 23 43
11. 24 52
11. 25 9
11. 26 31
11. 27 17
11. 28 83
11. 29 7
11. 30 2
11. 31 24
11. 32 9
11. 33 58
11. 34 72
11. 35 18
11. 36 99
11. 37 74
11. 38 82
11. 39 78
11. 40 8
11. 41 63
11. 42 56
11. 43 33
11. 44 87
11. 45 82
11. 46 45
11. 47 60
11. 48 21
11. 49 58
11. 50 8
11. 51 35
11. 52 56
11. 53 57
11. 54 78
11. 55 7
11. 56 27
11. 57 9
11. 58 85
11. 59 62
11. 60 52
11. 61 72
11. 62 73
11. 63 50
11. 64 85
11. 65 57
11. 66 5
11. 67 65
11. 68 7
11. 69 78
11. 70 73
11. 71 7
11. 72 52
11. 73 54
11. 74 12
11. 75 55
11. 76 26
11. 77 35
11. 78 52
11. 79 68
11. 80 40
11. 81 75
11. 82 75
11. 83 28
11. 84 6
11. 85 19
11. 86 39
11. 87 67
11. 88 6
11. 89 29
11. 90 26
11. 91 77
11. 92 100
11. 93 23
11. 94 72
11. 95 43
11. 96 78
11. 97 47
11. 98 41
11. 99 2
12. 0 14
12. 1 46
12. 2 96
12. 3 81
12. 4 30
12. 5 68
12. 6 46
12. 7 92
12. 8 42
12. 9 65
12. 10 91
12. 11 52
12. 12 78
12. 13 6
12. 14 75
12. 15 9
12. 16 42
12. 17 99
12. 18 47
12. 19 31
12. 20 26
12. 21 4
12. 22 56
12. 23 50
12. 24 39
12. 25 57
12. 26 68
12. 27 7
12. 28 45
12. 29 79
12. 30 36
12. 31 1
12. 32 84
12. 33 78
12. 34 17
12. 35 79
12. 36 87
12. 37 51
12. 38 48
12. 39 77
12. 40 29
12. 41 52
12. 42 100
12. 43 41
12. 44 45
12. 45 65
12. 46 7
12. 47 49
12. 48 58
12. 49 34
12. 50 87
12. 51 53
12. 52 39
12. 53 92
12. 54 56
12. 55 61
12. 56 43
12. 57 43
12. 58 64
12. 59 97
12. 60 48
12. 61 28
12. 62 33
12. 63 30
12. 64 42
12. 65 50
12. 66 35
12. 67 31
12. 68 76
12. 69 70
12. 70 94
12. 71 40
12. 72 39
12. 73 53
12. 74 49
12. 75 14
12. 76 59
12. 77 86
12. 78 57
12. 79 16
12. 80 10
12. 81 36
12. 82 73
12. 83 34
12. 84 2
12. 85 71
12. 86 95
12. 87 90
12. 88 42
12. 89 21
12. 90 98
12. 91 14
12. 92 62
12. 93 92
12. 94 59
12. 95 57
12. 96 73
12. 97 8
12. 98 84
12. 99 10
13. 0 62
13. 1 15
13. 2 45
13. 3 10
13. 4 82
13. 5 93
13. 6 43
13. 7 93
13. 8 50
13. 9 27
13. 10 93
13. 11 74
13. 12 12
13. 13 85
13. 14 59
13. 15 22
13. 16 85
13. 17 41
13. 18 26
13. 19 13
13. 20 29
13. 21 4
13. 22 44
13. 23 4
13. 24 69
13. 25 87
13. 26 25
13. 27 42
13. 28 20
13. 29 69
13. 30 34
13. 31 38
13. 32 17
13. 33 96
13. 34 46
13. 35 11
13. 36 31
13. 37 71
13. 38 22
13. 39 50
13. 40 54
13. 41 68
13. 42 69
13. 43 83
13. 44 36
13. 45 36
13. 46 29
13. 47 14
13. 48 64
13. 49 24
13. 50 85
13. 51 3
13. 52 53
13. 53 76
13. 54 6
13. 55 63
13. 56 63
13. 57 54
13. 58 26
13. 59 47
13. 60 86
13. 61 24
13. 62 85
13. 63 84
13. 64 23
13. 65 48
13. 66 25
13. 67 64
13. 68 15
13. 69 57
13. 70 60
13. 71 2
13. 72 20
13. 73 9
13. 74 21
13. 75 3
13. 76 16
13. 77 15
13. 78 3
13. 79 50
13. 80 26
13. 81 64
13. 82 94
13. 83 29
13. 84 26
13. 85 94
13. 86 27
13. 87 31
13. 88 46
13. 89 56
13. 90 42
13. 91 27
13. 92 34
13. 93 33
13. 94 77
13. 95 64
13. 96 73
13. 97 25
13. 98 96
13. 99 86
14. 0 24
14. 1 94
14. 2 64
14. 3 14
14. 4 3
14. 5 74
14. 6 73
14. 7 87
14. 8 44
14. 9 20
14. 10 36
14. 11 20
14. 12 69
14. 13 28
14. 14 57
14. 15 59
14. 16 15
14. 17 84
14. 18 82
14. 19 97
14. 20 27
14. 21 77
14. 22 36
14. 23 35
14. 24 85
14. 25 31
14. 26 80
14. 27 39
14. 28 67
14. 29 4
14. 30 57
14. 31 94
14. 32 8
14. 33 95
14. 34 79
14. 35 98
14. 36 69
14. 37 7
14. 38 29
14. 39 88
14. 40 70
14. 41 19
14. 42 17
14. 43 59
14. 44 98
14. 45 3
14. 46 66
14. 47 54
14. 48 51
14. 49 49
14. 50 81
14. 51 95
14. 52 29
14. 53 21
14. 54 59
14. 55 22
14. 56 21
14. 57 23
14. 58 100
14. 59 19
14. 60 15
14. 61 84
14. 62 89
14. 63 99
14. 64 74
14. 65 47
14. 66 79
14. 67 12
14. 68 94
14. 69 76
14. 70 81
14. 71 54
14. 72 6
14. 73 54
14. 74 68
14. 75 49
14. 76 27
14. 77 99
14. 78 94
14. 79 77
14. 80 21
14. 81 58
14. 82 67
14. 83 7
14. 84 80
14. 85 17
14. 86 41
14. 87 34
14. 88 81
14. 89 86
14. 90 78
14. 91 59
14. 92 38
14. 93 85
14. 94 59
14. 95 10
14. 96 91
14. 97 6
14. 98 78
14. 99 61
15. 0 63
15. 1 68
15. 2 5
15. 3 31
15. 4 23
15. 5 39
15. 6 47
15. 7 21
15. 8 82
15. 9 48
15. 10 100
15. 11 83
15. 12 73
15. 13 57
15. 14 21
15. 15 62
15. 16 20
15. 17 15
15. 18 1
15. 19 17
15. 20 67
15. 21 70
15. 22 88
15. 23 63
15. 24 65
15. 25 51
15. 26 17
15. 27 32
15. 28 86
15. 29 4
15. 30 20
15. 31 97
15. 32 69
15. 33 95
15. 34 59
15. 35 60
15. 36 48
15. 37 58
15. 38 46
15. 39 51
15. 40 96
15. 41 3
15. 42 27
15. 43 28
15. 44 14
15. 45 60
15. 46 54
15. 47 36
15. 48 99
15. 49 86
15. 50 41
15. 51 10
15. 52 36
15. 53 95
15. 54 39
15. 55 81
15. 56 33
15. 57 45
15. 58 1
15. 59 68
15. 60 46
15. 61 41
15. 62 87
15. 63 20
15. 64 15
15. 65 89
15. 66 87
15. 67 82
15. 68 73
15. 69 69
15. 70 91
15. 71 62
15. 72 13
15. 73 39
15. 74 2
15. 75 62
15. 76 10
15. 77 55
15. 78 13
15. 79 50
15. 80 73
15. 81 23
15. 82 46
15. 83 51
15. 84 9
15. 85 55
15. 86 75
15. 87 8
15. 88 92
15. 89 54
15. 90 27
15. 91 18
15. 92 15
15. 93 90
15. 94 92
15. 95 74
15. 96 16
15. 97 4
15. 98 17
15. 99 32
16. 0 44
16. 1 1
16. 2 44
16. 3 23
16. 4 84
16. 5 54
16. 6 38
16. 7 32
16. 8 86
16. 9 1
16. 10 82
16. 11 75
16. 12 11
16. 13 41
16. 14 87
16. 15 75
16. 16 62
16. 17 15
16. 18 73
16. 19 89
16. 20 98
16. 21 86
16. 22 2
16. 23 77
16. 24 1
16. 25 98
16. 26 84
16. 27 54
16. 28 92
16. 29 16
16. 30 63
16. 31 44
16. 32 69
16. 33 53
16. 34 98
16. 35 53
16. 36 73
16. 37 67
16. 38 30
16. 39 84
16. 40 28
16. 41 30
16. 42 75
16. 43 26
16. 44 89
16. 45 78
16. 46 18
16. 47 12
16. 48 33
16. 49 10
16. 50 46
16. 51 14
16. 52 18
16. 53 72
16. 54 12
16. 55 38
16. 56 67
16. 57 80
16. 58 47
16. 59 98
16. 60 75
16. 61 24
16. 62 21
16. 63 46
16. 64 16
16. 65 100
16. 66 83
16. 67 14
16. 68 50
16. 69 19
16. 70 59
16. 71 60
16. 72 81
16. 73 45
16. 74 43
16. 75 66
16. 76 94
16. 77 92
16. 78 78
16. 79 93
16. 80 19
16. 81 50
16. 82 41
16. 83 21
16. 84 29
16. 85 62
16. 86 32
16. 87 93
16. 88 37
16. 89 27
16. 90 98
16. 91 94
16. 92 6
16. 93 47
16. 94 71
16. 95 67
16. 96 12
16. 97 85
16. 98 63
16. 99 18
17. 0 96
17. 1 73
17. 2 89
17. 3 96
17. 4 47
17. 5 21
17. 6 71
17. 7 6
17. 8 20
17. 9 65
17. 10 92
17. 11 41
17. 12 76
17. 13 15
17. 14 38
17. 15 93
17. 16 15
17. 17 31
17. 18 17
17. 19 27
17. 20 96
17. 21 100
17. 22 89
17. 23 73
17. 24 35
17. 25 26
17. 26 81
17. 27 29
17. 28 41
17. 29 24
17. 30 36
17. 31 22
17. 32 2
17. 33 12
17. 34 71
17. 35 30
17. 36 90
17. 37 4
17. 38 79
17. 39 2
17. 40 74
17. 41 99
17. 42 67
17. 43 78
17. 44 19
17. 45 57
17. 46 52
17. 47 61
17. 48 71
17. 49 75
17. 50 10
17. 51 25
17. 52 86
17. 53 30
17. 54 7
17. 55 18
17. 56 23
17. 57 27
17. 58 100
17. 59 53
17. 60 49
17. 61 7
17. 62 35
17. 63 30
17. 64 66
17. 65 45
17. 66 37
17. 67 93
17. 68 33
17. 69 14
17. 70 19
17. 71 58
17. 72 69
17. 73 18
17. 74 95
17. 75 24
17. 76 24
17. 77 1
17. 78 33
17. 79 4
17. 80 2
17. 81 10
17. 82 36
17. 83 66
17. 84 8
17. 85 22
17. 86 73
17. 87 54
17. 88 38
17. 89 33
17. 90 63
17. 91 56
17. 92 40
17. 93 92
17. 94 26
17. 95 95
17. 96 98
17. 97 100
17. 98 7
17. 99 14
18. 0 57
18. 1 40
18. 2 80
18. 3 24
18. 4 29
18. 5 70
18. 6 53
18. 7 95
18. 8 25
18. 9 43
18. 10 66
18. 11 46
18. 12 20
18. 13 78
18. 14 5
18. 15 30
18. 16 26
18. 17 54
18. 18 41
18. 19 56
18. 20 58
18. 21 53
18. 22 88
18. 23 53
18. 24 79
18. 25 13
18. 26 11
18. 27 13
18. 28 16
18. 29 27
18. 30 81
18. 31 19
18. 32 4
18. 33 46
18. 34 84
18. 35 98
18. 36 88
18. 37 22
18. 38 2
18. 39 2
18. 40 15
18. 41 50
18. 42 68
18. 43 58
18. 44 50
18. 45 38
18. 46 13
18. 47 89
18. 48 59
18. 49 74
18. 50 2
18. 51 45
18. 52 71
18. 53 16
18. 54 78
18. 55 55
18. 56 89
18. 57 73
18. 58 26
18. 59 31
18. 60 47
18. 61 97
18. 62 48
18. 63 31
18. 64 75
18. 65 65
18. 66 88
18. 67 24
18. 68 86
18. 69 64
18. 70 87
18. 71 56
18. 72 47
18. 73 63
18. 74 93
18. 75 60
18. 76 23
18. 77 74
18. 78 37
18. 79 15
18. 80 88
18. 81 1
18. 82 78
18. 83 88
18. 84 75
18. 85 73
18. 86 21
18. 87 69
18. 88 53
18. 89 48
18. 90 39
18. 91 40
18. 92 29
18. 93 6
18. 94 77
18. 95 70
18. 96 28
18. 97 4
18. 98 83
18. 99 94
19. 0 78
19. 1 10
19. 2 38
19. 3 63
19. 4 33
19. 5 92
19. 6 28
19. 7 17
19. 8 82
19. 9 91
19. 10 42
19. 11 77
19. 12 53
19. 13 28
19. 14 29
19. 15 100
19. 16 75
19. 17 96
19. 18 90
19. 19 1
19. 20 12
19. 21 85
19. 22 56
19. 23 79
19. 24 7
19. 25 69
19. 26 26
19. 27 52
19. 28 85
19. 29 42
19. 30 95
19. 31 45
19. 32 22
19. 33 92
19. 34 69
19. 35 26
19. 36 47
19. 37 23
19. 38 93
19. 39 41
19. 40 76
19. 41 16
19. 42 76
19. 43 39
19. 44 53
19. 45 19
19. 46 47
19. 47 42
19. 48 88
19. 49 82
19. 50 40
19. 51 52
19. 52 68
19. 53 4
19. 54 16
19. 55 34
19. 56 38
19. 57 25
19. 58 33
19. 59 91
19. 60 24
19. 61 27
19. 62 82
19. 63 63
19. 64 91
19. 65 66
19. 66 79
19. 67 46
19. 68 17
19. 69 9
19. 70 46
19. 71 91
19. 72 66
19. 73 98
19. 74 69
19. 75 63
19. 76 46
19. 77 11
19. 78 59
19. 79 24
19. 80 39
19. 81 46
19. 82 12
19. 83 21
19. 84 82
19. 85 96
19. 86 91
19. 87 37
19. 88 87
19. 89 32
19. 90 23
19. 91 97
19. 92 82
19. 93 82
19. 94 40
19. 95 78
19. 96 65
19. 97 11
19. 98 51
19. 99 19
/;
parameter b(i)/
0 207
1 204
2 196
3 191
4 189
5 200
6 219
7 203
8 219
9 209
10 196
11 195
12 207
13 182
14 217
15 194
16 211
17 187
18 201
19 211
/;
