set j job /0*399/;
set i machine /0*9/;
parameter c(i,j)/
0. 0 81
0. 1 64
0. 2 5
0. 3 61
0. 4 67
0. 5 97
0. 6 74
0. 7 97
0. 8 32
0. 9 25
0. 10 50
0. 11 48
0. 12 91
0. 13 74
0. 14 82
0. 15 16
0. 16 82
0. 17 43
0. 18 83
0. 19 52
0. 20 74
0. 21 26
0. 22 83
0. 23 69
0. 24 55
0. 25 87
0. 26 23
0. 27 42
0. 28 27
0. 29 43
0. 30 46
0. 31 11
0. 32 51
0. 33 34
0. 34 105
0. 35 81
0. 36 19
0. 37 31
0. 38 11
0. 39 64
0. 40 79
0. 41 23
0. 42 82
0. 43 70
0. 44 75
0. 45 76
0. 46 20
0. 47 10
0. 48 72
0. 49 28
0. 50 51
0. 51 59
0. 52 77
0. 53 42
0. 54 20
0. 55 108
0. 56 92
0. 57 2
0. 58 105
0. 59 49
0. 60 15
0. 61 60
0. 62 112
0. 63 57
0. 64 11
0. 65 76
0. 66 15
0. 67 59
0. 68 76
0. 69 76
0. 70 79
0. 71 79
0. 72 110
0. 73 26
0. 74 77
0. 75 30
0. 76 15
0. 77 67
0. 78 31
0. 79 70
0. 80 45
0. 81 22
0. 82 85
0. 83 22
0. 84 53
0. 85 91
0. 86 90
0. 87 66
0. 88 111
0. 89 84
0. 90 103
0. 91 60
0. 92 81
0. 93 107
0. 94 26
0. 95 96
0. 96 54
0. 97 94
0. 98 39
0. 99 77
0. 100 40
0. 101 10
0. 102 86
0. 103 51
0. 104 45
0. 105 33
0. 106 99
0. 107 58
0. 108 44
0. 109 20
0. 110 43
0. 111 11
0. 112 112
0. 113 75
0. 114 81
0. 115 35
0. 116 41
0. 117 97
0. 118 104
0. 119 61
0. 120 107
0. 121 20
0. 122 39
0. 123 45
0. 124 116
0. 125 103
0. 126 91
0. 127 68
0. 128 29
0. 129 49
0. 130 37
0. 131 95
0. 132 30
0. 133 65
0. 134 57
0. 135 22
0. 136 21
0. 137 60
0. 138 67
0. 139 34
0. 140 28
0. 141 40
0. 142 19
0. 143 63
0. 144 36
0. 145 97
0. 146 78
0. 147 20
0. 148 35
0. 149 102
0. 150 61
0. 151 64
0. 152 78
0. 153 93
0. 154 67
0. 155 56
0. 156 60
0. 157 100
0. 158 110
0. 159 68
0. 160 39
0. 161 77
0. 162 104
0. 163 83
0. 164 58
0. 165 49
0. 166 48
0. 167 34
0. 168 13
0. 169 33
0. 170 13
0. 171 35
0. 172 111
0. 173 70
0. 174 35
0. 175 86
0. 176 42
0. 177 70
0. 178 9
0. 179 100
0. 180 28
0. 181 79
0. 182 78
0. 183 24
0. 184 72
0. 185 60
0. 186 79
0. 187 14
0. 188 118
0. 189 27
0. 190 18
0. 191 89
0. 192 45
0. 193 109
0. 194 67
0. 195 11
0. 196 13
0. 197 23
0. 198 97
0. 199 81
0. 200 107
0. 201 99
0. 202 26
0. 203 30
0. 204 26
0. 205 46
0. 206 65
0. 207 81
0. 208 104
0. 209 111
0. 210 81
0. 211 48
0. 212 106
0. 213 41
0. 214 26
0. 215 40
0. 216 35
0. 217 110
0. 218 100
0. 219 100
0. 220 20
0. 221 87
0. 222 83
0. 223 56
0. 224 77
0. 225 9
0. 226 33
0. 227 63
0. 228 17
0. 229 66
0. 230 91
0. 231 74
0. 232 45
0. 233 77
0. 234 49
0. 235 91
0. 236 107
0. 237 17
0. 238 56
0. 239 101
0. 240 35
0. 241 75
0. 242 17
0. 243 16
0. 244 86
0. 245 29
0. 246 11
0. 247 34
0. 248 86
0. 249 32
0. 250 9
0. 251 68
0. 252 37
0. 253 81
0. 254 112
0. 255 110
0. 256 26
0. 257 38
0. 258 20
0. 259 94
0. 260 27
0. 261 70
0. 262 114
0. 263 95
0. 264 103
0. 265 99
0. 266 61
0. 267 14
0. 268 81
0. 269 92
0. 270 113
0. 271 53
0. 272 37
0. 273 110
0. 274 91
0. 275 28
0. 276 107
0. 277 26
0. 278 16
0. 279 114
0. 280 100
0. 281 87
0. 282 46
0. 283 26
0. 284 112
0. 285 100
0. 286 103
0. 287 86
0. 288 115
0. 289 13
0. 290 5
0. 291 96
0. 292 59
0. 293 23
0. 294 24
0. 295 6
0. 296 34
0. 297 97
0. 298 74
0. 299 78
0. 300 48
0. 301 29
0. 302 50
0. 303 41
0. 304 76
0. 305 97
0. 306 97
0. 307 44
0. 308 36
0. 309 45
0. 310 95
0. 311 29
0. 312 87
0. 313 93
0. 314 79
0. 315 99
0. 316 65
0. 317 96
0. 318 33
0. 319 98
0. 320 81
0. 321 24
0. 322 14
0. 323 40
0. 324 79
0. 325 86
0. 326 16
0. 327 80
0. 328 28
0. 329 14
0. 330 37
0. 331 54
0. 332 45
0. 333 87
0. 334 101
0. 335 44
0. 336 25
0. 337 37
0. 338 41
0. 339 40
0. 340 101
0. 341 57
0. 342 41
0. 343 19
0. 344 93
0. 345 42
0. 346 93
0. 347 105
0. 348 71
0. 349 51
0. 350 53
0. 351 86
0. 352 81
0. 353 96
0. 354 95
0. 355 106
0. 356 49
0. 357 58
0. 358 38
0. 359 48
0. 360 64
0. 361 90
0. 362 13
0. 363 29
0. 364 65
0. 365 77
0. 366 55
0. 367 36
0. 368 96
0. 369 62
0. 370 106
0. 371 47
0. 372 81
0. 373 26
0. 374 100
0. 375 25
0. 376 74
0. 377 79
0. 378 69
0. 379 100
0. 380 17
0. 381 61
0. 382 86
0. 383 17
0. 384 19
0. 385 110
0. 386 44
0. 387 94
0. 388 29
0. 389 30
0. 390 54
0. 391 13
0. 392 42
0. 393 79
0. 394 101
0. 395 104
0. 396 34
0. 397 64
0. 398 92
0. 399 63
1. 0 114
1. 1 38
1. 2 49
1. 3 49
1. 4 53
1. 5 74
1. 6 33
1. 7 96
1. 8 9
1. 9 48
1. 10 106
1. 11 70
1. 12 68
1. 13 84
1. 14 74
1. 15 83
1. 16 43
1. 17 101
1. 18 18
1. 19 55
1. 20 90
1. 21 92
1. 22 44
1. 23 96
1. 24 30
1. 25 90
1. 26 33
1. 27 36
1. 28 113
1. 29 29
1. 30 72
1. 31 72
1. 32 21
1. 33 112
1. 34 61
1. 35 86
1. 36 26
1. 37 93
1. 38 98
1. 39 60
1. 40 65
1. 41 3
1. 42 51
1. 43 102
1. 44 25
1. 45 108
1. 46 9
1. 47 37
1. 48 48
1. 49 60
1. 50 25
1. 51 20
1. 52 81
1. 53 43
1. 54 21
1. 55 32
1. 56 41
1. 57 110
1. 58 96
1. 59 77
1. 60 100
1. 61 70
1. 62 107
1. 63 98
1. 64 73
1. 65 58
1. 66 90
1. 67 35
1. 68 66
1. 69 35
1. 70 44
1. 71 80
1. 72 69
1. 73 60
1. 74 51
1. 75 93
1. 76 80
1. 77 53
1. 78 45
1. 79 64
1. 80 30
1. 81 14
1. 82 71
1. 83 45
1. 84 44
1. 85 62
1. 86 33
1. 87 50
1. 88 113
1. 89 75
1. 90 37
1. 91 72
1. 92 86
1. 93 77
1. 94 104
1. 95 36
1. 96 102
1. 97 53
1. 98 18
1. 99 45
1. 100 13
1. 101 66
1. 102 79
1. 103 92
1. 104 59
1. 105 21
1. 106 86
1. 107 78
1. 108 43
1. 109 62
1. 110 85
1. 111 45
1. 112 16
1. 113 81
1. 114 54
1. 115 36
1. 116 19
1. 117 42
1. 118 5
1. 119 34
1. 120 104
1. 121 78
1. 122 52
1. 123 24
1. 124 57
1. 125 16
1. 126 65
1. 127 74
1. 128 92
1. 129 41
1. 130 61
1. 131 22
1. 132 63
1. 133 22
1. 134 64
1. 135 68
1. 136 91
1. 137 93
1. 138 114
1. 139 4
1. 140 17
1. 141 27
1. 142 108
1. 143 97
1. 144 90
1. 145 77
1. 146 69
1. 147 80
1. 148 57
1. 149 11
1. 150 95
1. 151 45
1. 152 109
1. 153 54
1. 154 35
1. 155 49
1. 156 36
1. 157 89
1. 158 30
1. 159 35
1. 160 26
1. 161 109
1. 162 71
1. 163 87
1. 164 46
1. 165 43
1. 166 93
1. 167 16
1. 168 95
1. 169 27
1. 170 44
1. 171 60
1. 172 105
1. 173 17
1. 174 30
1. 175 107
1. 176 72
1. 177 95
1. 178 47
1. 179 87
1. 180 46
1. 181 69
1. 182 19
1. 183 16
1. 184 32
1. 185 22
1. 186 53
1. 187 37
1. 188 38
1. 189 111
1. 190 50
1. 191 39
1. 192 58
1. 193 32
1. 194 16
1. 195 52
1. 196 28
1. 197 95
1. 198 22
1. 199 58
1. 200 54
1. 201 100
1. 202 41
1. 203 79
1. 204 76
1. 205 35
1. 206 64
1. 207 46
1. 208 114
1. 209 98
1. 210 10
1. 211 19
1. 212 72
1. 213 97
1. 214 64
1. 215 57
1. 216 57
1. 217 25
1. 218 110
1. 219 77
1. 220 76
1. 221 35
1. 222 32
1. 223 58
1. 224 21
1. 225 25
1. 226 98
1. 227 50
1. 228 49
1. 229 45
1. 230 55
1. 231 90
1. 232 29
1. 233 75
1. 234 27
1. 235 19
1. 236 102
1. 237 80
1. 238 72
1. 239 93
1. 240 104
1. 241 109
1. 242 99
1. 243 115
1. 244 67
1. 245 104
1. 246 73
1. 247 15
1. 248 101
1. 249 36
1. 250 85
1. 251 110
1. 252 58
1. 253 105
1. 254 60
1. 255 41
1. 256 99
1. 257 55
1. 258 53
1. 259 86
1. 260 45
1. 261 12
1. 262 72
1. 263 7
1. 264 15
1. 265 77
1. 266 18
1. 267 68
1. 268 67
1. 269 47
1. 270 34
1. 271 102
1. 272 86
1. 273 120
1. 274 48
1. 275 66
1. 276 109
1. 277 20
1. 278 28
1. 279 47
1. 280 16
1. 281 22
1. 282 29
1. 283 111
1. 284 62
1. 285 84
1. 286 111
1. 287 90
1. 288 16
1. 289 47
1. 290 92
1. 291 41
1. 292 24
1. 293 71
1. 294 90
1. 295 74
1. 296 22
1. 297 101
1. 298 44
1. 299 90
1. 300 51
1. 301 22
1. 302 27
1. 303 66
1. 304 80
1. 305 44
1. 306 27
1. 307 61
1. 308 44
1. 309 26
1. 310 40
1. 311 28
1. 312 90
1. 313 11
1. 314 53
1. 315 72
1. 316 67
1. 317 87
1. 318 57
1. 319 24
1. 320 25
1. 321 77
1. 322 46
1. 323 87
1. 324 56
1. 325 33
1. 326 3
1. 327 32
1. 328 33
1. 329 99
1. 330 111
1. 331 24
1. 332 86
1. 333 72
1. 334 19
1. 335 31
1. 336 98
1. 337 107
1. 338 20
1. 339 23
1. 340 37
1. 341 39
1. 342 78
1. 343 69
1. 344 105
1. 345 21
1. 346 58
1. 347 62
1. 348 105
1. 349 27
1. 350 47
1. 351 59
1. 352 40
1. 353 38
1. 354 13
1. 355 78
1. 356 17
1. 357 62
1. 358 14
1. 359 41
1. 360 49
1. 361 39
1. 362 19
1. 363 43
1. 364 43
1. 365 114
1. 366 77
1. 367 96
1. 368 30
1. 369 29
1. 370 47
1. 371 69
1. 372 101
1. 373 92
1. 374 48
1. 375 53
1. 376 98
1. 377 86
1. 378 44
1. 379 59
1. 380 82
1. 381 29
1. 382 62
1. 383 40
1. 384 5
1. 385 39
1. 386 92
1. 387 57
1. 388 25
1. 389 18
1. 390 87
1. 391 112
1. 392 67
1. 393 41
1. 394 86
1. 395 78
1. 396 65
1. 397 100
1. 398 39
1. 399 59
2. 0 99
2. 1 25
2. 2 81
2. 3 72
2. 4 74
2. 5 74
2. 6 27
2. 7 61
2. 8 63
2. 9 55
2. 10 23
2. 11 42
2. 12 19
2. 13 33
2. 14 41
2. 15 31
2. 16 21
2. 17 83
2. 18 75
2. 19 66
2. 20 109
2. 21 95
2. 22 96
2. 23 71
2. 24 54
2. 25 83
2. 26 79
2. 27 11
2. 28 92
2. 29 62
2. 30 62
2. 31 90
2. 32 41
2. 33 87
2. 34 52
2. 35 59
2. 36 101
2. 37 47
2. 38 69
2. 39 28
2. 40 24
2. 41 33
2. 42 44
2. 43 102
2. 44 54
2. 45 18
2. 46 17
2. 47 33
2. 48 105
2. 49 69
2. 50 68
2. 51 99
2. 52 35
2. 53 26
2. 54 14
2. 55 101
2. 56 75
2. 57 17
2. 58 8
2. 59 103
2. 60 57
2. 61 41
2. 62 117
2. 63 55
2. 64 114
2. 65 79
2. 66 107
2. 67 95
2. 68 66
2. 69 86
2. 70 64
2. 71 101
2. 72 104
2. 73 78
2. 74 70
2. 75 24
2. 76 58
2. 77 72
2. 78 55
2. 79 38
2. 80 68
2. 81 107
2. 82 33
2. 83 47
2. 84 44
2. 85 13
2. 86 106
2. 87 79
2. 88 31
2. 89 88
2. 90 51
2. 91 86
2. 92 91
2. 93 38
2. 94 86
2. 95 75
2. 96 23
2. 97 102
2. 98 62
2. 99 116
2. 100 47
2. 101 26
2. 102 55
2. 103 7
2. 104 103
2. 105 67
2. 106 78
2. 107 111
2. 108 57
2. 109 105
2. 110 80
2. 111 52
2. 112 95
2. 113 108
2. 114 48
2. 115 34
2. 116 50
2. 117 18
2. 118 15
2. 119 118
2. 120 36
2. 121 61
2. 122 63
2. 123 51
2. 124 38
2. 125 5
2. 126 52
2. 127 85
2. 128 94
2. 129 72
2. 130 34
2. 131 95
2. 132 77
2. 133 114
2. 134 101
2. 135 65
2. 136 112
2. 137 88
2. 138 23
2. 139 99
2. 140 34
2. 141 35
2. 142 10
2. 143 41
2. 144 87
2. 145 76
2. 146 84
2. 147 81
2. 148 5
2. 149 14
2. 150 17
2. 151 104
2. 152 79
2. 153 111
2. 154 38
2. 155 60
2. 156 75
2. 157 72
2. 158 88
2. 159 37
2. 160 42
2. 161 40
2. 162 71
2. 163 40
2. 164 24
2. 165 52
2. 166 36
2. 167 49
2. 168 77
2. 169 104
2. 170 34
2. 171 40
2. 172 107
2. 173 79
2. 174 76
2. 175 42
2. 176 62
2. 177 26
2. 178 8
2. 179 84
2. 180 55
2. 181 73
2. 182 43
2. 183 20
2. 184 87
2. 185 89
2. 186 20
2. 187 54
2. 188 39
2. 189 82
2. 190 66
2. 191 96
2. 192 85
2. 193 50
2. 194 59
2. 195 53
2. 196 29
2. 197 57
2. 198 28
2. 199 72
2. 200 82
2. 201 96
2. 202 71
2. 203 100
2. 204 103
2. 205 48
2. 206 86
2. 207 50
2. 208 50
2. 209 92
2. 210 84
2. 211 73
2. 212 58
2. 213 19
2. 214 118
2. 215 83
2. 216 40
2. 217 43
2. 218 69
2. 219 45
2. 220 117
2. 221 52
2. 222 48
2. 223 43
2. 224 29
2. 225 84
2. 226 96
2. 227 73
2. 228 34
2. 229 103
2. 230 82
2. 231 53
2. 232 83
2. 233 37
2. 234 75
2. 235 81
2. 236 54
2. 237 110
2. 238 43
2. 239 31
2. 240 56
2. 241 43
2. 242 67
2. 243 52
2. 244 70
2. 245 50
2. 246 85
2. 247 104
2. 248 109
2. 249 54
2. 250 41
2. 251 84
2. 252 14
2. 253 80
2. 254 58
2. 255 116
2. 256 58
2. 257 118
2. 258 98
2. 259 52
2. 260 88
2. 261 95
2. 262 57
2. 263 116
2. 264 53
2. 265 59
2. 266 39
2. 267 58
2. 268 78
2. 269 44
2. 270 64
2. 271 52
2. 272 43
2. 273 40
2. 274 68
2. 275 42
2. 276 83
2. 277 24
2. 278 61
2. 279 51
2. 280 87
2. 281 21
2. 282 68
2. 283 55
2. 284 8
2. 285 111
2. 286 9
2. 287 82
2. 288 71
2. 289 80
2. 290 52
2. 291 79
2. 292 61
2. 293 59
2. 294 46
2. 295 35
2. 296 40
2. 297 104
2. 298 30
2. 299 85
2. 300 73
2. 301 89
2. 302 22
2. 303 108
2. 304 65
2. 305 104
2. 306 56
2. 307 60
2. 308 101
2. 309 91
2. 310 76
2. 311 48
2. 312 37
2. 313 74
2. 314 94
2. 315 95
2. 316 36
2. 317 70
2. 318 71
2. 319 52
2. 320 41
2. 321 79
2. 322 24
2. 323 115
2. 324 55
2. 325 49
2. 326 78
2. 327 38
2. 328 85
2. 329 71
2. 330 52
2. 331 7
2. 332 70
2. 333 72
2. 334 25
2. 335 53
2. 336 95
2. 337 27
2. 338 52
2. 339 74
2. 340 105
2. 341 53
2. 342 57
2. 343 28
2. 344 41
2. 345 99
2. 346 40
2. 347 60
2. 348 105
2. 349 75
2. 350 51
2. 351 22
2. 352 77
2. 353 93
2. 354 14
2. 355 78
2. 356 7
2. 357 98
2. 358 79
2. 359 70
2. 360 27
2. 361 54
2. 362 83
2. 363 87
2. 364 56
2. 365 42
2. 366 35
2. 367 78
2. 368 78
2. 369 77
2. 370 95
2. 371 29
2. 372 90
2. 373 72
2. 374 63
2. 375 48
2. 376 73
2. 377 79
2. 378 43
2. 379 58
2. 380 39
2. 381 81
2. 382 106
2. 383 31
2. 384 102
2. 385 79
2. 386 96
2. 387 81
2. 388 93
2. 389 36
2. 390 23
2. 391 91
2. 392 96
2. 393 46
2. 394 76
2. 395 79
2. 396 33
2. 397 101
2. 398 71
2. 399 63
3. 0 34
3. 1 57
3. 2 94
3. 3 28
3. 4 48
3. 5 102
3. 6 56
3. 7 71
3. 8 42
3. 9 92
3. 10 34
3. 11 92
3. 12 58
3. 13 16
3. 14 35
3. 15 28
3. 16 14
3. 17 26
3. 18 19
3. 19 114
3. 20 59
3. 21 22
3. 22 8
3. 23 97
3. 24 20
3. 25 48
3. 26 20
3. 27 116
3. 28 79
3. 29 24
3. 30 64
3. 31 109
3. 32 21
3. 33 63
3. 34 58
3. 35 84
3. 36 22
3. 37 55
3. 38 61
3. 39 81
3. 40 32
3. 41 108
3. 42 78
3. 43 63
3. 44 77
3. 45 103
3. 46 64
3. 47 59
3. 48 70
3. 49 2
3. 50 69
3. 51 96
3. 52 47
3. 53 17
3. 54 42
3. 55 56
3. 56 22
3. 57 60
3. 58 58
3. 59 85
3. 60 82
3. 61 21
3. 62 81
3. 63 47
3. 64 70
3. 65 93
3. 66 108
3. 67 88
3. 68 15
3. 69 95
3. 70 29
3. 71 95
3. 72 66
3. 73 14
3. 74 35
3. 75 44
3. 76 24
3. 77 102
3. 78 101
3. 79 68
3. 80 13
3. 81 106
3. 82 85
3. 83 28
3. 84 117
3. 85 31
3. 86 9
3. 87 114
3. 88 20
3. 89 55
3. 90 47
3. 91 45
3. 92 12
3. 93 20
3. 94 107
3. 95 27
3. 96 26
3. 97 51
3. 98 42
3. 99 5
3. 100 81
3. 101 101
3. 102 99
3. 103 26
3. 104 95
3. 105 94
3. 106 61
3. 107 26
3. 108 43
3. 109 27
3. 110 85
3. 111 85
3. 112 91
3. 113 13
3. 114 99
3. 115 100
3. 116 61
3. 117 32
3. 118 87
3. 119 89
3. 120 105
3. 121 66
3. 122 22
3. 123 56
3. 124 71
3. 125 102
3. 126 58
3. 127 33
3. 128 50
3. 129 41
3. 130 31
3. 131 96
3. 132 28
3. 133 47
3. 134 68
3. 135 40
3. 136 32
3. 137 42
3. 138 66
3. 139 30
3. 140 54
3. 141 45
3. 142 50
3. 143 7
3. 144 40
3. 145 15
3. 146 85
3. 147 62
3. 148 46
3. 149 82
3. 150 29
3. 151 17
3. 152 85
3. 153 94
3. 154 51
3. 155 89
3. 156 73
3. 157 82
3. 158 107
3. 159 22
3. 160 19
3. 161 41
3. 162 82
3. 163 35
3. 164 86
3. 165 66
3. 166 108
3. 167 79
3. 168 20
3. 169 30
3. 170 59
3. 171 76
3. 172 30
3. 173 80
3. 174 50
3. 175 17
3. 176 16
3. 177 98
3. 178 42
3. 179 37
3. 180 56
3. 181 100
3. 182 28
3. 183 27
3. 184 81
3. 185 20
3. 186 57
3. 187 50
3. 188 90
3. 189 92
3. 190 81
3. 191 87
3. 192 83
3. 193 106
3. 194 77
3. 195 33
3. 196 34
3. 197 81
3. 198 64
3. 199 40
3. 200 59
3. 201 67
3. 202 77
3. 203 39
3. 204 81
3. 205 92
3. 206 5
3. 207 36
3. 208 26
3. 209 40
3. 210 34
3. 211 60
3. 212 69
3. 213 78
3. 214 23
3. 215 64
3. 216 32
3. 217 78
3. 218 37
3. 219 18
3. 220 91
3. 221 18
3. 222 3
3. 223 99
3. 224 89
3. 225 100
3. 226 114
3. 227 96
3. 228 25
3. 229 13
3. 230 98
3. 231 18
3. 232 84
3. 233 13
3. 234 38
3. 235 68
3. 236 52
3. 237 34
3. 238 78
3. 239 80
3. 240 92
3. 241 80
3. 242 74
3. 243 46
3. 244 18
3. 245 62
3. 246 75
3. 247 47
3. 248 69
3. 249 98
3. 250 46
3. 251 31
3. 252 96
3. 253 103
3. 254 32
3. 255 38
3. 256 97
3. 257 50
3. 258 25
3. 259 64
3. 260 92
3. 261 76
3. 262 67
3. 263 14
3. 264 45
3. 265 27
3. 266 72
3. 267 65
3. 268 21
3. 269 34
3. 270 85
3. 271 20
3. 272 56
3. 273 46
3. 274 71
3. 275 63
3. 276 49
3. 277 117
3. 278 18
3. 279 110
3. 280 41
3. 281 23
3. 282 91
3. 283 83
3. 284 62
3. 285 60
3. 286 59
3. 287 104
3. 288 104
3. 289 93
3. 290 74
3. 291 70
3. 292 81
3. 293 20
3. 294 101
3. 295 18
3. 296 7
3. 297 17
3. 298 65
3. 299 52
3. 300 22
3. 301 77
3. 302 115
3. 303 102
3. 304 90
3. 305 83
3. 306 31
3. 307 33
3. 308 28
3. 309 77
3. 310 20
3. 311 84
3. 312 28
3. 313 112
3. 314 75
3. 315 98
3. 316 21
3. 317 104
3. 318 12
3. 319 72
3. 320 101
3. 321 22
3. 322 47
3. 323 27
3. 324 69
3. 325 91
3. 326 48
3. 327 41
3. 328 30
3. 329 54
3. 330 56
3. 331 41
3. 332 45
3. 333 102
3. 334 92
3. 335 28
3. 336 22
3. 337 73
3. 338 51
3. 339 93
3. 340 91
3. 341 58
3. 342 108
3. 343 75
3. 344 68
3. 345 100
3. 346 20
3. 347 77
3. 348 79
3. 349 58
3. 350 93
3. 351 8
3. 352 54
3. 353 24
3. 354 100
3. 355 99
3. 356 94
3. 357 48
3. 358 49
3. 359 57
3. 360 108
3. 361 17
3. 362 25
3. 363 81
3. 364 114
3. 365 60
3. 366 37
3. 367 91
3. 368 36
3. 369 14
3. 370 68
3. 371 118
3. 372 91
3. 373 65
3. 374 76
3. 375 40
3. 376 55
3. 377 36
3. 378 93
3. 379 19
3. 380 79
3. 381 44
3. 382 22
3. 383 56
3. 384 22
3. 385 64
3. 386 22
3. 387 7
3. 388 67
3. 389 86
3. 390 19
3. 391 94
3. 392 90
3. 393 83
3. 394 77
3. 395 37
3. 396 88
3. 397 22
3. 398 26
3. 399 23
4. 0 30
4. 1 12
4. 2 29
4. 3 34
4. 4 96
4. 5 102
4. 6 100
4. 7 95
4. 8 35
4. 9 27
4. 10 108
4. 11 73
4. 12 116
4. 13 78
4. 14 49
4. 15 55
4. 16 106
4. 17 37
4. 18 4
4. 19 106
4. 20 72
4. 21 35
4. 22 71
4. 23 54
4. 24 82
4. 25 107
4. 26 63
4. 27 107
4. 28 60
4. 29 32
4. 30 68
4. 31 72
4. 32 78
4. 33 95
4. 34 61
4. 35 43
4. 36 90
4. 37 44
4. 38 51
4. 39 49
4. 40 30
4. 41 50
4. 42 24
4. 43 68
4. 44 102
4. 45 12
4. 46 2
4. 47 39
4. 48 112
4. 49 80
4. 50 66
4. 51 86
4. 52 89
4. 53 100
4. 54 10
4. 55 54
4. 56 45
4. 57 52
4. 58 20
4. 59 65
4. 60 22
4. 61 68
4. 62 49
4. 63 77
4. 64 69
4. 65 45
4. 66 103
4. 67 64
4. 68 50
4. 69 47
4. 70 70
4. 71 47
4. 72 98
4. 73 19
4. 74 41
4. 75 63
4. 76 44
4. 77 93
4. 78 65
4. 79 74
4. 80 29
4. 81 19
4. 82 25
4. 83 72
4. 84 35
4. 85 62
4. 86 78
4. 87 65
4. 88 52
4. 89 42
4. 90 86
4. 91 83
4. 92 56
4. 93 24
4. 94 49
4. 95 54
4. 96 66
4. 97 74
4. 98 48
4. 99 30
4. 100 10
4. 101 96
4. 102 37
4. 103 69
4. 104 92
4. 105 82
4. 106 34
4. 107 57
4. 108 24
4. 109 100
4. 110 95
4. 111 65
4. 112 56
4. 113 77
4. 114 13
4. 115 5
4. 116 59
4. 117 55
4. 118 32
4. 119 35
4. 120 12
4. 121 92
4. 122 51
4. 123 60
4. 124 81
4. 125 108
4. 126 21
4. 127 74
4. 128 48
4. 129 95
4. 130 67
4. 131 69
4. 132 56
4. 133 75
4. 134 44
4. 135 68
4. 136 77
4. 137 88
4. 138 27
4. 139 20
4. 140 39
4. 141 11
4. 142 84
4. 143 11
4. 144 91
4. 145 53
4. 146 39
4. 147 41
4. 148 68
4. 149 87
4. 150 102
4. 151 88
4. 152 33
4. 153 16
4. 154 20
4. 155 59
4. 156 13
4. 157 23
4. 158 58
4. 159 83
4. 160 48
4. 161 13
4. 162 102
4. 163 64
4. 164 71
4. 165 19
4. 166 24
4. 167 56
4. 168 16
4. 169 112
4. 170 27
4. 171 98
4. 172 80
4. 173 56
4. 174 60
4. 175 65
4. 176 104
4. 177 39
4. 178 101
4. 179 48
4. 180 100
4. 181 48
4. 182 56
4. 183 98
4. 184 91
4. 185 99
4. 186 35
4. 187 72
4. 188 60
4. 189 30
4. 190 104
4. 191 82
4. 192 54
4. 193 69
4. 194 15
4. 195 70
4. 196 75
4. 197 64
4. 198 17
4. 199 36
4. 200 29
4. 201 31
4. 202 71
4. 203 14
4. 204 93
4. 205 63
4. 206 25
4. 207 34
4. 208 60
4. 209 44
4. 210 99
4. 211 113
4. 212 33
4. 213 73
4. 214 74
4. 215 77
4. 216 105
4. 217 25
4. 218 92
4. 219 89
4. 220 106
4. 221 21
4. 222 18
4. 223 68
4. 224 93
4. 225 78
4. 226 60
4. 227 22
4. 228 40
4. 229 75
4. 230 24
4. 231 69
4. 232 104
4. 233 72
4. 234 92
4. 235 23
4. 236 82
4. 237 92
4. 238 97
4. 239 24
4. 240 62
4. 241 69
4. 242 45
4. 243 54
4. 244 16
4. 245 100
4. 246 53
4. 247 16
4. 248 21
4. 249 49
4. 250 40
4. 251 34
4. 252 71
4. 253 45
4. 254 57
4. 255 91
4. 256 98
4. 257 31
4. 258 88
4. 259 29
4. 260 13
4. 261 93
4. 262 98
4. 263 87
4. 264 52
4. 265 41
4. 266 59
4. 267 18
4. 268 80
4. 269 58
4. 270 50
4. 271 90
4. 272 26
4. 273 96
4. 274 24
4. 275 111
4. 276 15
4. 277 77
4. 278 24
4. 279 54
4. 280 5
4. 281 23
4. 282 104
4. 283 46
4. 284 87
4. 285 27
4. 286 50
4. 287 34
4. 288 107
4. 289 73
4. 290 21
4. 291 12
4. 292 19
4. 293 80
4. 294 27
4. 295 84
4. 296 53
4. 297 17
4. 298 75
4. 299 85
4. 300 84
4. 301 34
4. 302 90
4. 303 28
4. 304 42
4. 305 34
4. 306 100
4. 307 31
4. 308 51
4. 309 110
4. 310 94
4. 311 89
4. 312 78
4. 313 53
4. 314 70
4. 315 58
4. 316 86
4. 317 84
4. 318 64
4. 319 23
4. 320 67
4. 321 45
4. 322 78
4. 323 49
4. 324 72
4. 325 86
4. 326 78
4. 327 21
4. 328 6
4. 329 34
4. 330 77
4. 331 25
4. 332 95
4. 333 45
4. 334 81
4. 335 85
4. 336 56
4. 337 53
4. 338 48
4. 339 38
4. 340 57
4. 341 79
4. 342 83
4. 343 93
4. 344 33
4. 345 105
4. 346 88
4. 347 40
4. 348 10
4. 349 29
4. 350 75
4. 351 90
4. 352 82
4. 353 102
4. 354 96
4. 355 12
4. 356 70
4. 357 77
4. 358 66
4. 359 39
4. 360 23
4. 361 22
4. 362 79
4. 363 95
4. 364 77
4. 365 74
4. 366 39
4. 367 106
4. 368 111
4. 369 77
4. 370 84
4. 371 94
4. 372 87
4. 373 77
4. 374 49
4. 375 113
4. 376 82
4. 377 51
4. 378 32
4. 379 16
4. 380 41
4. 381 75
4. 382 42
4. 383 88
4. 384 70
4. 385 57
4. 386 83
4. 387 110
4. 388 37
4. 389 76
4. 390 67
4. 391 52
4. 392 30
4. 393 45
4. 394 9
4. 395 107
4. 396 89
4. 397 35
4. 398 77
4. 399 7
5. 0 20
5. 1 63
5. 2 109
5. 3 35
5. 4 64
5. 5 98
5. 6 43
5. 7 73
5. 8 28
5. 9 64
5. 10 65
5. 11 64
5. 12 30
5. 13 61
5. 14 94
5. 15 83
5. 16 23
5. 17 13
5. 18 64
5. 19 27
5. 20 59
5. 21 103
5. 22 110
5. 23 10
5. 24 30
5. 25 42
5. 26 92
5. 27 66
5. 28 39
5. 29 101
5. 30 103
5. 31 4
5. 32 57
5. 33 43
5. 34 9
5. 35 31
5. 36 68
5. 37 64
5. 38 11
5. 39 26
5. 40 51
5. 41 53
5. 42 50
5. 43 41
5. 44 48
5. 45 87
5. 46 116
5. 47 54
5. 48 93
5. 49 70
5. 50 39
5. 51 17
5. 52 11
5. 53 108
5. 54 38
5. 55 78
5. 56 60
5. 57 27
5. 58 84
5. 59 35
5. 60 55
5. 61 37
5. 62 40
5. 63 84
5. 64 85
5. 65 87
5. 66 62
5. 67 85
5. 68 56
5. 69 56
5. 70 74
5. 71 68
5. 72 68
5. 73 57
5. 74 22
5. 75 73
5. 76 99
5. 77 89
5. 78 7
5. 79 20
5. 80 22
5. 81 86
5. 82 81
5. 83 36
5. 84 87
5. 85 20
5. 86 70
5. 87 57
5. 88 113
5. 89 110
5. 90 19
5. 91 51
5. 92 60
5. 93 85
5. 94 105
5. 95 71
5. 96 107
5. 97 38
5. 98 56
5. 99 21
5. 100 98
5. 101 48
5. 102 49
5. 103 64
5. 104 104
5. 105 15
5. 106 53
5. 107 24
5. 108 81
5. 109 72
5. 110 104
5. 111 88
5. 112 27
5. 113 31
5. 114 20
5. 115 51
5. 116 55
5. 117 40
5. 118 41
5. 119 17
5. 120 95
5. 121 15
5. 122 86
5. 123 103
5. 124 69
5. 125 101
5. 126 51
5. 127 84
5. 128 60
5. 129 33
5. 130 81
5. 131 30
5. 132 19
5. 133 70
5. 134 67
5. 135 78
5. 136 68
5. 137 79
5. 138 47
5. 139 74
5. 140 91
5. 141 24
5. 142 55
5. 143 105
5. 144 84
5. 145 89
5. 146 101
5. 147 24
5. 148 99
5. 149 26
5. 150 59
5. 151 112
5. 152 112
5. 153 103
5. 154 48
5. 155 60
5. 156 95
5. 157 75
5. 158 104
5. 159 74
5. 160 73
5. 161 64
5. 162 39
5. 163 107
5. 164 100
5. 165 29
5. 166 35
5. 167 86
5. 168 19
5. 169 53
5. 170 65
5. 171 58
5. 172 53
5. 173 78
5. 174 88
5. 175 55
5. 176 101
5. 177 23
5. 178 43
5. 179 114
5. 180 95
5. 181 51
5. 182 27
5. 183 66
5. 184 36
5. 185 26
5. 186 81
5. 187 62
5. 188 103
5. 189 57
5. 190 30
5. 191 31
5. 192 53
5. 193 83
5. 194 44
5. 195 73
5. 196 15
5. 197 2
5. 198 74
5. 199 60
5. 200 52
5. 201 22
5. 202 103
5. 203 63
5. 204 18
5. 205 53
5. 206 39
5. 207 91
5. 208 99
5. 209 86
5. 210 102
5. 211 93
5. 212 78
5. 213 82
5. 214 45
5. 215 57
5. 216 63
5. 217 54
5. 218 81
5. 219 27
5. 220 35
5. 221 82
5. 222 3
5. 223 18
5. 224 22
5. 225 30
5. 226 51
5. 227 50
5. 228 77
5. 229 46
5. 230 60
5. 231 87
5. 232 55
5. 233 102
5. 234 92
5. 235 55
5. 236 79
5. 237 57
5. 238 28
5. 239 25
5. 240 80
5. 241 90
5. 242 25
5. 243 48
5. 244 15
5. 245 43
5. 246 47
5. 247 41
5. 248 59
5. 249 53
5. 250 96
5. 251 24
5. 252 70
5. 253 92
5. 254 19
5. 255 53
5. 256 93
5. 257 63
5. 258 67
5. 259 34
5. 260 29
5. 261 51
5. 262 104
5. 263 30
5. 264 13
5. 265 43
5. 266 38
5. 267 70
5. 268 74
5. 269 91
5. 270 82
5. 271 82
5. 272 76
5. 273 41
5. 274 98
5. 275 23
5. 276 28
5. 277 27
5. 278 81
5. 279 48
5. 280 86
5. 281 59
5. 282 109
5. 283 83
5. 284 57
5. 285 76
5. 286 102
5. 287 92
5. 288 20
5. 289 97
5. 290 92
5. 291 55
5. 292 53
5. 293 101
5. 294 94
5. 295 26
5. 296 69
5. 297 93
5. 298 61
5. 299 106
5. 300 70
5. 301 35
5. 302 87
5. 303 83
5. 304 75
5. 305 39
5. 306 80
5. 307 16
5. 308 76
5. 309 92
5. 310 52
5. 311 61
5. 312 43
5. 313 89
5. 314 37
5. 315 21
5. 316 104
5. 317 60
5. 318 37
5. 319 40
5. 320 49
5. 321 17
5. 322 105
5. 323 38
5. 324 23
5. 325 57
5. 326 90
5. 327 67
5. 328 75
5. 329 14
5. 330 37
5. 331 69
5. 332 73
5. 333 43
5. 334 83
5. 335 104
5. 336 102
5. 337 40
5. 338 86
5. 339 18
5. 340 91
5. 341 81
5. 342 17
5. 343 41
5. 344 40
5. 345 31
5. 346 33
5. 347 40
5. 348 73
5. 349 104
5. 350 83
5. 351 103
5. 352 39
5. 353 70
5. 354 36
5. 355 42
5. 356 51
5. 357 12
5. 358 109
5. 359 19
5. 360 21
5. 361 45
5. 362 98
5. 363 45
5. 364 101
5. 365 104
5. 366 23
5. 367 97
5. 368 95
5. 369 92
5. 370 86
5. 371 60
5. 372 24
5. 373 101
5. 374 71
5. 375 21
5. 376 86
5. 377 52
5. 378 48
5. 379 88
5. 380 20
5. 381 87
5. 382 48
5. 383 38
5. 384 47
5. 385 91
5. 386 55
5. 387 64
5. 388 42
5. 389 77
5. 390 82
5. 391 46
5. 392 52
5. 393 54
5. 394 88
5. 395 71
5. 396 9
5. 397 81
5. 398 62
5. 399 67
6. 0 87
6. 1 105
6. 2 102
6. 3 60
6. 4 33
6. 5 104
6. 6 84
6. 7 93
6. 8 63
6. 9 67
6. 10 22
6. 11 52
6. 12 116
6. 13 79
6. 14 25
6. 15 37
6. 16 64
6. 17 33
6. 18 40
6. 19 94
6. 20 95
6. 21 78
6. 22 76
6. 23 25
6. 24 89
6. 25 10
6. 26 107
6. 27 44
6. 28 105
6. 29 74
6. 30 22
6. 31 34
6. 32 27
6. 33 56
6. 34 76
6. 35 79
6. 36 99
6. 37 26
6. 38 99
6. 39 41
6. 40 47
6. 41 33
6. 42 77
6. 43 53
6. 44 68
6. 45 65
6. 46 92
6. 47 51
6. 48 19
6. 49 29
6. 50 92
6. 51 57
6. 52 67
6. 53 75
6. 54 50
6. 55 66
6. 56 24
6. 57 34
6. 58 13
6. 59 89
6. 60 36
6. 61 34
6. 62 21
6. 63 116
6. 64 98
6. 65 63
6. 66 22
6. 67 31
6. 68 74
6. 69 15
6. 70 73
6. 71 84
6. 72 73
6. 73 79
6. 74 23
6. 75 30
6. 76 79
6. 77 27
6. 78 9
6. 79 103
6. 80 47
6. 81 116
6. 82 60
6. 83 94
6. 84 88
6. 85 20
6. 86 63
6. 87 59
6. 88 69
6. 89 104
6. 90 115
6. 91 113
6. 92 76
6. 93 92
6. 94 18
6. 95 61
6. 96 60
6. 97 96
6. 98 49
6. 99 60
6. 100 28
6. 101 91
6. 102 64
6. 103 16
6. 104 44
6. 105 71
6. 106 88
6. 107 32
6. 108 65
6. 109 63
6. 110 89
6. 111 50
6. 112 89
6. 113 54
6. 114 91
6. 115 38
6. 116 85
6. 117 106
6. 118 66
6. 119 84
6. 120 50
6. 121 11
6. 122 41
6. 123 35
6. 124 84
6. 125 92
6. 126 102
6. 127 39
6. 128 85
6. 129 59
6. 130 82
6. 131 34
6. 132 81
6. 133 54
6. 134 97
6. 135 28
6. 136 87
6. 137 65
6. 138 57
6. 139 106
6. 140 36
6. 141 61
6. 142 38
6. 143 87
6. 144 95
6. 145 56
6. 146 69
6. 147 81
6. 148 34
6. 149 58
6. 150 86
6. 151 58
6. 152 25
6. 153 61
6. 154 49
6. 155 67
6. 156 7
6. 157 51
6. 158 97
6. 159 47
6. 160 2
6. 161 54
6. 162 19
6. 163 45
6. 164 72
6. 165 74
6. 166 96
6. 167 64
6. 168 58
6. 169 57
6. 170 69
6. 171 53
6. 172 41
6. 173 90
6. 174 80
6. 175 81
6. 176 70
6. 177 33
6. 178 51
6. 179 109
6. 180 15
6. 181 53
6. 182 41
6. 183 95
6. 184 109
6. 185 77
6. 186 96
6. 187 60
6. 188 109
6. 189 44
6. 190 105
6. 191 103
6. 192 95
6. 193 55
6. 194 57
6. 195 49
6. 196 55
6. 197 60
6. 198 23
6. 199 24
6. 200 86
6. 201 36
6. 202 115
6. 203 113
6. 204 101
6. 205 49
6. 206 12
6. 207 76
6. 208 35
6. 209 104
6. 210 68
6. 211 21
6. 212 96
6. 213 69
6. 214 71
6. 215 62
6. 216 30
6. 217 16
6. 218 14
6. 219 77
6. 220 31
6. 221 60
6. 222 19
6. 223 97
6. 224 62
6. 225 15
6. 226 84
6. 227 33
6. 228 56
6. 229 34
6. 230 89
6. 231 102
6. 232 42
6. 233 88
6. 234 44
6. 235 53
6. 236 12
6. 237 57
6. 238 26
6. 239 91
6. 240 8
6. 241 109
6. 242 45
6. 243 73
6. 244 63
6. 245 56
6. 246 106
6. 247 78
6. 248 16
6. 249 30
6. 250 67
6. 251 38
6. 252 65
6. 253 22
6. 254 31
6. 255 75
6. 256 78
6. 257 20
6. 258 84
6. 259 59
6. 260 80
6. 261 74
6. 262 104
6. 263 28
6. 264 88
6. 265 89
6. 266 80
6. 267 63
6. 268 7
6. 269 62
6. 270 111
6. 271 99
6. 272 97
6. 273 22
6. 274 28
6. 275 94
6. 276 39
6. 277 17
6. 278 33
6. 279 106
6. 280 106
6. 281 104
6. 282 55
6. 283 95
6. 284 21
6. 285 87
6. 286 24
6. 287 39
6. 288 29
6. 289 47
6. 290 57
6. 291 87
6. 292 43
6. 293 112
6. 294 72
6. 295 27
6. 296 19
6. 297 57
6. 298 101
6. 299 81
6. 300 51
6. 301 91
6. 302 49
6. 303 26
6. 304 92
6. 305 108
6. 306 51
6. 307 71
6. 308 94
6. 309 113
6. 310 72
6. 311 52
6. 312 73
6. 313 22
6. 314 16
6. 315 99
6. 316 45
6. 317 72
6. 318 100
6. 319 23
6. 320 80
6. 321 34
6. 322 38
6. 323 89
6. 324 80
6. 325 34
6. 326 91
6. 327 79
6. 328 10
6. 329 59
6. 330 60
6. 331 86
6. 332 87
6. 333 68
6. 334 97
6. 335 20
6. 336 89
6. 337 93
6. 338 27
6. 339 64
6. 340 102
6. 341 79
6. 342 41
6. 343 107
6. 344 48
6. 345 39
6. 346 59
6. 347 94
6. 348 92
6. 349 83
6. 350 14
6. 351 60
6. 352 89
6. 353 12
6. 354 36
6. 355 51
6. 356 57
6. 357 25
6. 358 96
6. 359 36
6. 360 67
6. 361 21
6. 362 25
6. 363 110
6. 364 51
6. 365 46
6. 366 68
6. 367 36
6. 368 90
6. 369 95
6. 370 64
6. 371 107
6. 372 48
6. 373 44
6. 374 89
6. 375 50
6. 376 16
6. 377 68
6. 378 11
6. 379 18
6. 380 39
6. 381 46
6. 382 35
6. 383 55
6. 384 32
6. 385 45
6. 386 76
6. 387 96
6. 388 77
6. 389 61
6. 390 35
6. 391 31
6. 392 12
6. 393 20
6. 394 59
6. 395 37
6. 396 55
6. 397 58
6. 398 110
6. 399 49
7. 0 61
7. 1 45
7. 2 61
7. 3 91
7. 4 92
7. 5 75
7. 6 44
7. 7 102
7. 8 78
7. 9 77
7. 10 72
7. 11 65
7. 12 36
7. 13 98
7. 14 29
7. 15 47
7. 16 54
7. 17 95
7. 18 37
7. 19 45
7. 20 38
7. 21 35
7. 22 93
7. 23 67
7. 24 63
7. 25 32
7. 26 102
7. 27 12
7. 28 46
7. 29 108
7. 30 45
7. 31 66
7. 32 70
7. 33 93
7. 34 39
7. 35 80
7. 36 32
7. 37 30
7. 38 68
7. 39 94
7. 40 27
7. 41 4
7. 42 39
7. 43 24
7. 44 67
7. 45 114
7. 46 56
7. 47 74
7. 48 101
7. 49 57
7. 50 54
7. 51 87
7. 52 56
7. 53 115
7. 54 88
7. 55 85
7. 56 32
7. 57 85
7. 58 24
7. 59 108
7. 60 44
7. 61 80
7. 62 92
7. 63 71
7. 64 98
7. 65 41
7. 66 86
7. 67 38
7. 68 54
7. 69 23
7. 70 37
7. 71 50
7. 72 12
7. 73 10
7. 74 21
7. 75 20
7. 76 87
7. 77 81
7. 78 29
7. 79 48
7. 80 30
7. 81 41
7. 82 75
7. 83 32
7. 84 35
7. 85 62
7. 86 52
7. 87 17
7. 88 86
7. 89 5
7. 90 57
7. 91 78
7. 92 48
7. 93 9
7. 94 42
7. 95 65
7. 96 102
7. 97 48
7. 98 92
7. 99 36
7. 100 65
7. 101 28
7. 102 41
7. 103 56
7. 104 40
7. 105 65
7. 106 64
7. 107 92
7. 108 16
7. 109 63
7. 110 42
7. 111 32
7. 112 35
7. 113 93
7. 114 26
7. 115 42
7. 116 20
7. 117 114
7. 118 77
7. 119 55
7. 120 67
7. 121 51
7. 122 22
7. 123 50
7. 124 89
7. 125 25
7. 126 43
7. 127 16
7. 128 51
7. 129 86
7. 130 39
7. 131 87
7. 132 88
7. 133 27
7. 134 8
7. 135 68
7. 136 70
7. 137 116
7. 138 89
7. 139 94
7. 140 40
7. 141 61
7. 142 98
7. 143 50
7. 144 85
7. 145 34
7. 146 47
7. 147 55
7. 148 7
7. 149 45
7. 150 106
7. 151 83
7. 152 34
7. 153 77
7. 154 36
7. 155 104
7. 156 53
7. 157 97
7. 158 38
7. 159 57
7. 160 74
7. 161 23
7. 162 102
7. 163 75
7. 164 55
7. 165 99
7. 166 19
7. 167 96
7. 168 36
7. 169 83
7. 170 53
7. 171 74
7. 172 104
7. 173 47
7. 174 37
7. 175 15
7. 176 84
7. 177 59
7. 178 51
7. 179 64
7. 180 32
7. 181 99
7. 182 98
7. 183 20
7. 184 98
7. 185 72
7. 186 76
7. 187 76
7. 188 100
7. 189 84
7. 190 65
7. 191 50
7. 192 29
7. 193 64
7. 194 55
7. 195 60
7. 196 98
7. 197 82
7. 198 30
7. 199 91
7. 200 29
7. 201 87
7. 202 25
7. 203 35
7. 204 86
7. 205 109
7. 206 95
7. 207 119
7. 208 49
7. 209 40
7. 210 47
7. 211 35
7. 212 60
7. 213 21
7. 214 106
7. 215 102
7. 216 107
7. 217 20
7. 218 87
7. 219 17
7. 220 90
7. 221 82
7. 222 36
7. 223 12
7. 224 33
7. 225 46
7. 226 42
7. 227 99
7. 228 42
7. 229 25
7. 230 51
7. 231 32
7. 232 73
7. 233 76
7. 234 72
7. 235 99
7. 236 42
7. 237 111
7. 238 60
7. 239 89
7. 240 96
7. 241 101
7. 242 83
7. 243 34
7. 244 16
7. 245 9
7. 246 58
7. 247 58
7. 248 42
7. 249 82
7. 250 34
7. 251 16
7. 252 54
7. 253 105
7. 254 38
7. 255 58
7. 256 57
7. 257 81
7. 258 28
7. 259 82
7. 260 109
7. 261 51
7. 262 51
7. 263 38
7. 264 28
7. 265 79
7. 266 32
7. 267 99
7. 268 40
7. 269 53
7. 270 60
7. 271 24
7. 272 111
7. 273 23
7. 274 13
7. 275 36
7. 276 76
7. 277 35
7. 278 101
7. 279 52
7. 280 40
7. 281 72
7. 282 94
7. 283 54
7. 284 77
7. 285 75
7. 286 14
7. 287 76
7. 288 88
7. 289 58
7. 290 68
7. 291 52
7. 292 112
7. 293 41
7. 294 71
7. 295 39
7. 296 110
7. 297 97
7. 298 85
7. 299 43
7. 300 105
7. 301 69
7. 302 93
7. 303 20
7. 304 99
7. 305 101
7. 306 77
7. 307 34
7. 308 36
7. 309 105
7. 310 51
7. 311 84
7. 312 17
7. 313 57
7. 314 62
7. 315 6
7. 316 43
7. 317 56
7. 318 64
7. 319 91
7. 320 67
7. 321 42
7. 322 36
7. 323 72
7. 324 43
7. 325 92
7. 326 85
7. 327 65
7. 328 67
7. 329 106
7. 330 60
7. 331 56
7. 332 114
7. 333 85
7. 334 75
7. 335 30
7. 336 58
7. 337 68
7. 338 41
7. 339 78
7. 340 59
7. 341 23
7. 342 43
7. 343 49
7. 344 75
7. 345 104
7. 346 24
7. 347 44
7. 348 86
7. 349 24
7. 350 56
7. 351 98
7. 352 90
7. 353 27
7. 354 18
7. 355 34
7. 356 6
7. 357 32
7. 358 67
7. 359 117
7. 360 104
7. 361 40
7. 362 81
7. 363 56
7. 364 45
7. 365 27
7. 366 75
7. 367 78
7. 368 61
7. 369 106
7. 370 90
7. 371 69
7. 372 13
7. 373 86
7. 374 86
7. 375 75
7. 376 81
7. 377 31
7. 378 64
7. 379 75
7. 380 79
7. 381 51
7. 382 101
7. 383 72
7. 384 86
7. 385 109
7. 386 75
7. 387 112
7. 388 104
7. 389 66
7. 390 81
7. 391 112
7. 392 62
7. 393 104
7. 394 91
7. 395 98
7. 396 84
7. 397 13
7. 398 101
7. 399 26
8. 0 98
8. 1 19
8. 2 25
8. 3 104
8. 4 93
8. 5 106
8. 6 104
8. 7 10
8. 8 70
8. 9 53
8. 10 82
8. 11 101
8. 12 89
8. 13 40
8. 14 81
8. 15 102
8. 16 103
8. 17 55
8. 18 25
8. 19 49
8. 20 30
8. 21 55
8. 22 71
8. 23 101
8. 24 15
8. 25 81
8. 26 4
8. 27 92
8. 28 115
8. 29 98
8. 30 10
8. 31 70
8. 32 10
8. 33 19
8. 34 99
8. 35 117
8. 36 113
8. 37 111
8. 38 54
8. 39 11
8. 40 74
8. 41 99
8. 42 29
8. 43 57
8. 44 38
8. 45 36
8. 46 74
8. 47 51
8. 48 102
8. 49 88
8. 50 101
8. 51 45
8. 52 36
8. 53 31
8. 54 32
8. 55 71
8. 56 113
8. 57 106
8. 58 72
8. 59 59
8. 60 79
8. 61 108
8. 62 99
8. 63 80
8. 64 20
8. 65 40
8. 66 82
8. 67 57
8. 68 60
8. 69 63
8. 70 92
8. 71 53
8. 72 2
8. 73 92
8. 74 74
8. 75 76
8. 76 82
8. 77 73
8. 78 31
8. 79 58
8. 80 40
8. 81 7
8. 82 108
8. 83 17
8. 84 26
8. 85 48
8. 86 55
8. 87 28
8. 88 100
8. 89 93
8. 90 61
8. 91 80
8. 92 50
8. 93 48
8. 94 16
8. 95 101
8. 96 17
8. 97 65
8. 98 39
8. 99 63
8. 100 58
8. 101 100
8. 102 66
8. 103 27
8. 104 14
8. 105 74
8. 106 80
8. 107 64
8. 108 32
8. 109 82
8. 110 41
8. 111 15
8. 112 85
8. 113 86
8. 114 49
8. 115 96
8. 116 20
8. 117 48
8. 118 107
8. 119 25
8. 120 38
8. 121 49
8. 122 111
8. 123 30
8. 124 77
8. 125 19
8. 126 50
8. 127 56
8. 128 12
8. 129 38
8. 130 28
8. 131 57
8. 132 65
8. 133 74
8. 134 101
8. 135 77
8. 136 90
8. 137 58
8. 138 107
8. 139 41
8. 140 16
8. 141 90
8. 142 47
8. 143 92
8. 144 25
8. 145 51
8. 146 20
8. 147 83
8. 148 36
8. 149 92
8. 150 89
8. 151 36
8. 152 38
8. 153 93
8. 154 97
8. 155 96
8. 156 44
8. 157 11
8. 158 17
8. 159 21
8. 160 29
8. 161 70
8. 162 85
8. 163 29
8. 164 93
8. 165 13
8. 166 14
8. 167 101
8. 168 60
8. 169 13
8. 170 66
8. 171 6
8. 172 76
8. 173 78
8. 174 5
8. 175 51
8. 176 22
8. 177 84
8. 178 14
8. 179 62
8. 180 103
8. 181 96
8. 182 77
8. 183 88
8. 184 34
8. 185 44
8. 186 10
8. 187 2
8. 188 29
8. 189 75
8. 190 94
8. 191 24
8. 192 25
8. 193 56
8. 194 59
8. 195 88
8. 196 90
8. 197 18
8. 198 41
8. 199 76
8. 200 93
8. 201 43
8. 202 46
8. 203 9
8. 204 106
8. 205 84
8. 206 68
8. 207 71
8. 208 50
8. 209 87
8. 210 60
8. 211 27
8. 212 87
8. 213 69
8. 214 22
8. 215 43
8. 216 69
8. 217 14
8. 218 78
8. 219 89
8. 220 108
8. 221 73
8. 222 112
8. 223 13
8. 224 93
8. 225 38
8. 226 75
8. 227 77
8. 228 60
8. 229 68
8. 230 8
8. 231 69
8. 232 109
8. 233 110
8. 234 30
8. 235 59
8. 236 100
8. 237 96
8. 238 66
8. 239 65
8. 240 61
8. 241 69
8. 242 97
8. 243 48
8. 244 86
8. 245 15
8. 246 13
8. 247 98
8. 248 43
8. 249 50
8. 250 39
8. 251 110
8. 252 89
8. 253 45
8. 254 114
8. 255 70
8. 256 82
8. 257 59
8. 258 70
8. 259 74
8. 260 39
8. 261 96
8. 262 102
8. 263 88
8. 264 87
8. 265 44
8. 266 97
8. 267 54
8. 268 105
8. 269 22
8. 270 39
8. 271 43
8. 272 102
8. 273 82
8. 274 101
8. 275 72
8. 276 100
8. 277 95
8. 278 110
8. 279 24
8. 280 69
8. 281 72
8. 282 69
8. 283 13
8. 284 17
8. 285 25
8. 286 101
8. 287 28
8. 288 40
8. 289 93
8. 290 83
8. 291 9
8. 292 102
8. 293 28
8. 294 60
8. 295 110
8. 296 20
8. 297 99
8. 298 19
8. 299 11
8. 300 61
8. 301 102
8. 302 105
8. 303 47
8. 304 33
8. 305 46
8. 306 67
8. 307 117
8. 308 94
8. 309 105
8. 310 27
8. 311 70
8. 312 39
8. 313 78
8. 314 60
8. 315 25
8. 316 91
8. 317 82
8. 318 48
8. 319 62
8. 320 38
8. 321 112
8. 322 99
8. 323 33
8. 324 96
8. 325 87
8. 326 15
8. 327 90
8. 328 73
8. 329 95
8. 330 46
8. 331 104
8. 332 86
8. 333 75
8. 334 76
8. 335 35
8. 336 50
8. 337 60
8. 338 41
8. 339 40
8. 340 58
8. 341 73
8. 342 18
8. 343 58
8. 344 98
8. 345 41
8. 346 79
8. 347 21
8. 348 45
8. 349 78
8. 350 27
8. 351 93
8. 352 15
8. 353 40
8. 354 45
8. 355 28
8. 356 63
8. 357 90
8. 358 39
8. 359 59
8. 360 52
8. 361 14
8. 362 81
8. 363 98
8. 364 51
8. 365 90
8. 366 81
8. 367 80
8. 368 24
8. 369 18
8. 370 84
8. 371 9
8. 372 50
8. 373 45
8. 374 49
8. 375 65
8. 376 64
8. 377 65
8. 378 43
8. 379 57
8. 380 48
8. 381 33
8. 382 80
8. 383 45
8. 384 78
8. 385 99
8. 386 41
8. 387 30
8. 388 43
8. 389 91
8. 390 33
8. 391 22
8. 392 51
8. 393 70
8. 394 20
8. 395 94
8. 396 43
8. 397 34
8. 398 44
8. 399 92
9. 0 41
9. 1 87
9. 2 34
9. 3 33
9. 4 5
9. 5 40
9. 6 21
9. 7 42
9. 8 93
9. 9 74
9. 10 31
9. 11 63
9. 12 25
9. 13 20
9. 14 89
9. 15 13
9. 16 90
9. 17 24
9. 18 38
9. 19 94
9. 20 88
9. 21 36
9. 22 57
9. 23 16
9. 24 82
9. 25 52
9. 26 59
9. 27 70
9. 28 23
9. 29 106
9. 30 18
9. 31 73
9. 32 62
9. 33 51
9. 34 63
9. 35 9
9. 36 36
9. 37 115
9. 38 91
9. 39 97
9. 40 15
9. 41 45
9. 42 71
9. 43 101
9. 44 34
9. 45 28
9. 46 69
9. 47 29
9. 48 90
9. 49 86
9. 50 91
9. 51 86
9. 52 106
9. 53 87
9. 54 5
9. 55 57
9. 56 95
9. 57 105
9. 58 84
9. 59 76
9. 60 70
9. 61 25
9. 62 61
9. 63 85
9. 64 85
9. 65 107
9. 66 98
9. 67 94
9. 68 46
9. 69 78
9. 70 28
9. 71 31
9. 72 34
9. 73 89
9. 74 11
9. 75 72
9. 76 88
9. 77 81
9. 78 10
9. 79 118
9. 80 112
9. 81 49
9. 82 40
9. 83 90
9. 84 19
9. 85 63
9. 86 25
9. 87 96
9. 88 111
9. 89 47
9. 90 79
9. 91 39
9. 92 111
9. 93 42
9. 94 117
9. 95 35
9. 96 98
9. 97 48
9. 98 61
9. 99 97
9. 100 17
9. 101 54
9. 102 102
9. 103 104
9. 104 90
9. 105 32
9. 106 92
9. 107 88
9. 108 60
9. 109 37
9. 110 97
9. 111 39
9. 112 63
9. 113 15
9. 114 66
9. 115 43
9. 116 25
9. 117 76
9. 118 102
9. 119 56
9. 120 66
9. 121 72
9. 122 43
9. 123 22
9. 124 18
9. 125 101
9. 126 68
9. 127 38
9. 128 9
9. 129 43
9. 130 89
9. 131 104
9. 132 22
9. 133 24
9. 134 72
9. 135 47
9. 136 79
9. 137 59
9. 138 108
9. 139 40
9. 140 31
9. 141 111
9. 142 90
9. 143 111
9. 144 10
9. 145 41
9. 146 62
9. 147 59
9. 148 78
9. 149 33
9. 150 54
9. 151 76
9. 152 35
9. 153 52
9. 154 29
9. 155 19
9. 156 30
9. 157 86
9. 158 15
9. 159 53
9. 160 38
9. 161 15
9. 162 92
9. 163 116
9. 164 76
9. 165 44
9. 166 75
9. 167 25
9. 168 29
9. 169 83
9. 170 90
9. 171 91
9. 172 42
9. 173 110
9. 174 83
9. 175 104
9. 176 28
9. 177 94
9. 178 81
9. 179 66
9. 180 47
9. 181 16
9. 182 55
9. 183 73
9. 184 82
9. 185 88
9. 186 84
9. 187 22
9. 188 83
9. 189 71
9. 190 9
9. 191 100
9. 192 43
9. 193 63
9. 194 100
9. 195 107
9. 196 19
9. 197 81
9. 198 83
9. 199 42
9. 200 106
9. 201 37
9. 202 65
9. 203 79
9. 204 86
9. 205 39
9. 206 49
9. 207 23
9. 208 51
9. 209 104
9. 210 84
9. 211 44
9. 212 32
9. 213 63
9. 214 15
9. 215 35
9. 216 93
9. 217 23
9. 218 113
9. 219 60
9. 220 110
9. 221 89
9. 222 38
9. 223 11
9. 224 12
9. 225 37
9. 226 114
9. 227 27
9. 228 36
9. 229 42
9. 230 80
9. 231 96
9. 232 9
9. 233 9
9. 234 33
9. 235 21
9. 236 93
9. 237 76
9. 238 31
9. 239 50
9. 240 48
9. 241 87
9. 242 11
9. 243 73
9. 244 33
9. 245 108
9. 246 16
9. 247 47
9. 248 23
9. 249 89
9. 250 13
9. 251 52
9. 252 37
9. 253 45
9. 254 43
9. 255 37
9. 256 14
9. 257 89
9. 258 10
9. 259 103
9. 260 78
9. 261 66
9. 262 50
9. 263 16
9. 264 33
9. 265 40
9. 266 69
9. 267 83
9. 268 26
9. 269 77
9. 270 109
9. 271 100
9. 272 64
9. 273 61
9. 274 59
9. 275 45
9. 276 22
9. 277 15
9. 278 18
9. 279 88
9. 280 24
9. 281 15
9. 282 78
9. 283 77
9. 284 86
9. 285 19
9. 286 62
9. 287 19
9. 288 49
9. 289 99
9. 290 22
9. 291 94
9. 292 21
9. 293 89
9. 294 88
9. 295 52
9. 296 68
9. 297 48
9. 298 105
9. 299 91
9. 300 85
9. 301 26
9. 302 99
9. 303 64
9. 304 36
9. 305 16
9. 306 15
9. 307 108
9. 308 67
9. 309 51
9. 310 36
9. 311 96
9. 312 65
9. 313 47
9. 314 36
9. 315 82
9. 316 54
9. 317 71
9. 318 70
9. 319 77
9. 320 33
9. 321 67
9. 322 14
9. 323 116
9. 324 85
9. 325 60
9. 326 45
9. 327 46
9. 328 59
9. 329 44
9. 330 85
9. 331 83
9. 332 65
9. 333 90
9. 334 50
9. 335 29
9. 336 98
9. 337 40
9. 338 45
9. 339 86
9. 340 72
9. 341 9
9. 342 95
9. 343 35
9. 344 67
9. 345 102
9. 346 90
9. 347 98
9. 348 73
9. 349 89
9. 350 92
9. 351 83
9. 352 56
9. 353 24
9. 354 71
9. 355 18
9. 356 33
9. 357 84
9. 358 89
9. 359 15
9. 360 107
9. 361 32
9. 362 33
9. 363 92
9. 364 54
9. 365 47
9. 366 29
9. 367 14
9. 368 99
9. 369 109
9. 370 68
9. 371 14
9. 372 53
9. 373 104
9. 374 63
9. 375 94
9. 376 87
9. 377 76
9. 378 19
9. 379 105
9. 380 28
9. 381 60
9. 382 73
9. 383 68
9. 384 24
9. 385 61
9. 386 67
9. 387 46
9. 388 101
9. 389 42
9. 390 82
9. 391 29
9. 392 23
9. 393 100
9. 394 81
9. 395 10
9. 396 96
9. 397 13
9. 398 35
9. 399 57
/;
parameter a(i,j)/
0. 0 36
0. 1 51
0. 2 96
0. 3 41
0. 4 52
0. 5 7
0. 6 46
0. 7 24
0. 8 82
0. 9 92
0. 10 54
0. 11 65
0. 12 28
0. 13 44
0. 14 20
0. 15 91
0. 16 32
0. 17 68
0. 18 21
0. 19 67
0. 20 47
0. 21 91
0. 22 29
0. 23 49
0. 24 64
0. 25 16
0. 26 93
0. 27 75
0. 28 77
0. 29 70
0. 30 56
0. 31 94
0. 32 67
0. 33 70
0. 34 2
0. 35 36
0. 36 86
0. 37 74
0. 38 97
0. 39 40
0. 40 25
0. 41 85
0. 42 29
0. 43 37
0. 44 40
0. 45 42
0. 46 95
0. 47 100
0. 48 29
0. 49 78
0. 50 54
0. 51 61
0. 52 25
0. 53 74
0. 54 90
0. 55 8
0. 56 9
0. 57 99
0. 58 11
0. 59 62
0. 60 94
0. 61 58
0. 62 1
0. 63 48
0. 64 96
0. 65 27
0. 66 89
0. 67 61
0. 68 41
0. 69 28
0. 70 26
0. 71 26
0. 72 10
0. 73 87
0. 74 42
0. 75 79
0. 76 98
0. 77 48
0. 78 75
0. 79 51
0. 80 64
0. 81 94
0. 82 36
0. 83 82
0. 84 57
0. 85 18
0. 86 22
0. 87 53
0. 88 3
0. 89 27
0. 90 11
0. 91 60
0. 92 21
0. 93 5
0. 94 81
0. 95 19
0. 96 66
0. 97 18
0. 98 72
0. 99 26
0. 100 71
0. 101 99
0. 102 18
0. 103 59
0. 104 66
0. 105 76
0. 106 9
0. 107 45
0. 108 68
0. 109 99
0. 110 71
0. 111 90
0. 112 5
0. 113 28
0. 114 37
0. 115 78
0. 116 75
0. 117 19
0. 118 10
0. 119 51
0. 120 6
0. 121 92
0. 122 62
0. 123 66
0. 124 3
0. 125 14
0. 126 10
0. 127 45
0. 128 73
0. 129 68
0. 130 72
0. 131 25
0. 132 86
0. 133 48
0. 134 63
0. 135 98
0. 136 81
0. 137 60
0. 138 52
0. 139 73
0. 140 76
0. 141 64
0. 142 100
0. 143 45
0. 144 79
0. 145 20
0. 146 31
0. 147 84
0. 148 67
0. 149 1
0. 150 48
0. 151 52
0. 152 30
0. 153 18
0. 154 42
0. 155 58
0. 156 44
0. 157 21
0. 158 8
0. 159 46
0. 160 71
0. 161 34
0. 162 16
0. 163 29
0. 164 53
0. 165 66
0. 166 58
0. 167 81
0. 168 95
0. 169 80
0. 170 100
0. 171 82
0. 172 1
0. 173 42
0. 174 85
0. 175 28
0. 176 65
0. 177 44
0. 178 97
0. 179 12
0. 180 78
0. 181 25
0. 182 37
0. 183 85
0. 184 47
0. 185 61
0. 186 30
0. 187 96
0. 188 1
0. 189 91
0. 190 100
0. 191 21
0. 192 68
0. 193 4
0. 194 38
0. 195 93
0. 196 95
0. 197 79
0. 198 5
0. 199 30
0. 200 8
0. 201 6
0. 202 89
0. 203 71
0. 204 82
0. 205 65
0. 206 56
0. 207 28
0. 208 3
0. 209 4
0. 210 23
0. 211 58
0. 212 8
0. 213 77
0. 214 82
0. 215 63
0. 216 83
0. 217 9
0. 218 16
0. 219 19
0. 220 91
0. 221 21
0. 222 20
0. 223 52
0. 224 32
0. 225 99
0. 226 78
0. 227 52
0. 228 91
0. 229 40
0. 230 14
0. 231 46
0. 232 75
0. 233 41
0. 234 59
0. 235 20
0. 236 11
0. 237 96
0. 238 48
0. 239 18
0. 240 86
0. 241 34
0. 242 100
0. 243 98
0. 244 16
0. 245 80
0. 246 97
0. 247 76
0. 248 21
0. 249 78
0. 250 95
0. 251 49
0. 252 84
0. 253 39
0. 254 7
0. 255 2
0. 256 84
0. 257 69
0. 258 81
0. 259 24
0. 260 77
0. 261 35
0. 262 1
0. 263 13
0. 264 7
0. 265 19
0. 266 58
0. 267 93
0. 268 37
0. 269 28
0. 270 3
0. 271 52
0. 272 64
0. 273 1
0. 274 29
0. 275 89
0. 276 14
0. 277 84
0. 278 98
0. 279 1
0. 280 1
0. 281 18
0. 282 65
0. 283 88
0. 284 8
0. 285 4
0. 286 6
0. 287 16
0. 288 2
0. 289 96
0. 290 99
0. 291 7
0. 292 43
0. 293 81
0. 294 86
0. 295 95
0. 296 72
0. 297 4
0. 298 40
0. 299 33
0. 300 67
0. 301 87
0. 302 71
0. 303 65
0. 304 44
0. 305 4
0. 306 14
0. 307 71
0. 308 73
0. 309 73
0. 310 12
0. 311 90
0. 312 18
0. 313 10
0. 314 35
0. 315 21
0. 316 47
0. 317 7
0. 318 68
0. 319 18
0. 320 22
0. 321 93
0. 322 92
0. 323 80
0. 324 38
0. 325 28
0. 326 99
0. 327 39
0. 328 92
0. 329 93
0. 330 64
0. 331 64
0. 332 63
0. 333 28
0. 334 4
0. 335 72
0. 336 88
0. 337 69
0. 338 68
0. 339 62
0. 340 19
0. 341 60
0. 342 70
0. 343 82
0. 344 24
0. 345 65
0. 346 18
0. 347 14
0. 348 40
0. 349 70
0. 350 51
0. 351 17
0. 352 33
0. 353 5
0. 354 23
0. 355 3
0. 356 67
0. 357 54
0. 358 73
0. 359 70
0. 360 49
0. 361 13
0. 362 97
0. 363 92
0. 364 41
0. 365 39
0. 366 65
0. 367 70
0. 368 16
0. 369 59
0. 370 7
0. 371 65
0. 372 33
0. 373 91
0. 374 8
0. 375 93
0. 376 28
0. 377 27
0. 378 33
0. 379 11
0. 380 85
0. 381 47
0. 382 18
0. 383 98
0. 384 84
0. 385 8
0. 386 64
0. 387 19
0. 388 89
0. 389 71
0. 390 49
0. 391 98
0. 392 77
0. 393 23
0. 394 12
0. 395 4
0. 396 78
0. 397 39
0. 398 20
0. 399 40
1. 0 3
1. 1 65
1. 2 56
1. 3 62
1. 4 54
1. 5 42
1. 6 71
1. 7 22
1. 8 92
1. 9 69
1. 10 5
1. 11 42
1. 12 34
1. 13 21
1. 14 41
1. 15 33
1. 16 77
1. 17 9
1. 18 91
1. 19 50
1. 20 21
1. 21 21
1. 22 73
1. 23 12
1. 24 71
1. 25 12
1. 26 87
1. 27 69
1. 28 4
1. 29 79
1. 30 42
1. 31 39
1. 32 80
1. 33 8
1. 34 46
1. 35 16
1. 36 78
1. 37 22
1. 38 7
1. 39 50
1. 40 39
1. 41 98
1. 42 67
1. 43 16
1. 44 96
1. 45 8
1. 46 95
1. 47 70
1. 48 73
1. 49 46
1. 50 90
1. 51 100
1. 52 36
1. 53 78
1. 54 99
1. 55 82
1. 56 77
1. 57 1
1. 58 8
1. 59 36
1. 60 5
1. 61 38
1. 62 11
1. 63 10
1. 64 35
1. 65 44
1. 66 12
1. 67 73
1. 68 55
1. 69 69
1. 70 75
1. 71 38
1. 72 45
1. 73 49
1. 74 56
1. 75 22
1. 76 35
1. 77 56
1. 78 63
1. 79 42
1. 80 86
1. 81 88
1. 82 48
1. 83 57
1. 84 64
1. 85 46
1. 86 86
1. 87 60
1. 88 2
1. 89 44
1. 90 65
1. 91 36
1. 92 25
1. 93 31
1. 94 13
1. 95 74
1. 96 12
1. 97 56
1. 98 98
1. 99 58
1. 100 92
1. 101 54
1. 102 34
1. 103 28
1. 104 42
1. 105 92
1. 106 18
1. 107 32
1. 108 73
1. 109 42
1. 110 34
1. 111 62
1. 112 89
1. 113 38
1. 114 62
1. 115 85
1. 116 89
1. 117 61
1. 118 98
1. 119 81
1. 120 7
1. 121 24
1. 122 56
1. 123 82
1. 124 64
1. 125 100
1. 126 40
1. 127 36
1. 128 11
1. 129 63
1. 130 53
1. 131 79
1. 132 53
1. 133 79
1. 134 55
1. 135 45
1. 136 20
1. 137 24
1. 138 2
1. 139 100
1. 140 89
1. 141 76
1. 142 4
1. 143 24
1. 144 11
1. 145 26
1. 146 34
1. 147 34
1. 148 53
1. 149 90
1. 150 9
1. 151 57
1. 152 8
1. 153 55
1. 154 85
1. 155 67
1. 156 76
1. 157 21
1. 158 90
1. 159 80
1. 160 89
1. 161 11
1. 162 32
1. 163 25
1. 164 57
1. 165 75
1. 166 13
1. 167 93
1. 168 25
1. 169 78
1. 170 65
1. 171 58
1. 172 14
1. 173 98
1. 174 73
1. 175 4
1. 176 36
1. 177 16
1. 178 73
1. 179 33
1. 180 55
1. 181 33
1. 182 96
1. 183 86
1. 184 80
1. 185 84
1. 186 61
1. 187 65
1. 188 75
1. 189 1
1. 190 67
1. 191 71
1. 192 59
1. 193 80
1. 194 97
1. 195 67
1. 196 82
1. 197 8
1. 198 87
1. 199 59
1. 200 58
1. 201 14
1. 202 72
1. 203 23
1. 204 40
1. 205 81
1. 206 49
1. 207 57
1. 208 5
1. 209 3
1. 210 93
1. 211 92
1. 212 47
1. 213 18
1. 214 42
1. 215 44
1. 216 52
1. 217 88
1. 218 2
1. 219 33
1. 220 28
1. 221 75
1. 222 83
1. 223 58
1. 224 89
1. 225 79
1. 226 15
1. 227 54
1. 228 58
1. 229 73
1. 230 66
1. 231 11
1. 232 78
1. 233 26
1. 234 90
1. 235 90
1. 236 14
1. 237 27
1. 238 46
1. 239 22
1. 240 15
1. 241 12
1. 242 15
1. 243 3
1. 244 42
1. 245 7
1. 246 40
1. 247 89
1. 248 11
1. 249 75
1. 250 29
1. 251 7
1. 252 59
1. 253 15
1. 254 54
1. 255 69
1. 256 5
1. 257 50
1. 258 61
1. 259 19
1. 260 75
1. 261 96
1. 262 43
1. 263 97
1. 264 99
1. 265 37
1. 266 96
1. 267 38
1. 268 36
1. 269 72
1. 270 85
1. 271 19
1. 272 20
1. 273 1
1. 274 67
1. 275 39
1. 276 5
1. 277 91
1. 278 84
1. 279 61
1. 280 99
1. 281 87
1. 282 72
1. 283 6
1. 284 50
1. 285 18
1. 286 4
1. 287 14
1. 288 88
1. 289 66
1. 290 15
1. 291 77
1. 292 77
1. 293 36
1. 294 19
1. 295 47
1. 296 91
1. 297 4
1. 298 71
1. 299 26
1. 300 67
1. 301 80
1. 302 91
1. 303 47
1. 304 28
1. 305 58
1. 306 81
1. 307 55
1. 308 59
1. 309 95
1. 310 79
1. 311 81
1. 312 14
1. 313 93
1. 314 65
1. 315 30
1. 316 38
1. 317 18
1. 318 63
1. 319 84
1. 320 76
1. 321 30
1. 322 63
1. 323 23
1. 324 65
1. 325 81
1. 326 98
1. 327 74
1. 328 82
1. 329 13
1. 330 5
1. 331 93
1. 332 22
1. 333 49
1. 334 98
1. 335 89
1. 336 7
1. 337 2
1. 338 99
1. 339 86
1. 340 83
1. 341 73
1. 342 34
1. 343 50
1. 344 13
1. 345 97
1. 346 49
1. 347 59
1. 348 15
1. 349 75
1. 350 65
1. 351 50
1. 352 63
1. 353 79
1. 354 98
1. 355 31
1. 356 97
1. 357 51
1. 358 94
1. 359 69
1. 360 54
1. 361 82
1. 362 90
1. 363 62
1. 364 71
1. 365 6
1. 366 44
1. 367 6
1. 368 77
1. 369 84
1. 370 64
1. 371 49
1. 372 14
1. 373 12
1. 374 63
1. 375 52
1. 376 5
1. 377 31
1. 378 73
1. 379 56
1. 380 31
1. 381 85
1. 382 54
1. 383 68
1. 384 99
1. 385 78
1. 386 20
1. 387 61
1. 388 86
1. 389 99
1. 390 25
1. 391 6
1. 392 46
1. 393 60
1. 394 28
1. 395 35
1. 396 43
1. 397 12
1. 398 75
1. 399 44
2. 0 18
2. 1 87
2. 2 31
2. 3 42
2. 4 41
2. 5 27
2. 6 90
2. 7 51
2. 8 58
2. 9 61
2. 10 90
2. 11 64
2. 12 92
2. 13 72
2. 14 77
2. 15 71
2. 16 91
2. 17 25
2. 18 33
2. 19 50
2. 20 2
2. 21 7
2. 22 16
2. 23 41
2. 24 54
2. 25 28
2. 26 26
2. 27 97
2. 28 21
2. 29 57
2. 30 41
2. 31 29
2. 32 64
2. 33 23
2. 34 57
2. 35 45
2. 36 15
2. 37 68
2. 38 41
2. 39 93
2. 40 97
2. 41 83
2. 42 59
2. 43 7
2. 44 60
2. 45 92
2. 46 88
2. 47 75
2. 48 1
2. 49 49
2. 50 50
2. 51 19
2. 52 71
2. 53 89
2. 54 98
2. 55 10
2. 56 30
2. 57 98
2. 58 96
2. 59 12
2. 60 46
2. 61 62
2. 62 1
2. 63 65
2. 64 6
2. 65 38
2. 66 6
2. 67 18
2. 68 37
2. 69 15
2. 70 51
2. 71 5
2. 72 1
2. 73 24
2. 74 48
2. 75 93
2. 76 52
2. 77 34
2. 78 50
2. 79 78
2. 80 49
2. 81 11
2. 82 88
2. 83 68
2. 84 75
2. 85 91
2. 86 9
2. 87 30
2. 88 83
2. 89 13
2. 90 58
2. 91 27
2. 92 13
2. 93 82
2. 94 19
2. 95 42
2. 96 91
2. 97 6
2. 98 51
2. 99 2
2. 100 70
2. 101 79
2. 102 60
2. 103 96
2. 104 5
2. 105 43
2. 106 28
2. 107 7
2. 108 45
2. 109 15
2. 110 29
2. 111 59
2. 112 9
2. 113 1
2. 114 70
2. 115 81
2. 116 53
2. 117 89
2. 118 91
2. 119 1
2. 120 75
2. 121 47
2. 122 39
2. 123 70
2. 124 75
2. 125 99
2. 126 64
2. 127 29
2. 128 22
2. 129 36
2. 130 67
2. 131 22
2. 132 29
2. 133 1
2. 134 16
2. 135 55
2. 136 3
2. 137 30
2. 138 79
2. 139 19
2. 140 67
2. 141 86
2. 142 97
2. 143 77
2. 144 14
2. 145 42
2. 146 29
2. 147 21
2. 148 99
2. 149 91
2. 150 96
2. 151 2
2. 152 29
2. 153 5
2. 154 69
2. 155 50
2. 156 42
2. 157 31
2. 158 13
2. 159 76
2. 160 60
2. 161 65
2. 162 39
2. 163 81
2. 164 87
2. 165 55
2. 166 70
2. 167 52
2. 168 44
2. 169 6
2. 170 85
2. 171 77
2. 172 6
2. 173 28
2. 174 35
2. 175 74
2. 176 51
2. 177 89
2. 178 99
2. 179 33
2. 180 65
2. 181 36
2. 182 78
2. 183 96
2. 184 20
2. 185 24
2. 186 86
2. 187 57
2. 188 77
2. 189 24
2. 190 49
2. 191 15
2. 192 19
2. 193 64
2. 194 56
2. 195 65
2. 196 75
2. 197 47
2. 198 84
2. 199 39
2. 200 31
2. 201 24
2. 202 38
2. 203 13
2. 204 6
2. 205 54
2. 206 29
2. 207 71
2. 208 63
2. 209 27
2. 210 24
2. 211 43
2. 212 57
2. 213 95
2. 214 1
2. 215 23
2. 216 81
2. 217 73
2. 218 36
2. 219 63
2. 220 3
2. 221 57
2. 222 61
2. 223 59
2. 224 72
2. 225 32
2. 226 14
2. 227 41
2. 228 76
2. 229 11
2. 230 21
2. 231 51
2. 232 27
2. 233 66
2. 234 35
2. 235 39
2. 236 65
2. 237 7
2. 238 70
2. 239 72
2. 240 52
2. 241 71
2. 242 53
2. 243 59
2. 244 40
2. 245 70
2. 246 33
2. 247 10
2. 248 3
2. 249 50
2. 250 69
2. 251 20
2. 252 97
2. 253 37
2. 254 43
2. 255 2
2. 256 48
2. 257 2
2. 258 15
2. 259 56
2. 260 33
2. 261 16
2. 262 53
2. 263 1
2. 264 49
2. 265 48
2. 266 80
2. 267 49
2. 268 40
2. 269 63
2. 270 57
2. 271 62
2. 272 73
2. 273 71
2. 274 42
2. 275 70
2. 276 33
2. 277 92
2. 278 48
2. 279 60
2. 280 30
2. 281 86
2. 282 41
2. 283 63
2. 284 93
2. 285 7
2. 286 98
2. 287 19
2. 288 31
2. 289 38
2. 290 69
2. 291 41
2. 292 43
2. 293 59
2. 294 59
2. 295 84
2. 296 70
2. 297 16
2. 298 83
2. 299 16
2. 300 42
2. 301 27
2. 302 94
2. 303 8
2. 304 40
2. 305 4
2. 306 51
2. 307 44
2. 308 12
2. 309 26
2. 310 28
2. 311 59
2. 312 65
2. 313 43
2. 314 16
2. 315 6
2. 316 82
2. 317 38
2. 318 33
2. 319 67
2. 320 61
2. 321 33
2. 322 88
2. 323 6
2. 324 61
2. 325 71
2. 326 23
2. 327 79
2. 328 20
2. 329 48
2. 330 60
2. 331 97
2. 332 40
2. 333 39
2. 334 92
2. 335 56
2. 336 21
2. 337 81
2. 338 49
2. 339 34
2. 340 10
2. 341 68
2. 342 61
2. 343 77
2. 344 65
2. 345 14
2. 346 64
2. 347 47
2. 348 8
2. 349 34
2. 350 61
2. 351 84
2. 352 37
2. 353 14
2. 354 95
2. 355 42
2. 356 98
2. 357 12
2. 358 35
2. 359 44
2. 360 86
2. 361 52
2. 362 34
2. 363 30
2. 364 59
2. 365 65
2. 366 68
2. 367 34
2. 368 42
2. 369 43
2. 370 9
2. 371 73
2. 372 14
2. 373 44
2. 374 40
2. 375 60
2. 376 45
2. 377 23
2. 378 59
2. 379 63
2. 380 76
2. 381 29
2. 382 4
2. 383 89
2. 384 11
2. 385 38
2. 386 17
2. 387 24
2. 388 19
2. 389 75
2. 390 93
2. 391 17
2. 392 10
2. 393 67
2. 394 33
2. 395 32
2. 396 78
2. 397 6
2. 398 46
2. 399 54
3. 0 84
3. 1 63
3. 2 13
3. 3 73
3. 4 70
3. 5 13
3. 6 64
3. 7 41
3. 8 75
3. 9 26
3. 10 84
3. 11 13
3. 12 43
3. 13 87
3. 14 86
3. 15 83
3. 16 93
3. 17 94
3. 18 87
3. 19 4
3. 20 47
3. 21 83
3. 22 98
3. 23 20
3. 24 91
3. 25 66
3. 26 93
3. 27 3
3. 28 34
3. 29 94
3. 30 54
3. 31 5
3. 32 85
3. 33 46
3. 34 46
3. 35 30
3. 36 79
3. 37 62
3. 38 40
3. 39 29
3. 40 83
3. 41 9
3. 42 26
3. 43 38
3. 44 25
3. 45 8
3. 46 42
3. 47 48
3. 48 48
3. 49 99
3. 50 44
3. 51 19
3. 52 63
3. 53 91
3. 54 60
3. 55 54
3. 56 83
3. 57 50
3. 58 55
3. 59 24
3. 60 22
3. 61 91
3. 62 30
3. 63 61
3. 64 38
3. 65 25
3. 66 2
3. 67 20
3. 68 97
3. 69 12
3. 70 80
3. 71 18
3. 72 50
3. 73 90
3. 74 81
3. 75 59
3. 76 93
3. 77 18
3. 78 10
3. 79 45
3. 80 100
3. 81 7
3. 82 35
3. 83 85
3. 84 1
3. 85 85
3. 86 95
3. 87 3
3. 88 98
3. 89 54
3. 90 66
3. 91 58
3. 92 91
3. 93 91
3. 94 14
3. 95 74
3. 96 95
3. 97 68
3. 98 79
3. 99 100
3. 100 39
3. 101 16
3. 102 3
3. 103 81
3. 104 17
3. 105 19
3. 106 49
3. 107 78
3. 108 76
3. 109 76
3. 110 35
3. 111 21
3. 112 26
3. 113 98
3. 114 12
3. 115 2
3. 116 52
3. 117 82
3. 118 25
3. 119 32
3. 120 3
3. 121 41
3. 122 80
3. 123 47
3. 124 45
3. 125 19
3. 126 55
3. 127 80
3. 128 61
3. 129 73
3. 130 83
3. 131 9
3. 132 75
3. 133 56
3. 134 33
3. 135 74
3. 136 79
3. 137 76
3. 138 37
3. 139 80
3. 140 55
3. 141 75
3. 142 69
3. 143 99
3. 144 61
3. 145 86
3. 146 33
3. 147 47
3. 148 66
3. 149 31
3. 150 77
3. 151 85
3. 152 22
3. 153 9
3. 154 57
3. 155 16
3. 156 48
3. 157 31
3. 158 8
3. 159 95
3. 160 100
3. 161 68
3. 162 25
3. 163 68
3. 164 30
3. 165 46
3. 166 3
3. 167 32
3. 168 88
3. 169 73
3. 170 57
3. 171 31
3. 172 73
3. 173 35
3. 174 68
3. 175 86
3. 176 96
3. 177 15
3. 178 64
3. 179 82
3. 180 45
3. 181 11
3. 182 85
3. 183 91
3. 184 35
3. 185 84
3. 186 63
3. 187 71
3. 188 17
3. 189 15
3. 190 33
3. 191 15
3. 192 30
3. 193 13
3. 194 24
3. 195 77
3. 196 86
3. 197 31
3. 198 48
3. 199 75
3. 200 52
3. 201 54
3. 202 30
3. 203 76
3. 204 25
3. 205 10
3. 206 98
3. 207 72
3. 208 77
3. 209 62
3. 210 74
3. 211 48
3. 212 51
3. 213 33
3. 214 91
3. 215 57
3. 216 78
3. 217 25
3. 218 71
3. 219 100
3. 220 27
3. 221 90
3. 222 98
3. 223 20
3. 224 27
3. 225 1
3. 226 3
3. 227 19
3. 228 83
3. 229 88
3. 230 13
3. 231 99
3. 232 35
3. 233 91
3. 234 81
3. 235 43
3. 236 63
3. 237 84
3. 238 29
3. 239 23
3. 240 10
3. 241 33
3. 242 42
3. 243 69
3. 244 99
3. 245 40
3. 246 40
3. 247 73
3. 248 44
3. 249 22
3. 250 60
3. 251 71
3. 252 8
3. 253 5
3. 254 75
3. 255 69
3. 256 22
3. 257 53
3. 258 92
3. 259 57
3. 260 14
3. 261 25
3. 262 48
3. 263 87
3. 264 57
3. 265 91
3. 266 41
3. 267 42
3. 268 97
3. 269 73
3. 270 36
3. 271 93
3. 272 52
3. 273 67
3. 274 50
3. 275 48
3. 276 64
3. 277 4
3. 278 86
3. 279 10
3. 280 80
3. 281 97
3. 282 14
3. 283 33
3. 284 48
3. 285 42
3. 286 45
3. 287 4
3. 288 2
3. 289 24
3. 290 29
3. 291 37
3. 292 31
3. 293 81
3. 294 8
3. 295 98
3. 296 96
3. 297 91
3. 298 50
3. 299 62
3. 300 91
3. 301 24
3. 302 2
3. 303 11
3. 304 19
3. 305 34
3. 306 88
3. 307 72
3. 308 73
3. 309 32
3. 310 89
3. 311 19
3. 312 93
3. 313 1
3. 314 26
3. 315 17
3. 316 90
3. 317 13
3. 318 93
3. 319 46
3. 320 13
3. 321 99
3. 322 56
3. 323 84
3. 324 42
3. 325 27
3. 326 56
3. 327 76
3. 328 85
3. 329 58
3. 330 51
3. 331 76
3. 332 67
3. 333 14
3. 334 17
3. 335 90
3. 336 85
3. 337 34
3. 338 53
3. 339 8
3. 340 13
3. 341 58
3. 342 12
3. 343 34
3. 344 43
3. 345 19
3. 346 91
3. 347 36
3. 348 33
3. 349 63
3. 350 11
3. 351 99
3. 352 53
3. 353 94
3. 354 21
3. 355 7
3. 356 9
3. 357 63
3. 358 61
3. 359 44
3. 360 13
3. 361 92
3. 362 94
3. 363 36
3. 364 3
3. 365 55
3. 366 75
3. 367 26
3. 368 77
3. 369 98
3. 370 46
3. 371 3
3. 372 25
3. 373 51
3. 374 29
3. 375 69
3. 376 47
3. 377 65
3. 378 15
3. 379 82
3. 380 32
3. 381 66
3. 382 97
3. 383 49
3. 384 81
3. 385 57
3. 386 82
3. 387 94
3. 388 53
3. 389 24
3. 390 97
3. 391 8
3. 392 25
3. 393 24
3. 394 38
3. 395 75
3. 396 32
3. 397 85
3. 398 78
3. 399 94
4. 0 80
4. 1 92
4. 2 76
4. 3 86
4. 4 7
4. 5 7
4. 6 18
4. 7 21
4. 8 80
4. 9 85
4. 10 6
4. 11 32
4. 12 1
4. 13 29
4. 14 56
4. 15 61
4. 16 7
4. 17 67
4. 18 98
4. 19 15
4. 20 49
4. 21 72
4. 22 46
4. 23 54
4. 24 24
4. 25 14
4. 26 44
4. 27 11
4. 28 45
4. 29 77
4. 30 33
4. 31 49
4. 32 35
4. 33 9
4. 34 58
4. 35 69
4. 36 13
4. 37 59
4. 38 61
4. 39 65
4. 40 71
4. 41 56
4. 42 83
4. 43 39
4. 44 6
4. 45 89
4. 46 99
4. 47 82
4. 48 2
4. 49 34
4. 50 38
4. 51 20
4. 52 30
4. 53 4
4. 54 94
4. 55 49
4. 56 66
4. 57 57
4. 58 83
4. 59 38
4. 60 87
4. 61 34
4. 62 55
4. 63 30
4. 64 38
4. 65 74
4. 66 12
4. 67 43
4. 68 54
4. 69 65
4. 70 51
4. 71 61
4. 72 7
4. 73 88
4. 74 66
4. 75 43
4. 76 74
4. 77 15
4. 78 43
4. 79 41
4. 80 90
4. 81 100
4. 82 76
4. 83 44
4. 84 84
4. 85 45
4. 86 37
4. 87 43
4. 88 68
4. 89 76
4. 90 30
4. 91 34
4. 92 62
4. 93 91
4. 94 64
4. 95 57
4. 96 44
4. 97 46
4. 98 66
4. 99 82
4. 100 95
4. 101 19
4. 102 83
4. 103 48
4. 104 29
4. 105 21
4. 106 84
4. 107 60
4. 108 83
4. 109 7
4. 110 10
4. 111 48
4. 112 53
4. 113 37
4. 114 92
4. 115 98
4. 116 57
4. 117 54
4. 118 72
4. 119 66
4. 120 99
4. 121 27
4. 122 67
4. 123 60
4. 124 28
4. 125 13
4. 126 86
4. 127 29
4. 128 62
4. 129 12
4. 130 53
4. 131 39
4. 132 61
4. 133 43
4. 134 61
4. 135 47
4. 136 37
4. 137 24
4. 138 74
4. 139 91
4. 140 72
4. 141 96
4. 142 32
4. 143 93
4. 144 29
4. 145 49
4. 146 72
4. 147 79
4. 148 48
4. 149 21
4. 150 7
4. 151 28
4. 152 85
4. 153 96
4. 154 82
4. 155 54
4. 156 100
4. 157 98
4. 158 53
4. 159 29
4. 160 57
4. 161 92
4. 162 14
4. 163 50
4. 164 30
4. 165 94
4. 166 94
4. 167 59
4. 168 86
4. 169 2
4. 170 75
4. 171 17
4. 172 33
4. 173 45
4. 174 42
4. 175 50
4. 176 12
4. 177 72
4. 178 11
4. 179 63
4. 180 16
4. 181 64
4. 182 54
4. 183 23
4. 184 11
4. 185 3
4. 186 69
4. 187 39
4. 188 50
4. 189 72
4. 190 5
4. 191 19
4. 192 53
4. 193 37
4. 194 93
4. 195 33
4. 196 38
4. 197 55
4. 198 97
4. 199 68
4. 200 86
4. 201 87
4. 202 36
4. 203 99
4. 204 16
4. 205 48
4. 206 85
4. 207 72
4. 208 52
4. 209 72
4. 210 6
4. 211 6
4. 212 74
4. 213 36
4. 214 31
4. 215 25
4. 216 15
4. 217 95
4. 218 29
4. 219 17
4. 220 5
4. 221 97
4. 222 87
4. 223 44
4. 224 26
4. 225 29
4. 226 43
4. 227 85
4. 228 76
4. 229 46
4. 230 92
4. 231 38
4. 232 6
4. 233 44
4. 234 10
4. 235 81
4. 236 26
4. 237 29
4. 238 7
4. 239 93
4. 240 56
4. 241 47
4. 242 63
4. 243 49
4. 244 92
4. 245 20
4. 246 64
4. 247 88
4. 248 93
4. 249 53
4. 250 69
4. 251 73
4. 252 49
4. 253 62
4. 254 50
4. 255 28
4. 256 13
4. 257 81
4. 258 22
4. 259 85
4. 260 92
4. 261 15
4. 262 7
4. 263 16
4. 264 68
4. 265 70
4. 266 57
4. 267 89
4. 268 27
4. 269 45
4. 270 63
4. 271 30
4. 272 85
4. 273 25
4. 274 94
4. 275 10
4. 276 95
4. 277 30
4. 278 83
4. 279 49
4. 280 97
4. 281 90
4. 282 3
4. 283 71
4. 284 22
4. 285 89
4. 286 52
4. 287 80
4. 288 3
4. 289 38
4. 290 96
4. 291 94
4. 292 90
4. 293 40
4. 294 77
4. 295 27
4. 296 53
4. 297 91
4. 298 43
4. 299 27
4. 300 34
4. 301 84
4. 302 14
4. 303 80
4. 304 60
4. 305 67
4. 306 16
4. 307 90
4. 308 66
4. 309 11
4. 310 26
4. 311 26
4. 312 35
4. 313 49
4. 314 48
4. 315 58
4. 316 21
4. 317 32
4. 318 57
4. 319 85
4. 320 44
4. 321 76
4. 322 35
4. 323 54
4. 324 32
4. 325 33
4. 326 41
4. 327 81
4. 328 97
4. 329 67
4. 330 42
4. 331 83
4. 332 25
4. 333 65
4. 334 27
4. 335 22
4. 336 56
4. 337 65
4. 338 53
4. 339 73
4. 340 44
4. 341 40
4. 342 36
4. 343 17
4. 344 71
4. 345 2
4. 346 32
4. 347 62
4. 348 98
4. 349 75
4. 350 35
4. 351 15
4. 352 39
4. 353 1
4. 354 16
4. 355 89
4. 356 32
4. 357 37
4. 358 47
4. 359 67
4. 360 92
4. 361 87
4. 362 31
4. 363 25
4. 364 28
4. 365 36
4. 366 76
4. 367 15
4. 368 3
4. 369 40
4. 370 36
4. 371 23
4. 372 23
4. 373 25
4. 374 63
4. 375 3
4. 376 25
4. 377 57
4. 378 85
4. 379 92
4. 380 61
4. 381 33
4. 382 62
4. 383 19
4. 384 48
4. 385 52
4. 386 23
4. 387 2
4. 388 65
4. 389 25
4. 390 47
4. 391 56
4. 392 87
4. 393 73
4. 394 96
4. 395 3
4. 396 31
4. 397 81
4. 398 40
4. 399 100
5. 0 90
5. 1 47
5. 2 2
5. 3 83
5. 4 54
5. 5 4
5. 6 63
5. 7 44
5. 8 75
5. 9 50
5. 10 47
5. 11 39
5. 12 77
5. 13 54
5. 14 21
5. 15 28
5. 16 87
5. 17 99
5. 18 45
5. 19 78
5. 20 59
5. 21 1
5. 22 1
5. 23 99
5. 24 87
5. 25 77
5. 26 28
5. 27 48
5. 28 77
5. 29 10
5. 30 4
5. 31 100
5. 32 61
5. 33 72
5. 34 93
5. 35 80
5. 36 45
5. 37 49
5. 38 99
5. 39 85
5. 40 53
5. 41 48
5. 42 61
5. 43 73
5. 44 66
5. 45 16
5. 46 1
5. 47 57
5. 48 28
5. 49 43
5. 50 79
5. 51 86
5. 52 100
5. 53 2
5. 54 74
5. 55 30
5. 56 54
5. 57 82
5. 58 25
5. 59 72
5. 60 66
5. 61 69
5. 62 61
5. 63 18
5. 64 16
5. 65 30
5. 66 57
5. 67 23
5. 68 59
5. 69 60
5. 70 40
5. 71 48
5. 72 49
5. 73 52
5. 74 79
5. 75 47
5. 76 6
5. 77 28
5. 78 97
5. 79 98
5. 80 98
5. 81 15
5. 82 26
5. 83 73
5. 84 30
5. 85 94
5. 86 38
5. 87 63
5. 88 4
5. 89 4
5. 90 90
5. 91 68
5. 92 53
5. 93 32
5. 94 10
5. 95 39
5. 96 12
5. 97 69
5. 98 52
5. 99 98
5. 100 16
5. 101 71
5. 102 59
5. 103 38
5. 104 9
5. 105 91
5. 106 56
5. 107 97
5. 108 31
5. 109 31
5. 110 11
5. 111 28
5. 112 84
5. 113 78
5. 114 96
5. 115 68
5. 116 46
5. 117 77
5. 118 71
5. 119 95
5. 120 11
5. 121 89
5. 122 33
5. 123 12
5. 124 50
5. 125 5
5. 126 53
5. 127 29
5. 128 60
5. 129 68
5. 130 38
5. 131 78
5. 132 92
5. 133 46
5. 134 39
5. 135 43
5. 136 34
5. 137 27
5. 138 56
5. 139 36
5. 140 30
5. 141 96
5. 142 50
5. 143 4
5. 144 25
5. 145 29
5. 146 2
5. 147 81
5. 148 2
5. 149 80
5. 150 57
5. 151 2
5. 152 5
5. 153 13
5. 154 70
5. 155 58
5. 156 26
5. 157 27
5. 158 4
5. 159 36
5. 160 31
5. 161 39
5. 162 82
5. 163 11
5. 164 19
5. 165 79
5. 166 66
5. 167 29
5. 168 82
5. 169 54
5. 170 49
5. 171 61
5. 172 51
5. 173 28
5. 174 28
5. 175 62
5. 176 19
5. 177 91
5. 178 66
5. 179 6
5. 180 10
5. 181 64
5. 182 86
5. 183 42
5. 184 73
5. 185 86
5. 186 25
5. 187 45
5. 188 4
5. 189 64
5. 190 77
5. 191 88
5. 192 49
5. 193 20
5. 194 60
5. 195 32
5. 196 86
5. 197 99
5. 198 35
5. 199 45
5. 200 67
5. 201 96
5. 202 11
5. 203 51
5. 204 95
5. 205 60
5. 206 66
5. 207 22
5. 208 20
5. 209 23
5. 210 15
5. 211 14
5. 212 35
5. 213 21
5. 214 56
5. 215 55
5. 216 57
5. 217 47
5. 218 26
5. 219 90
5. 220 67
5. 221 19
5. 222 98
5. 223 95
5. 224 96
5. 225 87
5. 226 51
5. 227 54
5. 228 37
5. 229 62
5. 230 44
5. 231 23
5. 232 61
5. 233 7
5. 234 22
5. 235 64
5. 236 22
5. 237 57
5. 238 89
5. 239 85
5. 240 36
5. 241 13
5. 242 82
5. 243 61
5. 244 100
5. 245 74
5. 246 69
5. 247 62
5. 248 55
5. 249 68
5. 250 7
5. 251 94
5. 252 50
5. 253 22
5. 254 94
5. 255 48
5. 256 10
5. 257 42
5. 258 42
5. 259 72
5. 260 74
5. 261 57
5. 262 1
5. 263 72
5. 264 90
5. 265 76
5. 266 71
5. 267 41
5. 268 47
5. 269 18
5. 270 30
5. 271 33
5. 272 33
5. 273 80
5. 274 7
5. 275 81
5. 276 85
5. 277 80
5. 278 35
5. 279 64
5. 280 22
5. 281 52
5. 282 10
5. 283 36
5. 284 47
5. 285 35
5. 286 3
5. 287 18
5. 288 85
5. 289 21
5. 290 26
5. 291 62
5. 292 54
5. 293 6
5. 294 17
5. 295 86
5. 296 36
5. 297 20
5. 298 53
5. 299 2
5. 300 41
5. 301 70
5. 302 29
5. 303 28
5. 304 35
5. 305 75
5. 306 37
5. 307 92
5. 308 25
5. 309 22
5. 310 68
5. 311 45
5. 312 70
5. 313 31
5. 314 83
5. 315 80
5. 316 7
5. 317 53
5. 318 66
5. 319 61
5. 320 70
5. 321 90
5. 322 1
5. 323 81
5. 324 90
5. 325 59
5. 326 11
5. 327 38
5. 328 40
5. 329 88
5. 330 68
5. 331 52
5. 332 31
5. 333 73
5. 334 30
5. 335 15
5. 336 19
5. 337 80
5. 338 22
5. 339 92
5. 340 12
5. 341 20
5. 342 92
5. 343 70
5. 344 66
5. 345 70
5. 346 80
5. 347 68
5. 348 36
5. 349 1
5. 350 31
5. 351 10
5. 352 73
5. 353 47
5. 354 74
5. 355 68
5. 356 52
5. 357 100
5. 358 8
5. 359 84
5. 360 97
5. 361 60
5. 362 23
5. 363 73
5. 364 2
5. 365 17
5. 366 86
5. 367 18
5. 368 19
5. 369 9
5. 370 22
5. 371 59
5. 372 93
5. 373 20
5. 374 33
5. 375 84
5. 376 34
5. 377 66
5. 378 59
5. 379 26
5. 380 96
5. 381 34
5. 382 53
5. 383 82
5. 384 56
5. 385 21
5. 386 55
5. 387 44
5. 388 66
5. 389 43
5. 390 39
5. 391 60
5. 392 58
5. 393 49
5. 394 31
5. 395 31
5. 396 93
5. 397 24
5. 398 52
5. 399 45
6. 0 27
6. 1 6
6. 2 2
6. 3 56
6. 4 73
6. 5 3
6. 6 26
6. 7 14
6. 8 53
6. 9 47
6. 10 89
6. 11 59
6. 12 5
6. 13 40
6. 14 93
6. 15 74
6. 16 39
6. 17 73
6. 18 63
6. 19 9
6. 20 15
6. 21 32
6. 22 41
6. 23 83
6. 24 32
6. 25 98
6. 26 12
6. 27 73
6. 28 2
6. 29 47
6. 30 94
6. 31 84
6. 32 90
6. 33 47
6. 34 32
6. 35 23
6. 36 13
6. 37 81
6. 38 11
6. 39 68
6. 40 61
6. 41 70
6. 42 40
6. 43 55
6. 44 38
6. 45 39
6. 46 17
6. 47 65
6. 48 95
6. 49 92
6. 50 21
6. 51 46
6. 52 36
6. 53 45
6. 54 59
6. 55 54
6. 56 83
6. 57 81
6. 58 91
6. 59 27
6. 60 79
6. 61 71
6. 62 82
6. 63 4
6. 64 11
6. 65 38
6. 66 89
6. 67 83
6. 68 28
6. 69 94
6. 70 36
6. 71 37
6. 72 48
6. 73 26
6. 74 92
6. 75 81
6. 76 25
6. 77 80
6. 78 100
6. 79 14
6. 80 58
6. 81 3
6. 82 61
6. 83 18
6. 84 26
6. 85 90
6. 86 41
6. 87 50
6. 88 32
6. 89 2
6. 90 1
6. 91 1
6. 92 36
6. 93 12
6. 94 92
6. 95 55
6. 96 50
6. 97 19
6. 98 57
6. 99 42
6. 100 91
6. 101 17
6. 102 52
6. 103 90
6. 104 65
6. 105 35
6. 106 31
6. 107 88
6. 108 54
6. 109 44
6. 110 20
6. 111 62
6. 112 14
6. 113 59
6. 114 18
6. 115 72
6. 116 33
6. 117 5
6. 118 45
6. 119 35
6. 120 55
6. 121 100
6. 122 78
6. 123 86
6. 124 35
6. 125 15
6. 126 7
6. 127 68
6. 128 22
6. 129 59
6. 130 26
6. 131 83
6. 132 33
6. 133 54
6. 134 20
6. 135 79
6. 136 15
6. 137 51
6. 138 46
6. 139 6
6. 140 67
6. 141 45
6. 142 63
6. 143 32
6. 144 8
6. 145 46
6. 146 35
6. 147 32
6. 148 67
6. 149 61
6. 150 31
6. 151 51
6. 152 85
6. 153 42
6. 154 68
6. 155 53
6. 156 99
6. 157 61
6. 158 15
6. 159 58
6. 160 100
6. 161 59
6. 162 92
6. 163 76
6. 164 38
6. 165 42
6. 166 5
6. 167 39
6. 168 60
6. 169 57
6. 170 36
6. 171 48
6. 172 64
6. 173 25
6. 174 22
6. 175 27
6. 176 40
6. 177 79
6. 178 62
6. 179 6
6. 180 91
6. 181 60
6. 182 70
6. 183 21
6. 184 12
6. 185 28
6. 186 22
6. 187 55
6. 188 6
6. 189 57
6. 190 12
6. 191 18
6. 192 12
6. 193 51
6. 194 56
6. 195 67
6. 196 47
6. 197 47
6. 198 78
6. 199 83
6. 200 18
6. 201 67
6. 202 5
6. 203 6
6. 204 1
6. 205 60
6. 206 95
6. 207 33
6. 208 66
6. 209 7
6. 210 53
6. 211 83
6. 212 24
6. 213 34
6. 214 35
6. 215 50
6. 216 82
6. 217 87
6. 218 95
6. 219 26
6. 220 88
6. 221 45
6. 222 99
6. 223 23
6. 224 43
6. 225 98
6. 226 27
6. 227 85
6. 228 60
6. 229 68
6. 230 18
6. 231 7
6. 232 62
6. 233 28
6. 234 62
6. 235 57
6. 236 90
6. 237 56
6. 238 86
6. 239 14
6. 240 99
6. 241 9
6. 242 71
6. 243 33
6. 244 42
6. 245 47
6. 246 8
6. 247 26
6. 248 95
6. 249 82
6. 250 52
6. 251 82
6. 252 37
6. 253 96
6. 254 84
6. 255 30
6. 256 33
6. 257 94
6. 258 20
6. 259 42
6. 260 29
6. 261 35
6. 262 9
6. 263 89
6. 264 22
6. 265 18
6. 266 23
6. 267 54
6. 268 98
6. 269 51
6. 270 6
6. 271 19
6. 272 9
6. 273 94
6. 274 82
6. 275 8
6. 276 77
6. 277 95
6. 278 76
6. 279 15
6. 280 11
6. 281 6
6. 282 62
6. 283 19
6. 284 99
6. 285 15
6. 286 80
6. 287 78
6. 288 80
6. 289 66
6. 290 57
6. 291 30
6. 292 66
6. 293 9
6. 294 41
6. 295 85
6. 296 85
6. 297 44
6. 298 12
6. 299 37
6. 300 51
6. 301 14
6. 302 72
6. 303 77
6. 304 19
6. 305 5
6. 306 62
6. 307 39
6. 308 19
6. 309 5
6. 310 33
6. 311 67
6. 312 43
6. 313 82
6. 314 100
6. 315 14
6. 316 75
6. 317 34
6. 318 9
6. 319 85
6. 320 38
6. 321 71
6. 322 63
6. 323 20
6. 324 36
6. 325 82
6. 326 11
6. 327 37
6. 328 92
6. 329 47
6. 330 57
6. 331 22
6. 332 29
6. 333 44
6. 334 7
6. 335 96
6. 336 13
6. 337 13
6. 338 91
6. 339 40
6. 340 12
6. 341 34
6. 342 79
6. 343 11
6. 344 63
6. 345 67
6. 346 48
6. 347 27
6. 348 26
6. 349 20
6. 350 96
6. 351 51
6. 352 15
6. 353 96
6. 354 73
6. 355 69
6. 356 64
6. 357 77
6. 358 22
6. 359 65
6. 360 42
6. 361 98
6. 362 93
6. 363 11
6. 364 69
6. 365 73
6. 366 42
6. 367 68
6. 368 27
6. 369 24
6. 370 54
6. 371 7
6. 372 57
6. 373 72
6. 374 20
6. 375 60
6. 376 96
6. 377 48
6. 378 94
6. 379 98
6. 380 66
6. 381 70
6. 382 74
6. 383 59
6. 384 77
6. 385 63
6. 386 26
6. 387 11
6. 388 27
6. 389 50
6. 390 83
6. 391 70
6. 392 91
6. 393 100
6. 394 61
6. 395 83
6. 396 64
6. 397 63
6. 398 11
6. 399 65
7. 0 56
7. 1 71
7. 2 46
7. 3 15
7. 4 11
7. 5 38
7. 6 68
7. 7 5
7. 8 25
7. 9 41
7. 10 33
7. 11 49
7. 12 66
7. 13 12
7. 14 82
7. 15 72
7. 16 47
7. 17 20
7. 18 68
7. 19 62
7. 20 63
7. 21 86
7. 22 9
7. 23 36
7. 24 49
7. 25 85
7. 26 8
7. 27 100
7. 28 63
7. 29 9
7. 30 57
7. 31 41
7. 32 50
7. 33 22
7. 34 64
7. 35 23
7. 36 87
7. 37 85
7. 38 41
7. 39 20
7. 40 91
7. 41 97
7. 42 65
7. 43 82
7. 44 54
7. 45 5
7. 46 65
7. 47 33
7. 48 3
7. 49 51
7. 50 51
7. 51 23
7. 52 61
7. 53 2
7. 54 23
7. 55 27
7. 56 85
7. 57 19
7. 58 90
7. 59 7
7. 60 74
7. 61 35
7. 62 28
7. 63 31
7. 64 15
7. 65 74
7. 66 15
7. 67 68
7. 68 56
7. 69 96
7. 70 65
7. 71 62
7. 72 89
7. 73 96
7. 74 98
7. 75 82
7. 76 15
7. 77 40
7. 78 75
7. 79 68
7. 80 80
7. 81 69
7. 82 35
7. 83 70
7. 84 70
7. 85 47
7. 86 53
7. 87 90
7. 88 20
7. 89 99
7. 90 64
7. 91 28
7. 92 56
7. 93 97
7. 94 78
7. 95 50
7. 96 14
7. 97 56
7. 98 10
7. 99 71
7. 100 44
7. 101 83
7. 102 71
7. 103 65
7. 104 71
7. 105 50
7. 106 44
7. 107 13
7. 108 87
7. 109 39
7. 110 69
7. 111 84
7. 112 69
7. 113 19
7. 114 83
7. 115 66
7. 116 94
7. 117 1
7. 118 32
7. 119 51
7. 120 37
7. 121 50
7. 122 99
7. 123 69
7. 124 29
7. 125 84
7. 126 69
7. 127 97
7. 128 66
7. 129 29
7. 130 66
7. 131 33
7. 132 32
7. 133 93
7. 134 96
7. 135 48
7. 136 44
7. 137 2
7. 138 23
7. 139 22
7. 140 67
7. 141 56
7. 142 11
7. 143 68
7. 144 16
7. 145 75
7. 146 66
7. 147 52
7. 148 94
7. 149 74
7. 150 1
7. 151 18
7. 152 70
7. 153 33
7. 154 66
7. 155 16
7. 156 67
7. 157 13
7. 158 67
7. 159 49
7. 160 46
7. 161 84
7. 162 8
7. 163 36
7. 164 60
7. 165 3
7. 166 83
7. 167 10
7. 168 73
7. 169 26
7. 170 60
7. 171 37
7. 172 8
7. 173 73
7. 174 71
7. 175 90
7. 176 25
7. 177 46
7. 178 62
7. 179 51
7. 180 86
7. 181 10
7. 182 6
7. 183 82
7. 184 12
7. 185 37
7. 186 44
7. 187 39
7. 188 1
7. 189 36
7. 190 46
7. 191 66
7. 192 86
7. 193 43
7. 194 66
7. 195 45
7. 196 22
7. 197 20
7. 198 83
7. 199 30
7. 200 78
7. 201 27
7. 202 87
7. 203 68
7. 204 19
7. 205 8
7. 206 26
7. 207 1
7. 208 56
7. 209 69
7. 210 54
7. 211 68
7. 212 43
7. 213 81
7. 214 2
7. 215 12
7. 216 12
7. 217 83
7. 218 17
7. 219 87
7. 220 18
7. 221 33
7. 222 85
7. 223 90
7. 224 74
7. 225 60
7. 226 77
7. 227 3
7. 228 69
7. 229 83
7. 230 52
7. 231 70
7. 232 37
7. 233 43
7. 234 43
7. 235 4
7. 236 65
7. 237 8
7. 238 59
7. 239 31
7. 240 24
7. 241 15
7. 242 31
7. 243 87
7. 244 94
7. 245 92
7. 246 47
7. 247 60
7. 248 75
7. 249 23
7. 250 79
7. 251 91
7. 252 61
7. 253 16
7. 254 70
7. 255 43
7. 256 54
7. 257 21
7. 258 83
7. 259 38
7. 260 8
7. 261 64
7. 262 51
7. 263 73
7. 264 82
7. 265 41
7. 266 72
7. 267 16
7. 268 67
7. 269 49
7. 270 57
7. 271 94
7. 272 2
7. 273 83
7. 274 91
7. 275 77
7. 276 25
7. 277 79
7. 278 6
7. 279 61
7. 280 62
7. 281 41
7. 282 25
7. 283 63
7. 284 29
7. 285 30
7. 286 94
7. 287 28
7. 288 25
7. 289 43
7. 290 34
7. 291 57
7. 292 4
7. 293 62
7. 294 50
7. 295 63
7. 296 2
7. 297 21
7. 298 24
7. 299 58
7. 300 2
7. 301 42
7. 302 17
7. 303 85
7. 304 18
7. 305 7
7. 306 34
7. 307 85
7. 308 77
7. 309 9
7. 310 51
7. 311 28
7. 312 90
7. 313 53
7. 314 59
7. 315 96
7. 316 78
7. 317 50
7. 318 53
7. 319 30
7. 320 44
7. 321 72
7. 322 85
7. 323 48
7. 324 75
7. 325 11
7. 326 24
7. 327 44
7. 328 44
7. 329 13
7. 330 56
7. 331 64
7. 332 6
7. 333 28
7. 334 40
7. 335 78
7. 336 56
7. 337 49
7. 338 70
7. 339 39
7. 340 49
7. 341 81
7. 342 61
7. 343 57
7. 344 34
7. 345 3
7. 346 93
7. 347 66
7. 348 20
7. 349 82
7. 350 54
7. 351 15
7. 352 24
7. 353 88
7. 354 97
7. 355 82
7. 356 98
7. 357 76
7. 358 53
7. 359 3
7. 360 9
7. 361 79
7. 362 32
7. 363 49
7. 364 66
7. 365 78
7. 366 34
7. 367 30
7. 368 59
7. 369 4
7. 370 13
7. 371 52
7. 372 93
7. 373 25
7. 374 18
7. 375 26
7. 376 22
7. 377 70
7. 378 41
7. 379 27
7. 380 24
7. 381 63
7. 382 6
7. 383 31
7. 384 35
7. 385 1
7. 386 38
7. 387 9
7. 388 4
7. 389 52
7. 390 25
7. 391 8
7. 392 55
7. 393 12
7. 394 20
7. 395 9
7. 396 31
7. 397 95
7. 398 11
7. 399 79
8. 0 21
8. 1 98
8. 2 84
8. 3 15
8. 4 22
8. 5 1
8. 6 15
8. 7 92
8. 8 42
8. 9 63
8. 10 26
8. 11 18
8. 12 13
8. 13 63
8. 14 27
8. 15 6
8. 16 1
8. 17 53
8. 18 83
8. 19 63
8. 20 84
8. 21 64
8. 22 33
8. 23 7
8. 24 96
8. 25 36
8. 26 97
8. 27 22
8. 28 3
8. 29 14
8. 30 94
8. 31 45
8. 32 98
8. 33 88
8. 34 10
8. 35 1
8. 36 1
8. 37 2
8. 38 48
8. 39 95
8. 40 35
8. 41 20
8. 42 78
8. 43 57
8. 44 69
8. 45 81
8. 46 40
8. 47 50
8. 48 3
8. 49 16
8. 50 11
8. 51 56
8. 52 80
8. 53 72
8. 54 78
8. 55 32
8. 56 3
8. 57 7
8. 58 45
8. 59 48
8. 60 40
8. 61 1
8. 62 7
8. 63 27
8. 64 98
8. 65 62
8. 66 25
8. 67 63
8. 68 53
8. 69 52
8. 70 19
8. 71 56
8. 72 100
8. 73 14
8. 74 31
8. 75 42
8. 76 28
8. 77 48
8. 78 75
8. 79 54
8. 80 80
8. 81 94
8. 82 10
8. 83 85
8. 84 95
8. 85 64
8. 86 65
8. 87 92
8. 88 3
8. 89 11
8. 90 50
8. 91 27
8. 92 57
8. 93 53
8. 94 85
8. 95 8
8. 96 88
8. 97 41
8. 98 68
8. 99 39
8. 100 58
8. 101 4
8. 102 38
8. 103 76
8. 104 93
8. 105 46
8. 106 26
8. 107 56
8. 108 84
8. 109 28
8. 110 67
8. 111 90
8. 112 26
8. 113 22
8. 114 72
8. 115 24
8. 116 86
8. 117 61
8. 118 7
8. 119 81
8. 120 79
8. 121 67
8. 122 9
8. 123 79
8. 124 26
8. 125 97
8. 126 64
8. 127 50
8. 128 89
8. 129 73
8. 130 86
8. 131 44
8. 132 50
8. 133 46
8. 134 20
8. 135 39
8. 136 24
8. 137 50
8. 138 11
8. 139 60
8. 140 86
8. 141 14
8. 142 58
8. 143 12
8. 144 90
8. 145 67
8. 146 96
8. 147 33
8. 148 66
8. 149 14
8. 150 22
8. 151 72
8. 152 70
8. 153 24
8. 154 21
8. 155 8
8. 156 75
8. 157 93
8. 158 92
8. 159 98
8. 160 80
8. 161 43
8. 162 30
8. 163 78
8. 164 22
8. 165 93
8. 166 87
8. 167 10
8. 168 61
8. 169 92
8. 170 39
8. 171 98
8. 172 39
8. 173 31
8. 174 97
8. 175 55
8. 176 79
8. 177 27
8. 178 87
8. 179 48
8. 180 4
8. 181 6
8. 182 36
8. 183 21
8. 184 71
8. 185 62
8. 186 94
8. 187 99
8. 188 87
8. 189 32
8. 190 19
8. 191 77
8. 192 96
8. 193 62
8. 194 59
8. 195 18
8. 196 21
8. 197 96
8. 198 67
8. 199 34
8. 200 27
8. 201 67
8. 202 72
8. 203 95
8. 204 7
8. 205 35
8. 206 39
8. 207 34
8. 208 57
8. 209 30
8. 210 57
8. 211 91
8. 212 28
8. 213 51
8. 214 79
8. 215 64
8. 216 35
8. 217 93
8. 218 40
8. 219 15
8. 220 2
8. 221 36
8. 222 2
8. 223 94
8. 224 28
8. 225 76
8. 226 37
8. 227 26
8. 228 52
8. 229 33
8. 230 95
8. 231 39
8. 232 3
8. 233 2
8. 234 74
8. 235 55
8. 236 7
8. 237 14
8. 238 43
8. 239 48
8. 240 41
8. 241 37
8. 242 24
8. 243 62
8. 244 19
8. 245 95
8. 246 88
8. 247 19
8. 248 69
8. 249 60
8. 250 79
8. 251 4
8. 252 17
8. 253 58
8. 254 7
8. 255 36
8. 256 22
8. 257 61
8. 258 37
8. 259 43
8. 260 75
8. 261 15
8. 262 10
8. 263 31
8. 264 25
8. 265 57
8. 266 19
8. 267 67
8. 268 13
8. 269 87
8. 270 77
8. 271 74
8. 272 8
8. 273 39
8. 274 12
8. 275 44
8. 276 15
8. 277 14
8. 278 8
8. 279 85
8. 280 39
8. 281 38
8. 282 37
8. 283 94
8. 284 84
8. 285 82
8. 286 2
8. 287 74
8. 288 81
8. 289 23
8. 290 34
8. 291 93
8. 292 6
8. 293 85
8. 294 59
8. 295 2
8. 296 84
8. 297 21
8. 298 85
8. 299 100
8. 300 56
8. 301 4
8. 302 15
8. 303 72
8. 304 88
8. 305 58
8. 306 52
8. 307 1
8. 308 12
8. 309 16
8. 310 89
8. 311 41
8. 312 63
8. 313 31
8. 314 45
8. 315 93
8. 316 12
8. 317 24
8. 318 65
8. 319 56
8. 320 67
8. 321 1
8. 322 12
8. 323 81
8. 324 19
8. 325 16
8. 326 97
8. 327 22
8. 328 31
8. 329 16
8. 330 57
8. 331 1
8. 332 23
8. 333 46
8. 334 36
8. 335 84
8. 336 70
8. 337 50
8. 338 79
8. 339 77
8. 340 61
8. 341 40
8. 342 85
8. 343 49
8. 344 20
8. 345 77
8. 346 41
8. 347 92
8. 348 67
8. 349 31
8. 350 77
8. 351 16
8. 352 94
8. 353 65
8. 354 61
8. 355 90
8. 356 43
8. 357 13
8. 358 80
8. 359 42
8. 360 69
8. 361 93
8. 362 26
8. 363 3
8. 364 58
8. 365 25
8. 366 25
8. 367 32
8. 368 97
8. 369 98
8. 370 37
8. 371 100
8. 372 68
8. 373 56
8. 374 60
8. 375 52
8. 376 42
8. 377 44
8. 378 71
8. 379 63
8. 380 69
8. 381 81
8. 382 29
8. 383 65
8. 384 34
8. 385 15
8. 386 77
8. 387 90
8. 388 63
8. 389 12
8. 390 76
8. 391 96
8. 392 59
8. 393 37
8. 394 91
8. 395 18
8. 396 59
8. 397 85
8. 398 75
8. 399 19
9. 0 70
9. 1 20
9. 2 74
9. 3 75
9. 4 98
9. 5 67
9. 6 82
9. 7 74
9. 8 19
9. 9 31
9. 10 84
9. 11 57
9. 12 96
9. 13 83
9. 14 14
9. 15 99
9. 16 16
9. 17 83
9. 18 63
9. 19 26
9. 20 20
9. 21 80
9. 22 56
9. 23 99
9. 24 21
9. 25 62
9. 26 54
9. 27 38
9. 28 83
9. 29 3
9. 30 84
9. 31 31
9. 32 46
9. 33 63
9. 34 47
9. 35 93
9. 36 70
9. 37 5
9. 38 26
9. 39 19
9. 40 95
9. 41 68
9. 42 38
9. 43 10
9. 44 82
9. 45 79
9. 46 36
9. 47 92
9. 48 25
9. 49 33
9. 50 25
9. 51 30
9. 52 13
9. 53 16
9. 54 97
9. 55 46
9. 56 26
9. 57 14
9. 58 26
9. 59 40
9. 60 41
9. 61 82
9. 62 57
9. 63 32
9. 64 36
9. 65 6
9. 66 16
9. 67 23
9. 68 60
9. 69 33
9. 70 74
9. 71 75
9. 72 74
9. 73 17
9. 74 95
9. 75 36
9. 76 18
9. 77 40
9. 78 100
9. 79 1
9. 80 1
9. 81 60
9. 82 80
9. 83 11
9. 84 95
9. 85 49
9. 86 85
9. 87 14
9. 88 5
9. 89 71
9. 90 23
9. 91 78
9. 92 3
9. 93 62
9. 94 4
9. 95 72
9. 96 10
9. 97 60
9. 98 49
9. 99 16
9. 100 100
9. 101 48
9. 102 12
9. 103 8
9. 104 12
9. 105 72
9. 106 25
9. 107 33
9. 108 48
9. 109 69
9. 110 21
9. 111 65
9. 112 42
9. 113 88
9. 114 48
9. 115 62
9. 116 78
9. 117 40
9. 118 9
9. 119 61
9. 120 44
9. 121 42
9. 122 68
9. 123 89
9. 124 91
9. 125 12
9. 126 43
9. 127 77
9. 128 93
9. 129 65
9. 130 21
9. 131 5
9. 132 80
9. 133 77
9. 134 34
9. 135 67
9. 136 25
9. 137 56
9. 138 4
9. 139 77
9. 140 77
9. 141 1
9. 142 20
9. 143 2
9. 144 100
9. 145 76
9. 146 57
9. 147 55
9. 148 28
9. 149 82
9. 150 67
9. 151 28
9. 152 86
9. 153 66
9. 154 89
9. 155 93
9. 156 87
9. 157 30
9. 158 96
9. 159 58
9. 160 67
9. 161 95
9. 162 12
9. 163 3
9. 164 43
9. 165 76
9. 166 40
9. 167 84
9. 168 83
9. 169 25
9. 170 13
9. 171 28
9. 172 62
9. 173 1
9. 174 23
9. 175 13
9. 176 86
9. 177 11
9. 178 39
9. 179 44
9. 180 67
9. 181 98
9. 182 61
9. 183 35
9. 184 29
9. 185 15
9. 186 21
9. 187 89
9. 188 28
9. 189 49
9. 190 93
9. 191 6
9. 192 69
9. 193 53
9. 194 9
9. 195 5
9. 196 91
9. 197 35
9. 198 36
9. 199 68
9. 200 12
9. 201 66
9. 202 41
9. 203 26
9. 204 20
9. 205 67
9. 206 61
9. 207 79
9. 208 66
9. 209 13
9. 210 35
9. 211 66
9. 212 75
9. 213 43
9. 214 100
9. 215 83
9. 216 28
9. 217 90
9. 218 6
9. 219 57
9. 220 7
9. 221 31
9. 222 70
9. 223 94
9. 224 94
9. 225 75
9. 226 3
9. 227 89
9. 228 80
9. 229 74
9. 230 35
9. 231 13
9. 232 96
9. 233 97
9. 234 82
9. 235 92
9. 236 20
9. 237 26
9. 238 75
9. 239 64
9. 240 61
9. 241 34
9. 242 91
9. 243 38
9. 244 88
9. 245 2
9. 246 100
9. 247 56
9. 248 94
9. 249 26
9. 250 91
9. 251 60
9. 252 74
9. 253 69
9. 254 70
9. 255 74
9. 256 91
9. 257 26
9. 258 95
9. 259 10
9. 260 26
9. 261 46
9. 262 54
9. 263 93
9. 264 74
9. 265 67
9. 266 36
9. 267 30
9. 268 92
9. 269 37
9. 270 10
9. 271 11
9. 272 50
9. 273 54
9. 274 58
9. 275 56
9. 276 96
9. 277 94
9. 278 83
9. 279 19
9. 280 95
9. 281 87
9. 282 29
9. 283 41
9. 284 34
9. 285 90
9. 286 40
9. 287 83
9. 288 68
9. 289 6
9. 290 89
9. 291 8
9. 292 96
9. 293 32
9. 294 20
9. 295 63
9. 296 42
9. 297 56
9. 298 11
9. 299 24
9. 300 18
9. 301 93
9. 302 16
9. 303 47
9. 304 67
9. 305 88
9. 306 95
9. 307 2
9. 308 48
9. 309 66
9. 310 76
9. 311 16
9. 312 54
9. 313 70
9. 314 82
9. 315 26
9. 316 49
9. 317 48
9. 318 34
9. 319 35
9. 320 86
9. 321 42
9. 322 98
9. 323 3
9. 324 18
9. 325 47
9. 326 63
9. 327 58
9. 328 51
9. 329 77
9. 330 20
9. 331 38
9. 332 39
9. 333 14
9. 334 52
9. 335 77
9. 336 4
9. 337 79
9. 338 67
9. 339 34
9. 340 48
9. 341 98
9. 342 15
9. 343 77
9. 344 52
9. 345 2
9. 346 14
9. 347 19
9. 348 37
9. 349 32
9. 350 15
9. 351 28
9. 352 65
9. 353 96
9. 354 38
9. 355 96
9. 356 74
9. 357 37
9. 358 20
9. 359 97
9. 360 9
9. 361 73
9. 362 82
9. 363 20
9. 364 51
9. 365 54
9. 366 81
9. 367 90
9. 368 7
9. 369 5
9. 370 44
9. 371 96
9. 372 56
9. 373 2
9. 374 39
9. 375 7
9. 376 25
9. 377 42
9. 378 99
9. 379 8
9. 380 73
9. 381 61
9. 382 48
9. 383 40
9. 384 81
9. 385 57
9. 386 35
9. 387 70
9. 388 2
9. 389 77
9. 390 34
9. 391 79
9. 392 81
9. 393 16
9. 394 22
9. 395 96
9. 396 7
9. 397 96
9. 398 74
9. 399 55
/;
parameter b(i)/
0 1621
1 1665
2 1527
3 1674
4 1633
5 1605
6 1582
7 1565
8 1588
9 1636
/;
