set j job /0*199/;
set i machine /0*19/;
parameter c(i,j)/
0. 0 50
0. 1 17
0. 2 48
0. 3 41
0. 4 28
0. 5 43
0. 6 16
0. 7 23
0. 8 28
0. 9 32
0. 10 22
0. 11 20
0. 12 39
0. 13 25
0. 14 22
0. 15 37
0. 16 35
0. 17 36
0. 18 37
0. 19 19
0. 20 22
0. 21 41
0. 22 16
0. 23 18
0. 24 34
0. 25 19
0. 26 34
0. 27 36
0. 28 23
0. 29 12
0. 30 12
0. 31 16
0. 32 32
0. 33 19
0. 34 34
0. 35 42
0. 36 24
0. 37 48
0. 38 20
0. 39 29
0. 40 44
0. 41 21
0. 42 14
0. 43 25
0. 44 42
0. 45 10
0. 46 30
0. 47 46
0. 48 38
0. 49 26
0. 50 42
0. 51 26
0. 52 39
0. 53 36
0. 54 13
0. 55 40
0. 56 14
0. 57 30
0. 58 17
0. 59 14
0. 60 46
0. 61 14
0. 62 15
0. 63 43
0. 64 15
0. 65 34
0. 66 40
0. 67 31
0. 68 28
0. 69 14
0. 70 24
0. 71 46
0. 72 36
0. 73 15
0. 74 20
0. 75 11
0. 76 35
0. 77 36
0. 78 14
0. 79 17
0. 80 26
0. 81 11
0. 82 37
0. 83 48
0. 84 12
0. 85 25
0. 86 10
0. 87 45
0. 88 29
0. 89 38
0. 90 17
0. 91 34
0. 92 29
0. 93 16
0. 94 36
0. 95 16
0. 96 11
0. 97 40
0. 98 47
0. 99 40
0. 100 38
0. 101 18
0. 102 44
0. 103 35
0. 104 35
0. 105 45
0. 106 37
0. 107 29
0. 108 48
0. 109 22
0. 110 23
0. 111 48
0. 112 39
0. 113 21
0. 114 24
0. 115 18
0. 116 38
0. 117 45
0. 118 37
0. 119 49
0. 120 36
0. 121 23
0. 122 33
0. 123 28
0. 124 41
0. 125 40
0. 126 33
0. 127 27
0. 128 46
0. 129 37
0. 130 40
0. 131 32
0. 132 44
0. 133 13
0. 134 40
0. 135 28
0. 136 46
0. 137 37
0. 138 25
0. 139 17
0. 140 25
0. 141 49
0. 142 47
0. 143 19
0. 144 49
0. 145 22
0. 146 11
0. 147 46
0. 148 44
0. 149 47
0. 150 21
0. 151 19
0. 152 47
0. 153 22
0. 154 27
0. 155 20
0. 156 22
0. 157 21
0. 158 28
0. 159 32
0. 160 39
0. 161 42
0. 162 47
0. 163 16
0. 164 32
0. 165 33
0. 166 35
0. 167 48
0. 168 45
0. 169 19
0. 170 29
0. 171 44
0. 172 27
0. 173 33
0. 174 18
0. 175 46
0. 176 41
0. 177 42
0. 178 50
0. 179 45
0. 180 31
0. 181 24
0. 182 41
0. 183 31
0. 184 45
0. 185 11
0. 186 47
0. 187 42
0. 188 28
0. 189 19
0. 190 28
0. 191 18
0. 192 44
0. 193 50
0. 194 22
0. 195 12
0. 196 20
0. 197 29
0. 198 36
0. 199 20
1. 0 24
1. 1 37
1. 2 18
1. 3 25
1. 4 23
1. 5 11
1. 6 15
1. 7 28
1. 8 16
1. 9 45
1. 10 33
1. 11 18
1. 12 36
1. 13 50
1. 14 33
1. 15 27
1. 16 30
1. 17 25
1. 18 21
1. 19 15
1. 20 29
1. 21 50
1. 22 21
1. 23 41
1. 24 47
1. 25 36
1. 26 41
1. 27 50
1. 28 22
1. 29 33
1. 30 33
1. 31 24
1. 32 31
1. 33 34
1. 34 45
1. 35 45
1. 36 21
1. 37 20
1. 38 21
1. 39 16
1. 40 30
1. 41 15
1. 42 20
1. 43 19
1. 44 49
1. 45 32
1. 46 41
1. 47 19
1. 48 14
1. 49 39
1. 50 47
1. 51 29
1. 52 27
1. 53 48
1. 54 22
1. 55 26
1. 56 50
1. 57 34
1. 58 23
1. 59 43
1. 60 44
1. 61 34
1. 62 40
1. 63 48
1. 64 43
1. 65 13
1. 66 45
1. 67 39
1. 68 21
1. 69 12
1. 70 39
1. 71 49
1. 72 28
1. 73 36
1. 74 32
1. 75 28
1. 76 10
1. 77 40
1. 78 50
1. 79 49
1. 80 24
1. 81 44
1. 82 18
1. 83 21
1. 84 19
1. 85 25
1. 86 27
1. 87 46
1. 88 26
1. 89 15
1. 90 13
1. 91 38
1. 92 44
1. 93 19
1. 94 16
1. 95 23
1. 96 12
1. 97 38
1. 98 38
1. 99 29
1. 100 15
1. 101 21
1. 102 18
1. 103 33
1. 104 12
1. 105 49
1. 106 15
1. 107 36
1. 108 20
1. 109 21
1. 110 31
1. 111 25
1. 112 19
1. 113 10
1. 114 40
1. 115 19
1. 116 35
1. 117 36
1. 118 17
1. 119 42
1. 120 45
1. 121 10
1. 122 19
1. 123 50
1. 124 17
1. 125 16
1. 126 23
1. 127 38
1. 128 28
1. 129 27
1. 130 47
1. 131 47
1. 132 31
1. 133 39
1. 134 13
1. 135 26
1. 136 39
1. 137 12
1. 138 39
1. 139 40
1. 140 48
1. 141 44
1. 142 16
1. 143 48
1. 144 12
1. 145 50
1. 146 16
1. 147 19
1. 148 18
1. 149 10
1. 150 38
1. 151 24
1. 152 28
1. 153 30
1. 154 11
1. 155 20
1. 156 32
1. 157 11
1. 158 25
1. 159 42
1. 160 29
1. 161 41
1. 162 20
1. 163 11
1. 164 50
1. 165 15
1. 166 18
1. 167 31
1. 168 15
1. 169 27
1. 170 16
1. 171 49
1. 172 17
1. 173 10
1. 174 25
1. 175 43
1. 176 33
1. 177 50
1. 178 16
1. 179 24
1. 180 29
1. 181 38
1. 182 36
1. 183 34
1. 184 31
1. 185 22
1. 186 46
1. 187 22
1. 188 28
1. 189 28
1. 190 13
1. 191 18
1. 192 10
1. 193 37
1. 194 28
1. 195 13
1. 196 47
1. 197 19
1. 198 15
1. 199 44
2. 0 25
2. 1 10
2. 2 24
2. 3 37
2. 4 47
2. 5 25
2. 6 18
2. 7 46
2. 8 40
2. 9 38
2. 10 34
2. 11 50
2. 12 36
2. 13 49
2. 14 25
2. 15 17
2. 16 44
2. 17 34
2. 18 20
2. 19 16
2. 20 22
2. 21 10
2. 22 40
2. 23 17
2. 24 19
2. 25 32
2. 26 26
2. 27 30
2. 28 29
2. 29 40
2. 30 49
2. 31 46
2. 32 45
2. 33 18
2. 34 23
2. 35 30
2. 36 49
2. 37 32
2. 38 20
2. 39 43
2. 40 49
2. 41 21
2. 42 24
2. 43 36
2. 44 47
2. 45 48
2. 46 41
2. 47 33
2. 48 30
2. 49 50
2. 50 39
2. 51 10
2. 52 21
2. 53 19
2. 54 21
2. 55 38
2. 56 39
2. 57 22
2. 58 12
2. 59 47
2. 60 40
2. 61 22
2. 62 24
2. 63 49
2. 64 24
2. 65 47
2. 66 19
2. 67 22
2. 68 49
2. 69 11
2. 70 39
2. 71 46
2. 72 49
2. 73 24
2. 74 29
2. 75 13
2. 76 19
2. 77 43
2. 78 22
2. 79 46
2. 80 46
2. 81 37
2. 82 47
2. 83 23
2. 84 29
2. 85 37
2. 86 18
2. 87 27
2. 88 23
2. 89 21
2. 90 29
2. 91 18
2. 92 35
2. 93 33
2. 94 34
2. 95 11
2. 96 47
2. 97 30
2. 98 19
2. 99 15
2. 100 25
2. 101 24
2. 102 29
2. 103 17
2. 104 42
2. 105 50
2. 106 11
2. 107 24
2. 108 27
2. 109 37
2. 110 12
2. 111 49
2. 112 43
2. 113 16
2. 114 34
2. 115 42
2. 116 41
2. 117 41
2. 118 37
2. 119 42
2. 120 21
2. 121 22
2. 122 42
2. 123 31
2. 124 44
2. 125 15
2. 126 35
2. 127 45
2. 128 11
2. 129 40
2. 130 35
2. 131 20
2. 132 33
2. 133 48
2. 134 44
2. 135 29
2. 136 45
2. 137 41
2. 138 20
2. 139 34
2. 140 15
2. 141 35
2. 142 40
2. 143 27
2. 144 25
2. 145 31
2. 146 35
2. 147 20
2. 148 48
2. 149 11
2. 150 22
2. 151 49
2. 152 17
2. 153 36
2. 154 21
2. 155 15
2. 156 50
2. 157 32
2. 158 44
2. 159 44
2. 160 29
2. 161 48
2. 162 43
2. 163 16
2. 164 38
2. 165 20
2. 166 46
2. 167 21
2. 168 46
2. 169 39
2. 170 27
2. 171 20
2. 172 47
2. 173 40
2. 174 34
2. 175 32
2. 176 11
2. 177 22
2. 178 47
2. 179 45
2. 180 33
2. 181 44
2. 182 28
2. 183 40
2. 184 49
2. 185 15
2. 186 21
2. 187 33
2. 188 31
2. 189 26
2. 190 25
2. 191 16
2. 192 24
2. 193 44
2. 194 22
2. 195 34
2. 196 40
2. 197 39
2. 198 17
2. 199 40
3. 0 10
3. 1 23
3. 2 47
3. 3 50
3. 4 12
3. 5 10
3. 6 31
3. 7 23
3. 8 34
3. 9 29
3. 10 32
3. 11 47
3. 12 14
3. 13 34
3. 14 50
3. 15 39
3. 16 44
3. 17 48
3. 18 18
3. 19 35
3. 20 38
3. 21 16
3. 22 44
3. 23 37
3. 24 16
3. 25 38
3. 26 37
3. 27 29
3. 28 35
3. 29 38
3. 30 47
3. 31 45
3. 32 35
3. 33 33
3. 34 18
3. 35 37
3. 36 44
3. 37 28
3. 38 48
3. 39 31
3. 40 17
3. 41 30
3. 42 34
3. 43 49
3. 44 43
3. 45 37
3. 46 26
3. 47 17
3. 48 27
3. 49 42
3. 50 33
3. 51 19
3. 52 35
3. 53 23
3. 54 32
3. 55 50
3. 56 39
3. 57 18
3. 58 32
3. 59 48
3. 60 10
3. 61 31
3. 62 44
3. 63 19
3. 64 31
3. 65 46
3. 66 46
3. 67 23
3. 68 19
3. 69 10
3. 70 48
3. 71 34
3. 72 22
3. 73 22
3. 74 23
3. 75 41
3. 76 44
3. 77 26
3. 78 42
3. 79 15
3. 80 39
3. 81 45
3. 82 11
3. 83 35
3. 84 20
3. 85 23
3. 86 22
3. 87 26
3. 88 17
3. 89 29
3. 90 40
3. 91 25
3. 92 29
3. 93 31
3. 94 25
3. 95 20
3. 96 43
3. 97 17
3. 98 34
3. 99 23
3. 100 15
3. 101 36
3. 102 15
3. 103 38
3. 104 42
3. 105 22
3. 106 11
3. 107 21
3. 108 15
3. 109 12
3. 110 41
3. 111 22
3. 112 49
3. 113 41
3. 114 21
3. 115 16
3. 116 27
3. 117 35
3. 118 33
3. 119 48
3. 120 11
3. 121 17
3. 122 15
3. 123 25
3. 124 25
3. 125 50
3. 126 28
3. 127 10
3. 128 50
3. 129 43
3. 130 15
3. 131 16
3. 132 21
3. 133 19
3. 134 42
3. 135 38
3. 136 42
3. 137 23
3. 138 15
3. 139 40
3. 140 31
3. 141 48
3. 142 36
3. 143 15
3. 144 43
3. 145 36
3. 146 14
3. 147 30
3. 148 41
3. 149 31
3. 150 25
3. 151 26
3. 152 16
3. 153 27
3. 154 35
3. 155 39
3. 156 49
3. 157 16
3. 158 36
3. 159 22
3. 160 43
3. 161 35
3. 162 23
3. 163 32
3. 164 20
3. 165 35
3. 166 39
3. 167 20
3. 168 46
3. 169 39
3. 170 14
3. 171 33
3. 172 36
3. 173 20
3. 174 20
3. 175 43
3. 176 20
3. 177 11
3. 178 28
3. 179 30
3. 180 42
3. 181 28
3. 182 25
3. 183 17
3. 184 40
3. 185 41
3. 186 22
3. 187 29
3. 188 23
3. 189 19
3. 190 14
3. 191 36
3. 192 30
3. 193 48
3. 194 15
3. 195 28
3. 196 28
3. 197 38
3. 198 25
3. 199 37
4. 0 46
4. 1 22
4. 2 33
4. 3 25
4. 4 10
4. 5 19
4. 6 13
4. 7 17
4. 8 34
4. 9 10
4. 10 22
4. 11 18
4. 12 42
4. 13 38
4. 14 41
4. 15 32
4. 16 21
4. 17 18
4. 18 22
4. 19 45
4. 20 25
4. 21 28
4. 22 34
4. 23 21
4. 24 30
4. 25 31
4. 26 33
4. 27 13
4. 28 16
4. 29 20
4. 30 41
4. 31 50
4. 32 11
4. 33 23
4. 34 18
4. 35 10
4. 36 50
4. 37 11
4. 38 15
4. 39 46
4. 40 31
4. 41 13
4. 42 39
4. 43 46
4. 44 10
4. 45 32
4. 46 25
4. 47 23
4. 48 39
4. 49 22
4. 50 44
4. 51 24
4. 52 45
4. 53 48
4. 54 28
4. 55 16
4. 56 37
4. 57 35
4. 58 43
4. 59 42
4. 60 27
4. 61 11
4. 62 31
4. 63 49
4. 64 44
4. 65 32
4. 66 43
4. 67 34
4. 68 40
4. 69 42
4. 70 13
4. 71 18
4. 72 12
4. 73 19
4. 74 46
4. 75 13
4. 76 26
4. 77 21
4. 78 35
4. 79 18
4. 80 18
4. 81 10
4. 82 21
4. 83 35
4. 84 27
4. 85 43
4. 86 34
4. 87 50
4. 88 18
4. 89 49
4. 90 13
4. 91 18
4. 92 20
4. 93 44
4. 94 44
4. 95 14
4. 96 19
4. 97 16
4. 98 20
4. 99 24
4. 100 21
4. 101 36
4. 102 15
4. 103 18
4. 104 31
4. 105 46
4. 106 14
4. 107 31
4. 108 46
4. 109 14
4. 110 30
4. 111 30
4. 112 25
4. 113 41
4. 114 11
4. 115 33
4. 116 31
4. 117 18
4. 118 33
4. 119 16
4. 120 35
4. 121 40
4. 122 37
4. 123 17
4. 124 25
4. 125 23
4. 126 30
4. 127 35
4. 128 28
4. 129 45
4. 130 31
4. 131 44
4. 132 32
4. 133 36
4. 134 15
4. 135 36
4. 136 36
4. 137 50
4. 138 40
4. 139 14
4. 140 16
4. 141 20
4. 142 35
4. 143 20
4. 144 14
4. 145 30
4. 146 35
4. 147 24
4. 148 27
4. 149 15
4. 150 31
4. 151 41
4. 152 41
4. 153 34
4. 154 11
4. 155 40
4. 156 30
4. 157 17
4. 158 48
4. 159 27
4. 160 12
4. 161 41
4. 162 36
4. 163 42
4. 164 17
4. 165 44
4. 166 29
4. 167 49
4. 168 29
4. 169 48
4. 170 20
4. 171 10
4. 172 42
4. 173 44
4. 174 17
4. 175 21
4. 176 36
4. 177 33
4. 178 36
4. 179 21
4. 180 21
4. 181 38
4. 182 14
4. 183 38
4. 184 47
4. 185 36
4. 186 36
4. 187 16
4. 188 11
4. 189 14
4. 190 15
4. 191 15
4. 192 10
4. 193 31
4. 194 42
4. 195 15
4. 196 43
4. 197 21
4. 198 18
4. 199 26
5. 0 24
5. 1 32
5. 2 18
5. 3 35
5. 4 15
5. 5 11
5. 6 50
5. 7 13
5. 8 34
5. 9 44
5. 10 43
5. 11 46
5. 12 13
5. 13 43
5. 14 38
5. 15 27
5. 16 33
5. 17 30
5. 18 15
5. 19 48
5. 20 23
5. 21 37
5. 22 37
5. 23 14
5. 24 32
5. 25 17
5. 26 20
5. 27 12
5. 28 43
5. 29 47
5. 30 48
5. 31 44
5. 32 12
5. 33 18
5. 34 19
5. 35 32
5. 36 30
5. 37 47
5. 38 25
5. 39 45
5. 40 48
5. 41 34
5. 42 48
5. 43 10
5. 44 36
5. 45 31
5. 46 16
5. 47 22
5. 48 36
5. 49 17
5. 50 17
5. 51 40
5. 52 32
5. 53 29
5. 54 39
5. 55 29
5. 56 21
5. 57 23
5. 58 23
5. 59 47
5. 60 28
5. 61 39
5. 62 44
5. 63 48
5. 64 37
5. 65 36
5. 66 13
5. 67 33
5. 68 47
5. 69 34
5. 70 23
5. 71 32
5. 72 47
5. 73 37
5. 74 46
5. 75 34
5. 76 37
5. 77 39
5. 78 10
5. 79 20
5. 80 27
5. 81 21
5. 82 35
5. 83 32
5. 84 39
5. 85 12
5. 86 12
5. 87 49
5. 88 18
5. 89 49
5. 90 29
5. 91 24
5. 92 42
5. 93 35
5. 94 39
5. 95 11
5. 96 33
5. 97 17
5. 98 34
5. 99 40
5. 100 23
5. 101 12
5. 102 28
5. 103 43
5. 104 16
5. 105 22
5. 106 38
5. 107 45
5. 108 36
5. 109 23
5. 110 24
5. 111 12
5. 112 28
5. 113 40
5. 114 21
5. 115 29
5. 116 36
5. 117 50
5. 118 12
5. 119 16
5. 120 34
5. 121 33
5. 122 19
5. 123 16
5. 124 43
5. 125 30
5. 126 50
5. 127 17
5. 128 31
5. 129 30
5. 130 39
5. 131 23
5. 132 31
5. 133 25
5. 134 46
5. 135 10
5. 136 36
5. 137 19
5. 138 25
5. 139 21
5. 140 48
5. 141 20
5. 142 44
5. 143 13
5. 144 38
5. 145 11
5. 146 16
5. 147 47
5. 148 13
5. 149 40
5. 150 37
5. 151 19
5. 152 13
5. 153 16
5. 154 19
5. 155 25
5. 156 20
5. 157 18
5. 158 34
5. 159 18
5. 160 37
5. 161 44
5. 162 28
5. 163 42
5. 164 14
5. 165 29
5. 166 25
5. 167 20
5. 168 39
5. 169 35
5. 170 16
5. 171 29
5. 172 41
5. 173 21
5. 174 42
5. 175 31
5. 176 26
5. 177 15
5. 178 24
5. 179 26
5. 180 31
5. 181 40
5. 182 29
5. 183 16
5. 184 38
5. 185 13
5. 186 17
5. 187 22
5. 188 42
5. 189 34
5. 190 16
5. 191 33
5. 192 27
5. 193 44
5. 194 48
5. 195 43
5. 196 33
5. 197 23
5. 198 22
5. 199 25
6. 0 10
6. 1 15
6. 2 22
6. 3 22
6. 4 17
6. 5 21
6. 6 11
6. 7 19
6. 8 19
6. 9 26
6. 10 10
6. 11 40
6. 12 24
6. 13 29
6. 14 33
6. 15 36
6. 16 40
6. 17 21
6. 18 47
6. 19 26
6. 20 44
6. 21 28
6. 22 42
6. 23 32
6. 24 35
6. 25 37
6. 26 25
6. 27 23
6. 28 17
6. 29 44
6. 30 33
6. 31 45
6. 32 31
6. 33 47
6. 34 16
6. 35 46
6. 36 11
6. 37 10
6. 38 13
6. 39 41
6. 40 14
6. 41 40
6. 42 25
6. 43 10
6. 44 44
6. 45 23
6. 46 39
6. 47 10
6. 48 46
6. 49 14
6. 50 22
6. 51 24
6. 52 40
6. 53 32
6. 54 22
6. 55 12
6. 56 24
6. 57 47
6. 58 14
6. 59 28
6. 60 14
6. 61 47
6. 62 41
6. 63 50
6. 64 35
6. 65 33
6. 66 16
6. 67 31
6. 68 14
6. 69 19
6. 70 50
6. 71 29
6. 72 25
6. 73 29
6. 74 44
6. 75 25
6. 76 10
6. 77 36
6. 78 21
6. 79 27
6. 80 17
6. 81 26
6. 82 26
6. 83 14
6. 84 37
6. 85 35
6. 86 12
6. 87 41
6. 88 15
6. 89 36
6. 90 29
6. 91 31
6. 92 23
6. 93 26
6. 94 50
6. 95 39
6. 96 10
6. 97 16
6. 98 47
6. 99 39
6. 100 48
6. 101 36
6. 102 25
6. 103 23
6. 104 38
6. 105 27
6. 106 43
6. 107 24
6. 108 43
6. 109 42
6. 110 15
6. 111 39
6. 112 49
6. 113 29
6. 114 20
6. 115 41
6. 116 34
6. 117 24
6. 118 49
6. 119 12
6. 120 41
6. 121 28
6. 122 10
6. 123 14
6. 124 38
6. 125 13
6. 126 48
6. 127 40
6. 128 38
6. 129 18
6. 130 10
6. 131 19
6. 132 50
6. 133 48
6. 134 31
6. 135 15
6. 136 10
6. 137 45
6. 138 46
6. 139 33
6. 140 50
6. 141 12
6. 142 45
6. 143 25
6. 144 49
6. 145 13
6. 146 13
6. 147 38
6. 148 25
6. 149 29
6. 150 35
6. 151 11
6. 152 27
6. 153 21
6. 154 22
6. 155 50
6. 156 46
6. 157 43
6. 158 50
6. 159 28
6. 160 12
6. 161 39
6. 162 18
6. 163 12
6. 164 29
6. 165 43
6. 166 20
6. 167 22
6. 168 38
6. 169 32
6. 170 36
6. 171 49
6. 172 15
6. 173 39
6. 174 31
6. 175 40
6. 176 18
6. 177 29
6. 178 17
6. 179 30
6. 180 38
6. 181 32
6. 182 14
6. 183 30
6. 184 35
6. 185 36
6. 186 11
6. 187 18
6. 188 26
6. 189 22
6. 190 11
6. 191 50
6. 192 44
6. 193 18
6. 194 23
6. 195 23
6. 196 33
6. 197 44
6. 198 10
6. 199 11
7. 0 28
7. 1 37
7. 2 44
7. 3 34
7. 4 38
7. 5 11
7. 6 45
7. 7 39
7. 8 14
7. 9 23
7. 10 46
7. 11 47
7. 12 13
7. 13 20
7. 14 18
7. 15 10
7. 16 19
7. 17 31
7. 18 49
7. 19 48
7. 20 36
7. 21 21
7. 22 33
7. 23 17
7. 24 14
7. 25 33
7. 26 23
7. 27 29
7. 28 17
7. 29 37
7. 30 44
7. 31 18
7. 32 21
7. 33 48
7. 34 21
7. 35 44
7. 36 50
7. 37 17
7. 38 17
7. 39 13
7. 40 26
7. 41 45
7. 42 39
7. 43 10
7. 44 48
7. 45 15
7. 46 19
7. 47 44
7. 48 27
7. 49 21
7. 50 50
7. 51 36
7. 52 43
7. 53 29
7. 54 38
7. 55 34
7. 56 20
7. 57 20
7. 58 17
7. 59 15
7. 60 15
7. 61 43
7. 62 24
7. 63 29
7. 64 32
7. 65 30
7. 66 47
7. 67 20
7. 68 14
7. 69 25
7. 70 25
7. 71 18
7. 72 16
7. 73 39
7. 74 18
7. 75 50
7. 76 28
7. 77 41
7. 78 13
7. 79 48
7. 80 41
7. 81 45
7. 82 11
7. 83 50
7. 84 50
7. 85 31
7. 86 14
7. 87 32
7. 88 12
7. 89 14
7. 90 11
7. 91 13
7. 92 11
7. 93 44
7. 94 40
7. 95 15
7. 96 50
7. 97 49
7. 98 39
7. 99 33
7. 100 13
7. 101 41
7. 102 47
7. 103 20
7. 104 43
7. 105 50
7. 106 10
7. 107 21
7. 108 38
7. 109 35
7. 110 22
7. 111 10
7. 112 16
7. 113 33
7. 114 17
7. 115 44
7. 116 10
7. 117 13
7. 118 14
7. 119 50
7. 120 34
7. 121 30
7. 122 12
7. 123 28
7. 124 26
7. 125 19
7. 126 45
7. 127 21
7. 128 37
7. 129 28
7. 130 43
7. 131 42
7. 132 37
7. 133 29
7. 134 46
7. 135 13
7. 136 16
7. 137 21
7. 138 47
7. 139 33
7. 140 33
7. 141 19
7. 142 50
7. 143 28
7. 144 42
7. 145 21
7. 146 34
7. 147 22
7. 148 37
7. 149 40
7. 150 33
7. 151 36
7. 152 23
7. 153 20
7. 154 34
7. 155 30
7. 156 32
7. 157 29
7. 158 14
7. 159 36
7. 160 49
7. 161 30
7. 162 26
7. 163 15
7. 164 34
7. 165 32
7. 166 10
7. 167 21
7. 168 21
7. 169 35
7. 170 40
7. 171 41
7. 172 45
7. 173 11
7. 174 44
7. 175 27
7. 176 20
7. 177 20
7. 178 29
7. 179 38
7. 180 31
7. 181 13
7. 182 49
7. 183 50
7. 184 10
7. 185 36
7. 186 10
7. 187 38
7. 188 37
7. 189 10
7. 190 28
7. 191 40
7. 192 36
7. 193 16
7. 194 41
7. 195 10
7. 196 23
7. 197 13
7. 198 31
7. 199 14
8. 0 36
8. 1 32
8. 2 27
8. 3 49
8. 4 14
8. 5 28
8. 6 16
8. 7 41
8. 8 29
8. 9 20
8. 10 19
8. 11 31
8. 12 11
8. 13 36
8. 14 25
8. 15 15
8. 16 43
8. 17 27
8. 18 42
8. 19 41
8. 20 40
8. 21 19
8. 22 31
8. 23 41
8. 24 42
8. 25 47
8. 26 21
8. 27 12
8. 28 19
8. 29 14
8. 30 21
8. 31 34
8. 32 11
8. 33 12
8. 34 10
8. 35 29
8. 36 42
8. 37 45
8. 38 43
8. 39 11
8. 40 39
8. 41 32
8. 42 19
8. 43 34
8. 44 28
8. 45 48
8. 46 27
8. 47 50
8. 48 17
8. 49 44
8. 50 31
8. 51 36
8. 52 36
8. 53 30
8. 54 29
8. 55 37
8. 56 44
8. 57 39
8. 58 28
8. 59 17
8. 60 30
8. 61 34
8. 62 41
8. 63 30
8. 64 36
8. 65 34
8. 66 35
8. 67 44
8. 68 17
8. 69 37
8. 70 23
8. 71 32
8. 72 34
8. 73 42
8. 74 10
8. 75 44
8. 76 46
8. 77 27
8. 78 27
8. 79 14
8. 80 48
8. 81 32
8. 82 46
8. 83 29
8. 84 14
8. 85 18
8. 86 14
8. 87 14
8. 88 33
8. 89 10
8. 90 44
8. 91 27
8. 92 17
8. 93 30
8. 94 11
8. 95 20
8. 96 47
8. 97 14
8. 98 29
8. 99 43
8. 100 26
8. 101 16
8. 102 40
8. 103 21
8. 104 11
8. 105 18
8. 106 19
8. 107 28
8. 108 23
8. 109 32
8. 110 17
8. 111 44
8. 112 20
8. 113 40
8. 114 36
8. 115 37
8. 116 35
8. 117 35
8. 118 42
8. 119 26
8. 120 14
8. 121 39
8. 122 14
8. 123 13
8. 124 15
8. 125 41
8. 126 39
8. 127 11
8. 128 38
8. 129 49
8. 130 47
8. 131 26
8. 132 26
8. 133 36
8. 134 40
8. 135 50
8. 136 23
8. 137 25
8. 138 32
8. 139 45
8. 140 33
8. 141 41
8. 142 17
8. 143 18
8. 144 35
8. 145 11
8. 146 36
8. 147 41
8. 148 36
8. 149 12
8. 150 29
8. 151 37
8. 152 47
8. 153 18
8. 154 11
8. 155 38
8. 156 15
8. 157 23
8. 158 13
8. 159 40
8. 160 17
8. 161 11
8. 162 22
8. 163 42
8. 164 11
8. 165 26
8. 166 33
8. 167 14
8. 168 15
8. 169 27
8. 170 43
8. 171 38
8. 172 20
8. 173 26
8. 174 26
8. 175 48
8. 176 46
8. 177 32
8. 178 45
8. 179 34
8. 180 24
8. 181 40
8. 182 40
8. 183 39
8. 184 42
8. 185 22
8. 186 28
8. 187 10
8. 188 38
8. 189 50
8. 190 47
8. 191 49
8. 192 45
8. 193 37
8. 194 17
8. 195 25
8. 196 47
8. 197 36
8. 198 15
8. 199 42
9. 0 27
9. 1 48
9. 2 48
9. 3 41
9. 4 46
9. 5 45
9. 6 32
9. 7 32
9. 8 20
9. 9 43
9. 10 25
9. 11 18
9. 12 45
9. 13 48
9. 14 40
9. 15 13
9. 16 46
9. 17 22
9. 18 22
9. 19 49
9. 20 21
9. 21 35
9. 22 38
9. 23 11
9. 24 35
9. 25 36
9. 26 15
9. 27 44
9. 28 34
9. 29 35
9. 30 44
9. 31 47
9. 32 32
9. 33 49
9. 34 45
9. 35 17
9. 36 42
9. 37 28
9. 38 41
9. 39 16
9. 40 20
9. 41 46
9. 42 20
9. 43 42
9. 44 13
9. 45 41
9. 46 19
9. 47 49
9. 48 39
9. 49 11
9. 50 36
9. 51 39
9. 52 14
9. 53 12
9. 54 27
9. 55 50
9. 56 36
9. 57 21
9. 58 44
9. 59 10
9. 60 25
9. 61 28
9. 62 40
9. 63 14
9. 64 15
9. 65 10
9. 66 39
9. 67 19
9. 68 16
9. 69 29
9. 70 48
9. 71 40
9. 72 41
9. 73 22
9. 74 42
9. 75 45
9. 76 42
9. 77 28
9. 78 32
9. 79 24
9. 80 15
9. 81 39
9. 82 34
9. 83 38
9. 84 23
9. 85 10
9. 86 39
9. 87 36
9. 88 30
9. 89 20
9. 90 14
9. 91 49
9. 92 28
9. 93 22
9. 94 30
9. 95 37
9. 96 18
9. 97 12
9. 98 37
9. 99 25
9. 100 50
9. 101 16
9. 102 29
9. 103 45
9. 104 10
9. 105 50
9. 106 22
9. 107 13
9. 108 33
9. 109 13
9. 110 35
9. 111 47
9. 112 21
9. 113 12
9. 114 27
9. 115 30
9. 116 44
9. 117 21
9. 118 41
9. 119 27
9. 120 14
9. 121 43
9. 122 42
9. 123 50
9. 124 45
9. 125 22
9. 126 23
9. 127 36
9. 128 14
9. 129 33
9. 130 50
9. 131 24
9. 132 17
9. 133 40
9. 134 23
9. 135 47
9. 136 33
9. 137 26
9. 138 18
9. 139 24
9. 140 47
9. 141 41
9. 142 49
9. 143 12
9. 144 38
9. 145 20
9. 146 27
9. 147 49
9. 148 28
9. 149 33
9. 150 26
9. 151 33
9. 152 36
9. 153 36
9. 154 45
9. 155 34
9. 156 30
9. 157 30
9. 158 12
9. 159 42
9. 160 34
9. 161 28
9. 162 12
9. 163 15
9. 164 28
9. 165 27
9. 166 16
9. 167 48
9. 168 23
9. 169 29
9. 170 11
9. 171 43
9. 172 13
9. 173 33
9. 174 40
9. 175 46
9. 176 21
9. 177 49
9. 178 10
9. 179 16
9. 180 42
9. 181 31
9. 182 10
9. 183 49
9. 184 41
9. 185 45
9. 186 26
9. 187 32
9. 188 12
9. 189 50
9. 190 14
9. 191 34
9. 192 36
9. 193 13
9. 194 24
9. 195 44
9. 196 23
9. 197 26
9. 198 14
9. 199 39
10. 0 33
10. 1 33
10. 2 26
10. 3 41
10. 4 19
10. 5 31
10. 6 36
10. 7 20
10. 8 19
10. 9 22
10. 10 38
10. 11 22
10. 12 24
10. 13 44
10. 14 34
10. 15 22
10. 16 23
10. 17 14
10. 18 33
10. 19 40
10. 20 14
10. 21 39
10. 22 30
10. 23 19
10. 24 38
10. 25 23
10. 26 26
10. 27 45
10. 28 18
10. 29 41
10. 30 10
10. 31 40
10. 32 45
10. 33 32
10. 34 50
10. 35 43
10. 36 24
10. 37 35
10. 38 50
10. 39 39
10. 40 14
10. 41 45
10. 42 13
10. 43 47
10. 44 28
10. 45 13
10. 46 39
10. 47 46
10. 48 36
10. 49 27
10. 50 34
10. 51 25
10. 52 13
10. 53 40
10. 54 44
10. 55 35
10. 56 28
10. 57 31
10. 58 46
10. 59 43
10. 60 24
10. 61 35
10. 62 19
10. 63 20
10. 64 17
10. 65 38
10. 66 34
10. 67 38
10. 68 21
10. 69 44
10. 70 37
10. 71 31
10. 72 43
10. 73 39
10. 74 46
10. 75 39
10. 76 19
10. 77 46
10. 78 34
10. 79 44
10. 80 23
10. 81 27
10. 82 44
10. 83 44
10. 84 17
10. 85 49
10. 86 23
10. 87 26
10. 88 50
10. 89 29
10. 90 31
10. 91 30
10. 92 44
10. 93 13
10. 94 40
10. 95 16
10. 96 42
10. 97 44
10. 98 16
10. 99 28
10. 100 36
10. 101 15
10. 102 18
10. 103 37
10. 104 34
10. 105 25
10. 106 46
10. 107 34
10. 108 40
10. 109 43
10. 110 48
10. 111 48
10. 112 23
10. 113 13
10. 114 40
10. 115 39
10. 116 31
10. 117 23
10. 118 40
10. 119 48
10. 120 39
10. 121 26
10. 122 16
10. 123 48
10. 124 35
10. 125 15
10. 126 14
10. 127 15
10. 128 23
10. 129 18
10. 130 35
10. 131 19
10. 132 10
10. 133 25
10. 134 38
10. 135 46
10. 136 12
10. 137 44
10. 138 49
10. 139 40
10. 140 42
10. 141 24
10. 142 17
10. 143 38
10. 144 49
10. 145 47
10. 146 44
10. 147 45
10. 148 12
10. 149 40
10. 150 30
10. 151 21
10. 152 27
10. 153 13
10. 154 39
10. 155 26
10. 156 28
10. 157 44
10. 158 30
10. 159 32
10. 160 40
10. 161 32
10. 162 12
10. 163 31
10. 164 39
10. 165 29
10. 166 42
10. 167 34
10. 168 14
10. 169 33
10. 170 13
10. 171 29
10. 172 13
10. 173 10
10. 174 19
10. 175 24
10. 176 44
10. 177 45
10. 178 41
10. 179 21
10. 180 33
10. 181 12
10. 182 34
10. 183 18
10. 184 18
10. 185 38
10. 186 20
10. 187 25
10. 188 48
10. 189 15
10. 190 37
10. 191 30
10. 192 25
10. 193 11
10. 194 38
10. 195 50
10. 196 50
10. 197 20
10. 198 42
10. 199 49
11. 0 11
11. 1 31
11. 2 25
11. 3 26
11. 4 18
11. 5 20
11. 6 37
11. 7 45
11. 8 49
11. 9 25
11. 10 19
11. 11 20
11. 12 37
11. 13 13
11. 14 32
11. 15 20
11. 16 30
11. 17 47
11. 18 45
11. 19 31
11. 20 32
11. 21 50
11. 22 49
11. 23 42
11. 24 47
11. 25 23
11. 26 41
11. 27 27
11. 28 44
11. 29 32
11. 30 33
11. 31 43
11. 32 28
11. 33 14
11. 34 48
11. 35 22
11. 36 29
11. 37 31
11. 38 35
11. 39 46
11. 40 38
11. 41 22
11. 42 12
11. 43 21
11. 44 43
11. 45 36
11. 46 34
11. 47 35
11. 48 14
11. 49 45
11. 50 42
11. 51 41
11. 52 34
11. 53 23
11. 54 23
11. 55 49
11. 56 22
11. 57 33
11. 58 35
11. 59 50
11. 60 17
11. 61 15
11. 62 35
11. 63 40
11. 64 24
11. 65 16
11. 66 13
11. 67 19
11. 68 16
11. 69 17
11. 70 45
11. 71 44
11. 72 37
11. 73 13
11. 74 15
11. 75 11
11. 76 24
11. 77 30
11. 78 28
11. 79 21
11. 80 17
11. 81 17
11. 82 22
11. 83 20
11. 84 20
11. 85 10
11. 86 23
11. 87 20
11. 88 48
11. 89 25
11. 90 40
11. 91 50
11. 92 40
11. 93 40
11. 94 49
11. 95 13
11. 96 11
11. 97 12
11. 98 15
11. 99 26
11. 100 22
11. 101 36
11. 102 38
11. 103 42
11. 104 48
11. 105 29
11. 106 30
11. 107 27
11. 108 26
11. 109 24
11. 110 30
11. 111 45
11. 112 17
11. 113 47
11. 114 43
11. 115 21
11. 116 28
11. 117 46
11. 118 12
11. 119 37
11. 120 29
11. 121 41
11. 122 37
11. 123 46
11. 124 15
11. 125 14
11. 126 20
11. 127 44
11. 128 15
11. 129 34
11. 130 32
11. 131 21
11. 132 45
11. 133 19
11. 134 12
11. 135 35
11. 136 44
11. 137 43
11. 138 19
11. 139 35
11. 140 50
11. 141 49
11. 142 37
11. 143 42
11. 144 48
11. 145 35
11. 146 43
11. 147 29
11. 148 13
11. 149 43
11. 150 20
11. 151 44
11. 152 50
11. 153 23
11. 154 12
11. 155 30
11. 156 39
11. 157 48
11. 158 41
11. 159 41
11. 160 36
11. 161 11
11. 162 45
11. 163 31
11. 164 32
11. 165 20
11. 166 29
11. 167 43
11. 168 14
11. 169 46
11. 170 30
11. 171 49
11. 172 49
11. 173 50
11. 174 32
11. 175 15
11. 176 36
11. 177 22
11. 178 47
11. 179 33
11. 180 43
11. 181 32
11. 182 19
11. 183 18
11. 184 44
11. 185 11
11. 186 35
11. 187 41
11. 188 42
11. 189 45
11. 190 23
11. 191 22
11. 192 49
11. 193 16
11. 194 39
11. 195 11
11. 196 10
11. 197 49
11. 198 12
11. 199 38
12. 0 41
12. 1 47
12. 2 35
12. 3 10
12. 4 50
12. 5 12
12. 6 19
12. 7 39
12. 8 41
12. 9 29
12. 10 42
12. 11 34
12. 12 16
12. 13 45
12. 14 47
12. 15 46
12. 16 40
12. 17 25
12. 18 17
12. 19 45
12. 20 29
12. 21 32
12. 22 26
12. 23 36
12. 24 38
12. 25 16
12. 26 44
12. 27 48
12. 28 36
12. 29 35
12. 30 31
12. 31 18
12. 32 19
12. 33 35
12. 34 48
12. 35 33
12. 36 35
12. 37 42
12. 38 29
12. 39 13
12. 40 17
12. 41 11
12. 42 18
12. 43 41
12. 44 30
12. 45 29
12. 46 43
12. 47 39
12. 48 41
12. 49 21
12. 50 39
12. 51 18
12. 52 39
12. 53 31
12. 54 49
12. 55 37
12. 56 47
12. 57 39
12. 58 13
12. 59 33
12. 60 41
12. 61 28
12. 62 17
12. 63 12
12. 64 19
12. 65 16
12. 66 49
12. 67 37
12. 68 19
12. 69 40
12. 70 34
12. 71 30
12. 72 14
12. 73 28
12. 74 11
12. 75 32
12. 76 10
12. 77 14
12. 78 10
12. 79 21
12. 80 23
12. 81 17
12. 82 17
12. 83 26
12. 84 22
12. 85 27
12. 86 38
12. 87 11
12. 88 50
12. 89 10
12. 90 22
12. 91 28
12. 92 31
12. 93 35
12. 94 47
12. 95 38
12. 96 45
12. 97 17
12. 98 19
12. 99 30
12. 100 11
12. 101 30
12. 102 32
12. 103 48
12. 104 13
12. 105 34
12. 106 19
12. 107 32
12. 108 42
12. 109 27
12. 110 18
12. 111 43
12. 112 17
12. 113 48
12. 114 40
12. 115 22
12. 116 46
12. 117 40
12. 118 41
12. 119 11
12. 120 36
12. 121 36
12. 122 33
12. 123 25
12. 124 46
12. 125 21
12. 126 18
12. 127 19
12. 128 32
12. 129 43
12. 130 27
12. 131 31
12. 132 13
12. 133 33
12. 134 42
12. 135 13
12. 136 50
12. 137 43
12. 138 45
12. 139 38
12. 140 40
12. 141 11
12. 142 38
12. 143 25
12. 144 28
12. 145 47
12. 146 33
12. 147 49
12. 148 48
12. 149 50
12. 150 11
12. 151 40
12. 152 46
12. 153 40
12. 154 48
12. 155 23
12. 156 36
12. 157 32
12. 158 17
12. 159 31
12. 160 11
12. 161 36
12. 162 21
12. 163 27
12. 164 21
12. 165 26
12. 166 29
12. 167 25
12. 168 11
12. 169 49
12. 170 14
12. 171 12
12. 172 33
12. 173 32
12. 174 24
12. 175 36
12. 176 31
12. 177 47
12. 178 49
12. 179 36
12. 180 43
12. 181 35
12. 182 45
12. 183 48
12. 184 18
12. 185 43
12. 186 36
12. 187 31
12. 188 30
12. 189 30
12. 190 29
12. 191 17
12. 192 29
12. 193 39
12. 194 36
12. 195 13
12. 196 26
12. 197 30
12. 198 21
12. 199 47
13. 0 43
13. 1 21
13. 2 16
13. 3 50
13. 4 46
13. 5 31
13. 6 37
13. 7 13
13. 8 19
13. 9 19
13. 10 23
13. 11 45
13. 12 36
13. 13 13
13. 14 21
13. 15 13
13. 16 20
13. 17 47
13. 18 49
13. 19 24
13. 20 48
13. 21 19
13. 22 25
13. 23 30
13. 24 22
13. 25 32
13. 26 28
13. 27 35
13. 28 11
13. 29 21
13. 30 30
13. 31 32
13. 32 20
13. 33 34
13. 34 26
13. 35 49
13. 36 14
13. 37 32
13. 38 38
13. 39 43
13. 40 38
13. 41 36
13. 42 17
13. 43 23
13. 44 30
13. 45 43
13. 46 45
13. 47 27
13. 48 18
13. 49 31
13. 50 21
13. 51 30
13. 52 23
13. 53 39
13. 54 40
13. 55 28
13. 56 22
13. 57 16
13. 58 41
13. 59 22
13. 60 35
13. 61 14
13. 62 11
13. 63 46
13. 64 35
13. 65 13
13. 66 19
13. 67 42
13. 68 31
13. 69 14
13. 70 13
13. 71 40
13. 72 24
13. 73 23
13. 74 11
13. 75 50
13. 76 17
13. 77 16
13. 78 42
13. 79 46
13. 80 28
13. 81 36
13. 82 12
13. 83 42
13. 84 45
13. 85 10
13. 86 11
13. 87 42
13. 88 37
13. 89 48
13. 90 37
13. 91 40
13. 92 27
13. 93 25
13. 94 25
13. 95 17
13. 96 29
13. 97 30
13. 98 17
13. 99 26
13. 100 20
13. 101 36
13. 102 14
13. 103 28
13. 104 13
13. 105 11
13. 106 35
13. 107 48
13. 108 28
13. 109 29
13. 110 45
13. 111 14
13. 112 41
13. 113 38
13. 114 47
13. 115 24
13. 116 33
13. 117 10
13. 118 23
13. 119 10
13. 120 44
13. 121 46
13. 122 27
13. 123 37
13. 124 34
13. 125 25
13. 126 34
13. 127 28
13. 128 44
13. 129 49
13. 130 46
13. 131 11
13. 132 19
13. 133 37
13. 134 36
13. 135 19
13. 136 50
13. 137 46
13. 138 38
13. 139 35
13. 140 43
13. 141 12
13. 142 28
13. 143 27
13. 144 21
13. 145 33
13. 146 29
13. 147 28
13. 148 24
13. 149 38
13. 150 20
13. 151 18
13. 152 37
13. 153 24
13. 154 23
13. 155 12
13. 156 13
13. 157 28
13. 158 24
13. 159 28
13. 160 48
13. 161 16
13. 162 12
13. 163 12
13. 164 21
13. 165 32
13. 166 13
13. 167 16
13. 168 34
13. 169 31
13. 170 13
13. 171 33
13. 172 37
13. 173 19
13. 174 30
13. 175 50
13. 176 28
13. 177 36
13. 178 31
13. 179 35
13. 180 47
13. 181 48
13. 182 12
13. 183 23
13. 184 24
13. 185 19
13. 186 42
13. 187 14
13. 188 38
13. 189 43
13. 190 47
13. 191 33
13. 192 28
13. 193 16
13. 194 31
13. 195 14
13. 196 12
13. 197 38
13. 198 30
13. 199 48
14. 0 41
14. 1 11
14. 2 42
14. 3 36
14. 4 21
14. 5 18
14. 6 34
14. 7 32
14. 8 14
14. 9 41
14. 10 46
14. 11 33
14. 12 44
14. 13 35
14. 14 33
14. 15 50
14. 16 25
14. 17 44
14. 18 22
14. 19 20
14. 20 14
14. 21 41
14. 22 15
14. 23 10
14. 24 24
14. 25 32
14. 26 15
14. 27 11
14. 28 12
14. 29 28
14. 30 31
14. 31 13
14. 32 38
14. 33 10
14. 34 44
14. 35 44
14. 36 38
14. 37 18
14. 38 46
14. 39 36
14. 40 26
14. 41 20
14. 42 33
14. 43 22
14. 44 32
14. 45 34
14. 46 18
14. 47 29
14. 48 36
14. 49 10
14. 50 30
14. 51 14
14. 52 43
14. 53 28
14. 54 29
14. 55 36
14. 56 49
14. 57 24
14. 58 47
14. 59 47
14. 60 34
14. 61 15
14. 62 24
14. 63 40
14. 64 46
14. 65 28
14. 66 25
14. 67 26
14. 68 44
14. 69 28
14. 70 14
14. 71 32
14. 72 43
14. 73 45
14. 74 32
14. 75 49
14. 76 22
14. 77 35
14. 78 10
14. 79 44
14. 80 22
14. 81 49
14. 82 11
14. 83 32
14. 84 16
14. 85 13
14. 86 50
14. 87 13
14. 88 49
14. 89 15
14. 90 48
14. 91 11
14. 92 46
14. 93 11
14. 94 44
14. 95 44
14. 96 20
14. 97 47
14. 98 37
14. 99 42
14. 100 30
14. 101 12
14. 102 36
14. 103 16
14. 104 17
14. 105 45
14. 106 50
14. 107 49
14. 108 17
14. 109 31
14. 110 34
14. 111 45
14. 112 49
14. 113 29
14. 114 38
14. 115 36
14. 116 23
14. 117 42
14. 118 22
14. 119 36
14. 120 23
14. 121 44
14. 122 26
14. 123 45
14. 124 47
14. 125 27
14. 126 25
14. 127 50
14. 128 50
14. 129 23
14. 130 50
14. 131 39
14. 132 20
14. 133 18
14. 134 25
14. 135 18
14. 136 39
14. 137 49
14. 138 14
14. 139 47
14. 140 15
14. 141 11
14. 142 16
14. 143 12
14. 144 30
14. 145 39
14. 146 24
14. 147 37
14. 148 24
14. 149 38
14. 150 36
14. 151 24
14. 152 28
14. 153 48
14. 154 34
14. 155 17
14. 156 33
14. 157 31
14. 158 50
14. 159 32
14. 160 38
14. 161 17
14. 162 43
14. 163 12
14. 164 33
14. 165 48
14. 166 45
14. 167 13
14. 168 47
14. 169 23
14. 170 20
14. 171 35
14. 172 49
14. 173 44
14. 174 30
14. 175 33
14. 176 16
14. 177 27
14. 178 10
14. 179 16
14. 180 14
14. 181 44
14. 182 45
14. 183 49
14. 184 10
14. 185 23
14. 186 45
14. 187 46
14. 188 32
14. 189 31
14. 190 20
14. 191 33
14. 192 20
14. 193 23
14. 194 35
14. 195 48
14. 196 41
14. 197 24
14. 198 18
14. 199 46
15. 0 37
15. 1 36
15. 2 43
15. 3 16
15. 4 23
15. 5 36
15. 6 11
15. 7 24
15. 8 30
15. 9 38
15. 10 39
15. 11 44
15. 12 23
15. 13 23
15. 14 25
15. 15 50
15. 16 13
15. 17 26
15. 18 37
15. 19 15
15. 20 27
15. 21 34
15. 22 25
15. 23 44
15. 24 47
15. 25 18
15. 26 12
15. 27 38
15. 28 49
15. 29 29
15. 30 16
15. 31 29
15. 32 17
15. 33 10
15. 34 23
15. 35 42
15. 36 36
15. 37 13
15. 38 40
15. 39 12
15. 40 28
15. 41 17
15. 42 35
15. 43 36
15. 44 33
15. 45 15
15. 46 16
15. 47 33
15. 48 10
15. 49 11
15. 50 34
15. 51 23
15. 52 34
15. 53 46
15. 54 15
15. 55 45
15. 56 22
15. 57 35
15. 58 43
15. 59 47
15. 60 16
15. 61 21
15. 62 11
15. 63 25
15. 64 11
15. 65 12
15. 66 25
15. 67 10
15. 68 21
15. 69 42
15. 70 19
15. 71 10
15. 72 23
15. 73 48
15. 74 50
15. 75 40
15. 76 19
15. 77 21
15. 78 45
15. 79 37
15. 80 32
15. 81 32
15. 82 20
15. 83 12
15. 84 22
15. 85 30
15. 86 47
15. 87 44
15. 88 24
15. 89 47
15. 90 38
15. 91 23
15. 92 16
15. 93 41
15. 94 38
15. 95 46
15. 96 14
15. 97 42
15. 98 37
15. 99 31
15. 100 25
15. 101 25
15. 102 36
15. 103 22
15. 104 38
15. 105 31
15. 106 15
15. 107 32
15. 108 32
15. 109 37
15. 110 38
15. 111 46
15. 112 41
15. 113 39
15. 114 27
15. 115 16
15. 116 35
15. 117 29
15. 118 39
15. 119 39
15. 120 24
15. 121 45
15. 122 33
15. 123 49
15. 124 36
15. 125 46
15. 126 37
15. 127 50
15. 128 36
15. 129 41
15. 130 50
15. 131 20
15. 132 49
15. 133 23
15. 134 41
15. 135 40
15. 136 31
15. 137 49
15. 138 32
15. 139 36
15. 140 37
15. 141 21
15. 142 26
15. 143 34
15. 144 14
15. 145 43
15. 146 48
15. 147 35
15. 148 30
15. 149 45
15. 150 13
15. 151 16
15. 152 47
15. 153 39
15. 154 28
15. 155 11
15. 156 16
15. 157 31
15. 158 11
15. 159 25
15. 160 20
15. 161 50
15. 162 19
15. 163 24
15. 164 46
15. 165 19
15. 166 50
15. 167 44
15. 168 14
15. 169 40
15. 170 40
15. 171 44
15. 172 29
15. 173 49
15. 174 26
15. 175 45
15. 176 22
15. 177 34
15. 178 39
15. 179 39
15. 180 38
15. 181 39
15. 182 17
15. 183 32
15. 184 10
15. 185 19
15. 186 27
15. 187 49
15. 188 11
15. 189 32
15. 190 30
15. 191 31
15. 192 45
15. 193 48
15. 194 25
15. 195 16
15. 196 43
15. 197 33
15. 198 19
15. 199 43
16. 0 15
16. 1 44
16. 2 24
16. 3 19
16. 4 41
16. 5 35
16. 6 38
16. 7 29
16. 8 28
16. 9 19
16. 10 42
16. 11 48
16. 12 44
16. 13 49
16. 14 41
16. 15 48
16. 16 50
16. 17 33
16. 18 36
16. 19 26
16. 20 29
16. 21 43
16. 22 22
16. 23 31
16. 24 41
16. 25 30
16. 26 29
16. 27 20
16. 28 23
16. 29 42
16. 30 12
16. 31 36
16. 32 32
16. 33 36
16. 34 13
16. 35 10
16. 36 17
16. 37 11
16. 38 44
16. 39 47
16. 40 11
16. 41 26
16. 42 21
16. 43 49
16. 44 25
16. 45 33
16. 46 18
16. 47 16
16. 48 30
16. 49 26
16. 50 26
16. 51 19
16. 52 32
16. 53 16
16. 54 25
16. 55 21
16. 56 32
16. 57 14
16. 58 39
16. 59 29
16. 60 42
16. 61 23
16. 62 35
16. 63 50
16. 64 38
16. 65 13
16. 66 40
16. 67 39
16. 68 17
16. 69 11
16. 70 10
16. 71 28
16. 72 44
16. 73 19
16. 74 26
16. 75 38
16. 76 35
16. 77 28
16. 78 27
16. 79 41
16. 80 31
16. 81 45
16. 82 11
16. 83 31
16. 84 14
16. 85 23
16. 86 16
16. 87 25
16. 88 18
16. 89 36
16. 90 25
16. 91 43
16. 92 27
16. 93 33
16. 94 37
16. 95 19
16. 96 20
16. 97 31
16. 98 20
16. 99 10
16. 100 13
16. 101 26
16. 102 49
16. 103 50
16. 104 50
16. 105 24
16. 106 29
16. 107 21
16. 108 39
16. 109 30
16. 110 49
16. 111 50
16. 112 27
16. 113 32
16. 114 50
16. 115 34
16. 116 48
16. 117 14
16. 118 38
16. 119 14
16. 120 11
16. 121 28
16. 122 41
16. 123 31
16. 124 22
16. 125 48
16. 126 32
16. 127 30
16. 128 19
16. 129 42
16. 130 36
16. 131 43
16. 132 11
16. 133 43
16. 134 12
16. 135 19
16. 136 50
16. 137 44
16. 138 45
16. 139 11
16. 140 38
16. 141 32
16. 142 48
16. 143 43
16. 144 46
16. 145 31
16. 146 45
16. 147 10
16. 148 33
16. 149 18
16. 150 36
16. 151 30
16. 152 38
16. 153 22
16. 154 24
16. 155 12
16. 156 25
16. 157 38
16. 158 16
16. 159 34
16. 160 10
16. 161 17
16. 162 49
16. 163 21
16. 164 11
16. 165 12
16. 166 20
16. 167 31
16. 168 35
16. 169 19
16. 170 14
16. 171 32
16. 172 23
16. 173 27
16. 174 14
16. 175 46
16. 176 49
16. 177 22
16. 178 20
16. 179 28
16. 180 29
16. 181 21
16. 182 21
16. 183 21
16. 184 17
16. 185 31
16. 186 38
16. 187 13
16. 188 23
16. 189 18
16. 190 11
16. 191 13
16. 192 22
16. 193 28
16. 194 27
16. 195 41
16. 196 48
16. 197 40
16. 198 14
16. 199 50
17. 0 13
17. 1 31
17. 2 41
17. 3 35
17. 4 24
17. 5 48
17. 6 42
17. 7 36
17. 8 11
17. 9 49
17. 10 48
17. 11 47
17. 12 46
17. 13 11
17. 14 27
17. 15 48
17. 16 43
17. 17 44
17. 18 26
17. 19 30
17. 20 44
17. 21 39
17. 22 21
17. 23 18
17. 24 15
17. 25 46
17. 26 23
17. 27 44
17. 28 28
17. 29 31
17. 30 39
17. 31 28
17. 32 46
17. 33 18
17. 34 31
17. 35 18
17. 36 20
17. 37 44
17. 38 45
17. 39 19
17. 40 43
17. 41 46
17. 42 39
17. 43 34
17. 44 47
17. 45 13
17. 46 31
17. 47 36
17. 48 22
17. 49 28
17. 50 19
17. 51 26
17. 52 22
17. 53 30
17. 54 35
17. 55 50
17. 56 47
17. 57 16
17. 58 11
17. 59 21
17. 60 12
17. 61 10
17. 62 45
17. 63 27
17. 64 46
17. 65 20
17. 66 16
17. 67 34
17. 68 26
17. 69 44
17. 70 45
17. 71 28
17. 72 24
17. 73 14
17. 74 30
17. 75 45
17. 76 31
17. 77 50
17. 78 35
17. 79 21
17. 80 37
17. 81 13
17. 82 49
17. 83 16
17. 84 11
17. 85 40
17. 86 25
17. 87 14
17. 88 26
17. 89 28
17. 90 10
17. 91 14
17. 92 16
17. 93 43
17. 94 45
17. 95 17
17. 96 22
17. 97 12
17. 98 32
17. 99 16
17. 100 12
17. 101 37
17. 102 46
17. 103 46
17. 104 13
17. 105 49
17. 106 24
17. 107 25
17. 108 30
17. 109 25
17. 110 22
17. 111 29
17. 112 22
17. 113 44
17. 114 32
17. 115 21
17. 116 16
17. 117 35
17. 118 26
17. 119 50
17. 120 36
17. 121 26
17. 122 43
17. 123 32
17. 124 50
17. 125 28
17. 126 35
17. 127 39
17. 128 35
17. 129 31
17. 130 37
17. 131 34
17. 132 18
17. 133 49
17. 134 35
17. 135 42
17. 136 41
17. 137 25
17. 138 24
17. 139 48
17. 140 30
17. 141 39
17. 142 43
17. 143 33
17. 144 46
17. 145 26
17. 146 10
17. 147 33
17. 148 36
17. 149 22
17. 150 18
17. 151 41
17. 152 13
17. 153 16
17. 154 14
17. 155 13
17. 156 34
17. 157 28
17. 158 36
17. 159 38
17. 160 42
17. 161 50
17. 162 32
17. 163 42
17. 164 42
17. 165 24
17. 166 23
17. 167 18
17. 168 29
17. 169 37
17. 170 39
17. 171 36
17. 172 50
17. 173 32
17. 174 49
17. 175 34
17. 176 30
17. 177 43
17. 178 27
17. 179 50
17. 180 23
17. 181 46
17. 182 46
17. 183 22
17. 184 29
17. 185 21
17. 186 37
17. 187 23
17. 188 46
17. 189 22
17. 190 12
17. 191 32
17. 192 10
17. 193 22
17. 194 24
17. 195 43
17. 196 33
17. 197 29
17. 198 49
17. 199 44
18. 0 37
18. 1 38
18. 2 40
18. 3 40
18. 4 23
18. 5 23
18. 6 15
18. 7 25
18. 8 31
18. 9 37
18. 10 50
18. 11 41
18. 12 45
18. 13 29
18. 14 14
18. 15 17
18. 16 50
18. 17 43
18. 18 23
18. 19 18
18. 20 35
18. 21 28
18. 22 33
18. 23 26
18. 24 45
18. 25 41
18. 26 22
18. 27 10
18. 28 13
18. 29 46
18. 30 47
18. 31 14
18. 32 15
18. 33 38
18. 34 44
18. 35 39
18. 36 37
18. 37 31
18. 38 24
18. 39 23
18. 40 40
18. 41 49
18. 42 10
18. 43 22
18. 44 42
18. 45 15
18. 46 16
18. 47 38
18. 48 10
18. 49 22
18. 50 11
18. 51 43
18. 52 25
18. 53 23
18. 54 28
18. 55 14
18. 56 21
18. 57 14
18. 58 42
18. 59 46
18. 60 42
18. 61 14
18. 62 23
18. 63 17
18. 64 50
18. 65 29
18. 66 29
18. 67 23
18. 68 10
18. 69 30
18. 70 18
18. 71 40
18. 72 19
18. 73 19
18. 74 45
18. 75 21
18. 76 26
18. 77 46
18. 78 46
18. 79 45
18. 80 25
18. 81 39
18. 82 43
18. 83 28
18. 84 34
18. 85 23
18. 86 35
18. 87 19
18. 88 29
18. 89 33
18. 90 18
18. 91 19
18. 92 48
18. 93 37
18. 94 42
18. 95 48
18. 96 39
18. 97 18
18. 98 19
18. 99 29
18. 100 20
18. 101 36
18. 102 45
18. 103 29
18. 104 26
18. 105 26
18. 106 10
18. 107 31
18. 108 49
18. 109 38
18. 110 41
18. 111 27
18. 112 19
18. 113 32
18. 114 41
18. 115 39
18. 116 33
18. 117 42
18. 118 32
18. 119 13
18. 120 15
18. 121 46
18. 122 13
18. 123 49
18. 124 38
18. 125 12
18. 126 35
18. 127 50
18. 128 15
18. 129 36
18. 130 41
18. 131 23
18. 132 12
18. 133 23
18. 134 15
18. 135 19
18. 136 11
18. 137 48
18. 138 13
18. 139 15
18. 140 28
18. 141 33
18. 142 43
18. 143 43
18. 144 12
18. 145 37
18. 146 16
18. 147 22
18. 148 28
18. 149 12
18. 150 22
18. 151 36
18. 152 15
18. 153 17
18. 154 11
18. 155 23
18. 156 49
18. 157 38
18. 158 36
18. 159 34
18. 160 26
18. 161 46
18. 162 46
18. 163 20
18. 164 10
18. 165 44
18. 166 25
18. 167 24
18. 168 22
18. 169 40
18. 170 38
18. 171 27
18. 172 41
18. 173 26
18. 174 40
18. 175 18
18. 176 39
18. 177 31
18. 178 21
18. 179 20
18. 180 15
18. 181 28
18. 182 33
18. 183 36
18. 184 42
18. 185 15
18. 186 43
18. 187 39
18. 188 34
18. 189 10
18. 190 23
18. 191 43
18. 192 11
18. 193 34
18. 194 27
18. 195 43
18. 196 30
18. 197 29
18. 198 32
18. 199 48
19. 0 35
19. 1 16
19. 2 35
19. 3 46
19. 4 37
19. 5 14
19. 6 39
19. 7 31
19. 8 23
19. 9 48
19. 10 32
19. 11 39
19. 12 30
19. 13 18
19. 14 34
19. 15 32
19. 16 41
19. 17 43
19. 18 17
19. 19 40
19. 20 18
19. 21 25
19. 22 37
19. 23 26
19. 24 45
19. 25 46
19. 26 25
19. 27 45
19. 28 39
19. 29 29
19. 30 18
19. 31 41
19. 32 42
19. 33 12
19. 34 39
19. 35 20
19. 36 39
19. 37 32
19. 38 36
19. 39 23
19. 40 29
19. 41 21
19. 42 29
19. 43 16
19. 44 17
19. 45 33
19. 46 20
19. 47 30
19. 48 11
19. 49 43
19. 50 11
19. 51 21
19. 52 23
19. 53 17
19. 54 23
19. 55 44
19. 56 12
19. 57 22
19. 58 40
19. 59 26
19. 60 42
19. 61 13
19. 62 31
19. 63 25
19. 64 10
19. 65 40
19. 66 48
19. 67 31
19. 68 21
19. 69 33
19. 70 47
19. 71 50
19. 72 49
19. 73 24
19. 74 36
19. 75 16
19. 76 37
19. 77 41
19. 78 10
19. 79 26
19. 80 46
19. 81 17
19. 82 27
19. 83 25
19. 84 20
19. 85 38
19. 86 31
19. 87 21
19. 88 18
19. 89 46
19. 90 37
19. 91 37
19. 92 35
19. 93 28
19. 94 20
19. 95 10
19. 96 40
19. 97 10
19. 98 22
19. 99 44
19. 100 38
19. 101 50
19. 102 32
19. 103 30
19. 104 11
19. 105 26
19. 106 40
19. 107 35
19. 108 23
19. 109 48
19. 110 45
19. 111 44
19. 112 11
19. 113 28
19. 114 25
19. 115 23
19. 116 18
19. 117 20
19. 118 12
19. 119 36
19. 120 16
19. 121 16
19. 122 27
19. 123 16
19. 124 49
19. 125 41
19. 126 40
19. 127 35
19. 128 45
19. 129 12
19. 130 49
19. 131 34
19. 132 50
19. 133 33
19. 134 16
19. 135 38
19. 136 19
19. 137 16
19. 138 32
19. 139 34
19. 140 23
19. 141 19
19. 142 30
19. 143 15
19. 144 28
19. 145 32
19. 146 15
19. 147 35
19. 148 16
19. 149 14
19. 150 25
19. 151 33
19. 152 16
19. 153 12
19. 154 23
19. 155 30
19. 156 28
19. 157 16
19. 158 46
19. 159 47
19. 160 30
19. 161 36
19. 162 16
19. 163 27
19. 164 16
19. 165 11
19. 166 50
19. 167 10
19. 168 29
19. 169 46
19. 170 49
19. 171 26
19. 172 39
19. 173 42
19. 174 14
19. 175 22
19. 176 31
19. 177 50
19. 178 47
19. 179 50
19. 180 11
19. 181 28
19. 182 28
19. 183 26
19. 184 40
19. 185 12
19. 186 43
19. 187 37
19. 188 31
19. 189 38
19. 190 20
19. 191 20
19. 192 19
19. 193 49
19. 194 18
19. 195 15
19. 196 49
19. 197 15
19. 198 42
19. 199 37
/;
parameter a(i,j)/
0. 0 22
0. 1 13
0. 2 15
0. 3 6
0. 4 19
0. 5 20
0. 6 7
0. 7 14
0. 8 24
0. 9 18
0. 10 10
0. 11 13
0. 12 24
0. 13 6
0. 14 22
0. 15 7
0. 16 22
0. 17 9
0. 18 23
0. 19 17
0. 20 23
0. 21 20
0. 22 14
0. 23 12
0. 24 7
0. 25 15
0. 26 20
0. 27 19
0. 28 17
0. 29 16
0. 30 17
0. 31 14
0. 32 18
0. 33 10
0. 34 7
0. 35 17
0. 36 8
0. 37 20
0. 38 18
0. 39 7
0. 40 7
0. 41 23
0. 42 11
0. 43 17
0. 44 11
0. 45 14
0. 46 9
0. 47 7
0. 48 10
0. 49 12
0. 50 19
0. 51 20
0. 52 21
0. 53 11
0. 54 11
0. 55 14
0. 56 5
0. 57 16
0. 58 21
0. 59 9
0. 60 5
0. 61 19
0. 62 12
0. 63 21
0. 64 23
0. 65 18
0. 66 20
0. 67 14
0. 68 6
0. 69 8
0. 70 12
0. 71 14
0. 72 15
0. 73 6
0. 74 13
0. 75 10
0. 76 8
0. 77 16
0. 78 15
0. 79 16
0. 80 18
0. 81 9
0. 82 13
0. 83 20
0. 84 7
0. 85 6
0. 86 9
0. 87 18
0. 88 6
0. 89 17
0. 90 6
0. 91 6
0. 92 24
0. 93 5
0. 94 13
0. 95 19
0. 96 21
0. 97 12
0. 98 9
0. 99 8
0. 100 24
0. 101 21
0. 102 12
0. 103 19
0. 104 20
0. 105 15
0. 106 21
0. 107 12
0. 108 21
0. 109 11
0. 110 16
0. 111 23
0. 112 5
0. 113 25
0. 114 13
0. 115 18
0. 116 22
0. 117 21
0. 118 16
0. 119 13
0. 120 8
0. 121 16
0. 122 24
0. 123 9
0. 124 18
0. 125 25
0. 126 14
0. 127 17
0. 128 6
0. 129 21
0. 130 14
0. 131 13
0. 132 25
0. 133 12
0. 134 12
0. 135 19
0. 136 6
0. 137 18
0. 138 20
0. 139 24
0. 140 12
0. 141 17
0. 142 25
0. 143 12
0. 144 20
0. 145 8
0. 146 8
0. 147 20
0. 148 18
0. 149 9
0. 150 14
0. 151 8
0. 152 18
0. 153 21
0. 154 18
0. 155 23
0. 156 8
0. 157 22
0. 158 22
0. 159 15
0. 160 20
0. 161 22
0. 162 13
0. 163 6
0. 164 14
0. 165 18
0. 166 22
0. 167 9
0. 168 24
0. 169 19
0. 170 19
0. 171 13
0. 172 23
0. 173 9
0. 174 23
0. 175 5
0. 176 15
0. 177 23
0. 178 9
0. 179 17
0. 180 6
0. 181 7
0. 182 16
0. 183 23
0. 184 8
0. 185 5
0. 186 20
0. 187 17
0. 188 14
0. 189 5
0. 190 15
0. 191 12
0. 192 7
0. 193 19
0. 194 10
0. 195 12
0. 196 11
0. 197 11
0. 198 19
0. 199 17
1. 0 8
1. 1 7
1. 2 7
1. 3 11
1. 4 9
1. 5 6
1. 6 25
1. 7 15
1. 8 12
1. 9 19
1. 10 9
1. 11 24
1. 12 17
1. 13 6
1. 14 6
1. 15 11
1. 16 20
1. 17 18
1. 18 20
1. 19 24
1. 20 10
1. 21 21
1. 22 24
1. 23 18
1. 24 5
1. 25 9
1. 26 7
1. 27 16
1. 28 13
1. 29 6
1. 30 14
1. 31 25
1. 32 25
1. 33 24
1. 34 17
1. 35 13
1. 36 24
1. 37 24
1. 38 17
1. 39 9
1. 40 17
1. 41 17
1. 42 22
1. 43 20
1. 44 15
1. 45 22
1. 46 23
1. 47 23
1. 48 19
1. 49 12
1. 50 9
1. 51 23
1. 52 8
1. 53 14
1. 54 10
1. 55 17
1. 56 13
1. 57 18
1. 58 11
1. 59 10
1. 60 13
1. 61 17
1. 62 10
1. 63 7
1. 64 21
1. 65 18
1. 66 23
1. 67 20
1. 68 18
1. 69 15
1. 70 18
1. 71 10
1. 72 6
1. 73 5
1. 74 5
1. 75 8
1. 76 22
1. 77 5
1. 78 14
1. 79 21
1. 80 19
1. 81 12
1. 82 25
1. 83 15
1. 84 17
1. 85 9
1. 86 9
1. 87 11
1. 88 20
1. 89 18
1. 90 9
1. 91 11
1. 92 23
1. 93 13
1. 94 23
1. 95 18
1. 96 16
1. 97 8
1. 98 18
1. 99 15
1. 100 20
1. 101 17
1. 102 18
1. 103 16
1. 104 20
1. 105 24
1. 106 17
1. 107 17
1. 108 17
1. 109 9
1. 110 20
1. 111 25
1. 112 20
1. 113 13
1. 114 22
1. 115 7
1. 116 24
1. 117 11
1. 118 6
1. 119 12
1. 120 19
1. 121 13
1. 122 11
1. 123 18
1. 124 9
1. 125 7
1. 126 17
1. 127 19
1. 128 12
1. 129 25
1. 130 22
1. 131 8
1. 132 12
1. 133 22
1. 134 19
1. 135 17
1. 136 6
1. 137 20
1. 138 17
1. 139 20
1. 140 16
1. 141 24
1. 142 14
1. 143 5
1. 144 11
1. 145 16
1. 146 18
1. 147 11
1. 148 9
1. 149 25
1. 150 21
1. 151 10
1. 152 12
1. 153 17
1. 154 7
1. 155 16
1. 156 16
1. 157 11
1. 158 12
1. 159 12
1. 160 23
1. 161 24
1. 162 12
1. 163 13
1. 164 17
1. 165 24
1. 166 14
1. 167 18
1. 168 21
1. 169 13
1. 170 8
1. 171 11
1. 172 12
1. 173 21
1. 174 19
1. 175 10
1. 176 5
1. 177 14
1. 178 15
1. 179 22
1. 180 14
1. 181 10
1. 182 21
1. 183 7
1. 184 9
1. 185 11
1. 186 11
1. 187 14
1. 188 5
1. 189 15
1. 190 18
1. 191 10
1. 192 23
1. 193 13
1. 194 12
1. 195 5
1. 196 12
1. 197 15
1. 198 10
1. 199 21
2. 0 5
2. 1 7
2. 2 15
2. 3 15
2. 4 16
2. 5 9
2. 6 13
2. 7 20
2. 8 25
2. 9 9
2. 10 14
2. 11 18
2. 12 14
2. 13 11
2. 14 8
2. 15 21
2. 16 5
2. 17 7
2. 18 18
2. 19 5
2. 20 15
2. 21 7
2. 22 18
2. 23 22
2. 24 19
2. 25 9
2. 26 23
2. 27 9
2. 28 12
2. 29 8
2. 30 24
2. 31 19
2. 32 8
2. 33 22
2. 34 23
2. 35 15
2. 36 12
2. 37 19
2. 38 23
2. 39 10
2. 40 17
2. 41 13
2. 42 19
2. 43 5
2. 44 24
2. 45 10
2. 46 17
2. 47 22
2. 48 22
2. 49 7
2. 50 5
2. 51 7
2. 52 21
2. 53 18
2. 54 25
2. 55 9
2. 56 22
2. 57 18
2. 58 9
2. 59 9
2. 60 9
2. 61 14
2. 62 5
2. 63 21
2. 64 6
2. 65 21
2. 66 20
2. 67 21
2. 68 5
2. 69 20
2. 70 9
2. 71 10
2. 72 16
2. 73 6
2. 74 16
2. 75 12
2. 76 11
2. 77 7
2. 78 13
2. 79 16
2. 80 8
2. 81 21
2. 82 11
2. 83 23
2. 84 13
2. 85 16
2. 86 24
2. 87 10
2. 88 9
2. 89 14
2. 90 20
2. 91 17
2. 92 12
2. 93 24
2. 94 16
2. 95 10
2. 96 22
2. 97 20
2. 98 16
2. 99 8
2. 100 16
2. 101 18
2. 102 24
2. 103 5
2. 104 5
2. 105 18
2. 106 12
2. 107 10
2. 108 5
2. 109 24
2. 110 13
2. 111 5
2. 112 21
2. 113 7
2. 114 16
2. 115 18
2. 116 22
2. 117 8
2. 118 15
2. 119 16
2. 120 8
2. 121 23
2. 122 22
2. 123 6
2. 124 5
2. 125 7
2. 126 9
2. 127 24
2. 128 24
2. 129 24
2. 130 22
2. 131 15
2. 132 21
2. 133 23
2. 134 9
2. 135 14
2. 136 12
2. 137 8
2. 138 19
2. 139 19
2. 140 10
2. 141 19
2. 142 6
2. 143 24
2. 144 22
2. 145 17
2. 146 23
2. 147 24
2. 148 12
2. 149 23
2. 150 6
2. 151 11
2. 152 9
2. 153 17
2. 154 5
2. 155 19
2. 156 12
2. 157 15
2. 158 9
2. 159 14
2. 160 8
2. 161 5
2. 162 12
2. 163 25
2. 164 13
2. 165 20
2. 166 23
2. 167 8
2. 168 13
2. 169 5
2. 170 5
2. 171 17
2. 172 5
2. 173 12
2. 174 14
2. 175 19
2. 176 22
2. 177 8
2. 178 17
2. 179 15
2. 180 6
2. 181 6
2. 182 20
2. 183 18
2. 184 12
2. 185 22
2. 186 25
2. 187 17
2. 188 11
2. 189 16
2. 190 14
2. 191 7
2. 192 19
2. 193 8
2. 194 22
2. 195 24
2. 196 5
2. 197 16
2. 198 11
2. 199 17
3. 0 11
3. 1 7
3. 2 6
3. 3 12
3. 4 9
3. 5 23
3. 6 9
3. 7 16
3. 8 17
3. 9 8
3. 10 23
3. 11 11
3. 12 25
3. 13 24
3. 14 9
3. 15 9
3. 16 23
3. 17 9
3. 18 12
3. 19 8
3. 20 20
3. 21 17
3. 22 12
3. 23 24
3. 24 5
3. 25 5
3. 26 8
3. 27 25
3. 28 5
3. 29 17
3. 30 13
3. 31 20
3. 32 13
3. 33 22
3. 34 16
3. 35 15
3. 36 16
3. 37 7
3. 38 17
3. 39 12
3. 40 11
3. 41 14
3. 42 9
3. 43 17
3. 44 24
3. 45 21
3. 46 19
3. 47 14
3. 48 13
3. 49 22
3. 50 5
3. 51 7
3. 52 9
3. 53 6
3. 54 25
3. 55 19
3. 56 6
3. 57 19
3. 58 9
3. 59 24
3. 60 17
3. 61 8
3. 62 22
3. 63 14
3. 64 18
3. 65 6
3. 66 12
3. 67 20
3. 68 17
3. 69 25
3. 70 13
3. 71 20
3. 72 15
3. 73 14
3. 74 7
3. 75 20
3. 76 14
3. 77 23
3. 78 7
3. 79 17
3. 80 24
3. 81 10
3. 82 22
3. 83 9
3. 84 10
3. 85 11
3. 86 23
3. 87 22
3. 88 24
3. 89 20
3. 90 8
3. 91 21
3. 92 22
3. 93 13
3. 94 18
3. 95 10
3. 96 7
3. 97 5
3. 98 14
3. 99 5
3. 100 21
3. 101 11
3. 102 6
3. 103 25
3. 104 5
3. 105 23
3. 106 8
3. 107 14
3. 108 9
3. 109 13
3. 110 22
3. 111 14
3. 112 20
3. 113 16
3. 114 21
3. 115 16
3. 116 9
3. 117 19
3. 118 13
3. 119 16
3. 120 9
3. 121 9
3. 122 6
3. 123 22
3. 124 19
3. 125 16
3. 126 18
3. 127 13
3. 128 11
3. 129 16
3. 130 22
3. 131 16
3. 132 12
3. 133 22
3. 134 18
3. 135 8
3. 136 6
3. 137 6
3. 138 5
3. 139 15
3. 140 13
3. 141 16
3. 142 25
3. 143 18
3. 144 16
3. 145 9
3. 146 24
3. 147 13
3. 148 10
3. 149 14
3. 150 10
3. 151 20
3. 152 20
3. 153 17
3. 154 8
3. 155 15
3. 156 23
3. 157 21
3. 158 8
3. 159 22
3. 160 6
3. 161 23
3. 162 19
3. 163 20
3. 164 14
3. 165 14
3. 166 19
3. 167 6
3. 168 9
3. 169 19
3. 170 16
3. 171 5
3. 172 11
3. 173 13
3. 174 8
3. 175 15
3. 176 13
3. 177 9
3. 178 16
3. 179 11
3. 180 13
3. 181 23
3. 182 24
3. 183 5
3. 184 21
3. 185 22
3. 186 22
3. 187 15
3. 188 5
3. 189 8
3. 190 8
3. 191 9
3. 192 17
3. 193 20
3. 194 9
3. 195 7
3. 196 25
3. 197 21
3. 198 15
3. 199 8
4. 0 12
4. 1 5
4. 2 15
4. 3 10
4. 4 24
4. 5 8
4. 6 18
4. 7 6
4. 8 16
4. 9 5
4. 10 23
4. 11 25
4. 12 16
4. 13 8
4. 14 12
4. 15 21
4. 16 23
4. 17 14
4. 18 14
4. 19 19
4. 20 18
4. 21 22
4. 22 7
4. 23 25
4. 24 13
4. 25 11
4. 26 19
4. 27 17
4. 28 20
4. 29 18
4. 30 22
4. 31 18
4. 32 19
4. 33 19
4. 34 25
4. 35 21
4. 36 7
4. 37 22
4. 38 9
4. 39 7
4. 40 21
4. 41 16
4. 42 9
4. 43 11
4. 44 13
4. 45 16
4. 46 9
4. 47 5
4. 48 24
4. 49 11
4. 50 16
4. 51 9
4. 52 25
4. 53 22
4. 54 8
4. 55 9
4. 56 13
4. 57 9
4. 58 18
4. 59 8
4. 60 12
4. 61 18
4. 62 6
4. 63 14
4. 64 22
4. 65 23
4. 66 24
4. 67 10
4. 68 18
4. 69 15
4. 70 10
4. 71 7
4. 72 7
4. 73 9
4. 74 7
4. 75 16
4. 76 15
4. 77 8
4. 78 18
4. 79 17
4. 80 9
4. 81 21
4. 82 20
4. 83 14
4. 84 8
4. 85 9
4. 86 6
4. 87 21
4. 88 20
4. 89 18
4. 90 14
4. 91 8
4. 92 11
4. 93 14
4. 94 9
4. 95 9
4. 96 20
4. 97 8
4. 98 18
4. 99 19
4. 100 6
4. 101 8
4. 102 23
4. 103 9
4. 104 24
4. 105 22
4. 106 7
4. 107 25
4. 108 9
4. 109 8
4. 110 15
4. 111 24
4. 112 12
4. 113 20
4. 114 21
4. 115 24
4. 116 8
4. 117 25
4. 118 7
4. 119 9
4. 120 5
4. 121 7
4. 122 22
4. 123 5
4. 124 24
4. 125 20
4. 126 23
4. 127 10
4. 128 18
4. 129 18
4. 130 9
4. 131 9
4. 132 20
4. 133 22
4. 134 18
4. 135 12
4. 136 25
4. 137 20
4. 138 23
4. 139 10
4. 140 23
4. 141 18
4. 142 6
4. 143 11
4. 144 9
4. 145 14
4. 146 12
4. 147 13
4. 148 23
4. 149 6
4. 150 9
4. 151 21
4. 152 7
4. 153 20
4. 154 13
4. 155 15
4. 156 13
4. 157 5
4. 158 9
4. 159 19
4. 160 7
4. 161 24
4. 162 7
4. 163 9
4. 164 25
4. 165 13
4. 166 20
4. 167 8
4. 168 11
4. 169 20
4. 170 6
4. 171 8
4. 172 14
4. 173 19
4. 174 13
4. 175 17
4. 176 8
4. 177 21
4. 178 15
4. 179 23
4. 180 25
4. 181 15
4. 182 22
4. 183 15
4. 184 12
4. 185 5
4. 186 5
4. 187 14
4. 188 20
4. 189 23
4. 190 25
4. 191 12
4. 192 9
4. 193 24
4. 194 21
4. 195 11
4. 196 22
4. 197 23
4. 198 25
4. 199 5
5. 0 12
5. 1 7
5. 2 17
5. 3 21
5. 4 25
5. 5 11
5. 6 5
5. 7 15
5. 8 21
5. 9 25
5. 10 6
5. 11 17
5. 12 23
5. 13 6
5. 14 6
5. 15 6
5. 16 9
5. 17 24
5. 18 16
5. 19 6
5. 20 19
5. 21 22
5. 22 16
5. 23 19
5. 24 8
5. 25 9
5. 26 19
5. 27 11
5. 28 9
5. 29 7
5. 30 20
5. 31 25
5. 32 23
5. 33 16
5. 34 13
5. 35 11
5. 36 9
5. 37 16
5. 38 7
5. 39 13
5. 40 5
5. 41 19
5. 42 10
5. 43 25
5. 44 5
5. 45 20
5. 46 18
5. 47 24
5. 48 19
5. 49 5
5. 50 24
5. 51 19
5. 52 6
5. 53 13
5. 54 24
5. 55 24
5. 56 18
5. 57 20
5. 58 14
5. 59 10
5. 60 25
5. 61 25
5. 62 25
5. 63 22
5. 64 25
5. 65 10
5. 66 15
5. 67 10
5. 68 19
5. 69 12
5. 70 13
5. 71 12
5. 72 10
5. 73 8
5. 74 8
5. 75 18
5. 76 18
5. 77 11
5. 78 22
5. 79 9
5. 80 6
5. 81 7
5. 82 11
5. 83 24
5. 84 13
5. 85 5
5. 86 17
5. 87 7
5. 88 18
5. 89 24
5. 90 22
5. 91 14
5. 92 20
5. 93 11
5. 94 12
5. 95 6
5. 96 6
5. 97 25
5. 98 24
5. 99 11
5. 100 25
5. 101 20
5. 102 11
5. 103 9
5. 104 8
5. 105 6
5. 106 6
5. 107 15
5. 108 19
5. 109 18
5. 110 14
5. 111 21
5. 112 25
5. 113 20
5. 114 20
5. 115 17
5. 116 5
5. 117 8
5. 118 20
5. 119 22
5. 120 14
5. 121 18
5. 122 19
5. 123 11
5. 124 24
5. 125 23
5. 126 25
5. 127 24
5. 128 5
5. 129 20
5. 130 5
5. 131 12
5. 132 11
5. 133 15
5. 134 20
5. 135 14
5. 136 19
5. 137 15
5. 138 12
5. 139 18
5. 140 7
5. 141 14
5. 142 6
5. 143 9
5. 144 11
5. 145 19
5. 146 17
5. 147 18
5. 148 8
5. 149 8
5. 150 7
5. 151 15
5. 152 22
5. 153 10
5. 154 22
5. 155 17
5. 156 23
5. 157 14
5. 158 17
5. 159 12
5. 160 24
5. 161 10
5. 162 6
5. 163 17
5. 164 22
5. 165 18
5. 166 9
5. 167 13
5. 168 8
5. 169 6
5. 170 14
5. 171 12
5. 172 19
5. 173 16
5. 174 18
5. 175 22
5. 176 14
5. 177 11
5. 178 8
5. 179 12
5. 180 24
5. 181 14
5. 182 5
5. 183 10
5. 184 19
5. 185 18
5. 186 12
5. 187 9
5. 188 19
5. 189 21
5. 190 18
5. 191 5
5. 192 11
5. 193 15
5. 194 13
5. 195 10
5. 196 17
5. 197 25
5. 198 23
5. 199 24
6. 0 12
6. 1 23
6. 2 24
6. 3 9
6. 4 24
6. 5 18
6. 6 23
6. 7 19
6. 8 6
6. 9 13
6. 10 25
6. 11 9
6. 12 9
6. 13 11
6. 14 14
6. 15 23
6. 16 15
6. 17 6
6. 18 10
6. 19 10
6. 20 15
6. 21 17
6. 22 25
6. 23 10
6. 24 24
6. 25 7
6. 26 16
6. 27 25
6. 28 13
6. 29 10
6. 30 14
6. 31 22
6. 32 10
6. 33 14
6. 34 14
6. 35 23
6. 36 10
6. 37 12
6. 38 6
6. 39 15
6. 40 6
6. 41 10
6. 42 14
6. 43 22
6. 44 21
6. 45 6
6. 46 22
6. 47 24
6. 48 23
6. 49 11
6. 50 22
6. 51 7
6. 52 5
6. 53 16
6. 54 9
6. 55 10
6. 56 25
6. 57 5
6. 58 7
6. 59 16
6. 60 25
6. 61 13
6. 62 9
6. 63 14
6. 64 10
6. 65 20
6. 66 19
6. 67 12
6. 68 24
6. 69 14
6. 70 25
6. 71 19
6. 72 22
6. 73 19
6. 74 11
6. 75 8
6. 76 9
6. 77 5
6. 78 11
6. 79 19
6. 80 25
6. 81 17
6. 82 11
6. 83 12
6. 84 25
6. 85 9
6. 86 14
6. 87 21
6. 88 25
6. 89 21
6. 90 20
6. 91 25
6. 92 20
6. 93 6
6. 94 8
6. 95 23
6. 96 6
6. 97 11
6. 98 16
6. 99 22
6. 100 7
6. 101 15
6. 102 5
6. 103 14
6. 104 7
6. 105 22
6. 106 10
6. 107 11
6. 108 5
6. 109 13
6. 110 18
6. 111 7
6. 112 7
6. 113 19
6. 114 6
6. 115 20
6. 116 24
6. 117 11
6. 118 14
6. 119 12
6. 120 21
6. 121 10
6. 122 10
6. 123 14
6. 124 8
6. 125 5
6. 126 21
6. 127 6
6. 128 20
6. 129 5
6. 130 23
6. 131 20
6. 132 21
6. 133 7
6. 134 12
6. 135 20
6. 136 22
6. 137 12
6. 138 7
6. 139 16
6. 140 13
6. 141 14
6. 142 7
6. 143 25
6. 144 5
6. 145 19
6. 146 17
6. 147 12
6. 148 10
6. 149 13
6. 150 16
6. 151 11
6. 152 17
6. 153 25
6. 154 15
6. 155 13
6. 156 13
6. 157 25
6. 158 8
6. 159 15
6. 160 20
6. 161 11
6. 162 21
6. 163 18
6. 164 18
6. 165 22
6. 166 15
6. 167 7
6. 168 13
6. 169 15
6. 170 21
6. 171 14
6. 172 16
6. 173 10
6. 174 17
6. 175 17
6. 176 22
6. 177 11
6. 178 14
6. 179 12
6. 180 7
6. 181 25
6. 182 18
6. 183 16
6. 184 25
6. 185 20
6. 186 14
6. 187 16
6. 188 15
6. 189 16
6. 190 24
6. 191 14
6. 192 21
6. 193 6
6. 194 11
6. 195 14
6. 196 12
6. 197 9
6. 198 19
6. 199 24
7. 0 17
7. 1 22
7. 2 12
7. 3 22
7. 4 14
7. 5 6
7. 6 17
7. 7 8
7. 8 24
7. 9 18
7. 10 10
7. 11 9
7. 12 18
7. 13 17
7. 14 9
7. 15 21
7. 16 20
7. 17 25
7. 18 8
7. 19 20
7. 20 14
7. 21 13
7. 22 15
7. 23 24
7. 24 25
7. 25 18
7. 26 19
7. 27 8
7. 28 14
7. 29 20
7. 30 21
7. 31 10
7. 32 13
7. 33 14
7. 34 22
7. 35 19
7. 36 23
7. 37 25
7. 38 9
7. 39 17
7. 40 7
7. 41 10
7. 42 22
7. 43 18
7. 44 20
7. 45 19
7. 46 14
7. 47 13
7. 48 9
7. 49 14
7. 50 21
7. 51 6
7. 52 23
7. 53 8
7. 54 18
7. 55 19
7. 56 20
7. 57 23
7. 58 9
7. 59 5
7. 60 10
7. 61 23
7. 62 7
7. 63 22
7. 64 9
7. 65 24
7. 66 14
7. 67 7
7. 68 16
7. 69 5
7. 70 7
7. 71 12
7. 72 15
7. 73 9
7. 74 25
7. 75 14
7. 76 6
7. 77 21
7. 78 25
7. 79 18
7. 80 24
7. 81 15
7. 82 16
7. 83 22
7. 84 13
7. 85 12
7. 86 23
7. 87 7
7. 88 23
7. 89 5
7. 90 10
7. 91 18
7. 92 23
7. 93 6
7. 94 20
7. 95 9
7. 96 22
7. 97 10
7. 98 15
7. 99 19
7. 100 24
7. 101 12
7. 102 16
7. 103 22
7. 104 16
7. 105 5
7. 106 18
7. 107 22
7. 108 12
7. 109 11
7. 110 7
7. 111 9
7. 112 21
7. 113 22
7. 114 21
7. 115 17
7. 116 16
7. 117 17
7. 118 11
7. 119 13
7. 120 16
7. 121 22
7. 122 12
7. 123 18
7. 124 14
7. 125 21
7. 126 9
7. 127 15
7. 128 12
7. 129 25
7. 130 12
7. 131 24
7. 132 12
7. 133 23
7. 134 13
7. 135 25
7. 136 5
7. 137 20
7. 138 23
7. 139 5
7. 140 24
7. 141 17
7. 142 21
7. 143 21
7. 144 6
7. 145 20
7. 146 25
7. 147 7
7. 148 14
7. 149 11
7. 150 15
7. 151 14
7. 152 9
7. 153 16
7. 154 6
7. 155 25
7. 156 19
7. 157 11
7. 158 20
7. 159 20
7. 160 7
7. 161 6
7. 162 16
7. 163 20
7. 164 6
7. 165 19
7. 166 7
7. 167 17
7. 168 6
7. 169 19
7. 170 21
7. 171 17
7. 172 7
7. 173 5
7. 174 14
7. 175 18
7. 176 13
7. 177 23
7. 178 17
7. 179 12
7. 180 11
7. 181 25
7. 182 22
7. 183 21
7. 184 18
7. 185 23
7. 186 5
7. 187 22
7. 188 13
7. 189 6
7. 190 7
7. 191 15
7. 192 5
7. 193 23
7. 194 17
7. 195 10
7. 196 7
7. 197 20
7. 198 21
7. 199 6
8. 0 10
8. 1 24
8. 2 17
8. 3 12
8. 4 6
8. 5 24
8. 6 8
8. 7 20
8. 8 19
8. 9 14
8. 10 10
8. 11 15
8. 12 6
8. 13 7
8. 14 6
8. 15 20
8. 16 5
8. 17 24
8. 18 6
8. 19 16
8. 20 7
8. 21 11
8. 22 19
8. 23 8
8. 24 7
8. 25 13
8. 26 8
8. 27 19
8. 28 12
8. 29 23
8. 30 5
8. 31 17
8. 32 11
8. 33 22
8. 34 17
8. 35 9
8. 36 19
8. 37 18
8. 38 18
8. 39 22
8. 40 10
8. 41 6
8. 42 21
8. 43 24
8. 44 15
8. 45 7
8. 46 19
8. 47 13
8. 48 24
8. 49 13
8. 50 5
8. 51 19
8. 52 9
8. 53 11
8. 54 13
8. 55 22
8. 56 23
8. 57 5
8. 58 6
8. 59 18
8. 60 16
8. 61 7
8. 62 6
8. 63 6
8. 64 15
8. 65 8
8. 66 10
8. 67 14
8. 68 22
8. 69 12
8. 70 7
8. 71 12
8. 72 20
8. 73 23
8. 74 22
8. 75 12
8. 76 12
8. 77 11
8. 78 19
8. 79 14
8. 80 6
8. 81 11
8. 82 22
8. 83 7
8. 84 23
8. 85 13
8. 86 23
8. 87 12
8. 88 7
8. 89 15
8. 90 6
8. 91 21
8. 92 8
8. 93 9
8. 94 21
8. 95 7
8. 96 10
8. 97 13
8. 98 6
8. 99 13
8. 100 8
8. 101 13
8. 102 14
8. 103 15
8. 104 7
8. 105 13
8. 106 13
8. 107 16
8. 108 5
8. 109 7
8. 110 21
8. 111 12
8. 112 20
8. 113 11
8. 114 17
8. 115 22
8. 116 11
8. 117 20
8. 118 10
8. 119 8
8. 120 5
8. 121 8
8. 122 9
8. 123 7
8. 124 20
8. 125 7
8. 126 17
8. 127 5
8. 128 16
8. 129 10
8. 130 17
8. 131 20
8. 132 8
8. 133 24
8. 134 6
8. 135 7
8. 136 20
8. 137 20
8. 138 14
8. 139 17
8. 140 22
8. 141 22
8. 142 7
8. 143 12
8. 144 14
8. 145 13
8. 146 12
8. 147 6
8. 148 11
8. 149 15
8. 150 10
8. 151 16
8. 152 6
8. 153 22
8. 154 15
8. 155 21
8. 156 15
8. 157 16
8. 158 15
8. 159 23
8. 160 15
8. 161 5
8. 162 16
8. 163 11
8. 164 9
8. 165 6
8. 166 6
8. 167 22
8. 168 9
8. 169 13
8. 170 6
8. 171 22
8. 172 6
8. 173 20
8. 174 16
8. 175 11
8. 176 7
8. 177 6
8. 178 14
8. 179 11
8. 180 20
8. 181 24
8. 182 9
8. 183 14
8. 184 5
8. 185 20
8. 186 6
8. 187 9
8. 188 15
8. 189 11
8. 190 7
8. 191 14
8. 192 19
8. 193 13
8. 194 19
8. 195 9
8. 196 14
8. 197 6
8. 198 6
8. 199 24
9. 0 16
9. 1 11
9. 2 14
9. 3 18
9. 4 18
9. 5 7
9. 6 15
9. 7 23
9. 8 23
9. 9 12
9. 10 8
9. 11 10
9. 12 7
9. 13 6
9. 14 7
9. 15 17
9. 16 9
9. 17 17
9. 18 8
9. 19 25
9. 20 20
9. 21 7
9. 22 19
9. 23 8
9. 24 25
9. 25 19
9. 26 23
9. 27 20
9. 28 24
9. 29 24
9. 30 11
9. 31 15
9. 32 9
9. 33 25
9. 34 22
9. 35 23
9. 36 15
9. 37 8
9. 38 24
9. 39 13
9. 40 12
9. 41 17
9. 42 25
9. 43 21
9. 44 25
9. 45 5
9. 46 14
9. 47 11
9. 48 5
9. 49 17
9. 50 6
9. 51 24
9. 52 24
9. 53 21
9. 54 25
9. 55 10
9. 56 19
9. 57 15
9. 58 8
9. 59 12
9. 60 15
9. 61 22
9. 62 17
9. 63 9
9. 64 21
9. 65 10
9. 66 18
9. 67 13
9. 68 12
9. 69 7
9. 70 14
9. 71 24
9. 72 14
9. 73 21
9. 74 11
9. 75 5
9. 76 16
9. 77 23
9. 78 13
9. 79 21
9. 80 14
9. 81 12
9. 82 9
9. 83 8
9. 84 22
9. 85 23
9. 86 13
9. 87 19
9. 88 11
9. 89 25
9. 90 16
9. 91 22
9. 92 24
9. 93 20
9. 94 13
9. 95 19
9. 96 12
9. 97 17
9. 98 11
9. 99 14
9. 100 19
9. 101 6
9. 102 11
9. 103 9
9. 104 14
9. 105 11
9. 106 22
9. 107 10
9. 108 5
9. 109 19
9. 110 17
9. 111 21
9. 112 17
9. 113 5
9. 114 7
9. 115 23
9. 116 21
9. 117 6
9. 118 24
9. 119 6
9. 120 22
9. 121 20
9. 122 9
9. 123 7
9. 124 21
9. 125 20
9. 126 18
9. 127 25
9. 128 11
9. 129 22
9. 130 14
9. 131 11
9. 132 25
9. 133 10
9. 134 10
9. 135 21
9. 136 23
9. 137 24
9. 138 10
9. 139 8
9. 140 12
9. 141 13
9. 142 12
9. 143 24
9. 144 7
9. 145 10
9. 146 13
9. 147 17
9. 148 9
9. 149 5
9. 150 8
9. 151 20
9. 152 16
9. 153 24
9. 154 14
9. 155 12
9. 156 13
9. 157 21
9. 158 5
9. 159 6
9. 160 13
9. 161 11
9. 162 17
9. 163 17
9. 164 13
9. 165 20
9. 166 18
9. 167 23
9. 168 20
9. 169 6
9. 170 13
9. 171 13
9. 172 13
9. 173 6
9. 174 19
9. 175 14
9. 176 22
9. 177 5
9. 178 20
9. 179 5
9. 180 10
9. 181 12
9. 182 11
9. 183 21
9. 184 25
9. 185 5
9. 186 15
9. 187 24
9. 188 7
9. 189 21
9. 190 19
9. 191 17
9. 192 19
9. 193 22
9. 194 17
9. 195 8
9. 196 6
9. 197 16
9. 198 15
9. 199 13
10. 0 11
10. 1 14
10. 2 7
10. 3 6
10. 4 22
10. 5 16
10. 6 25
10. 7 12
10. 8 6
10. 9 22
10. 10 24
10. 11 6
10. 12 23
10. 13 15
10. 14 6
10. 15 5
10. 16 7
10. 17 6
10. 18 23
10. 19 15
10. 20 25
10. 21 20
10. 22 14
10. 23 23
10. 24 16
10. 25 17
10. 26 10
10. 27 6
10. 28 24
10. 29 21
10. 30 13
10. 31 5
10. 32 9
10. 33 12
10. 34 12
10. 35 11
10. 36 8
10. 37 20
10. 38 12
10. 39 12
10. 40 12
10. 41 21
10. 42 22
10. 43 23
10. 44 5
10. 45 6
10. 46 23
10. 47 24
10. 48 11
10. 49 17
10. 50 7
10. 51 22
10. 52 24
10. 53 16
10. 54 20
10. 55 5
10. 56 21
10. 57 13
10. 58 15
10. 59 15
10. 60 21
10. 61 13
10. 62 14
10. 63 7
10. 64 13
10. 65 15
10. 66 11
10. 67 16
10. 68 20
10. 69 17
10. 70 16
10. 71 23
10. 72 18
10. 73 11
10. 74 14
10. 75 22
10. 76 10
10. 77 17
10. 78 19
10. 79 21
10. 80 8
10. 81 15
10. 82 22
10. 83 25
10. 84 20
10. 85 25
10. 86 14
10. 87 21
10. 88 16
10. 89 13
10. 90 13
10. 91 24
10. 92 8
10. 93 13
10. 94 14
10. 95 21
10. 96 10
10. 97 6
10. 98 5
10. 99 15
10. 100 21
10. 101 24
10. 102 21
10. 103 6
10. 104 10
10. 105 11
10. 106 23
10. 107 15
10. 108 9
10. 109 13
10. 110 5
10. 111 15
10. 112 19
10. 113 9
10. 114 20
10. 115 9
10. 116 5
10. 117 24
10. 118 9
10. 119 19
10. 120 9
10. 121 11
10. 122 25
10. 123 7
10. 124 17
10. 125 21
10. 126 19
10. 127 22
10. 128 12
10. 129 21
10. 130 23
10. 131 25
10. 132 11
10. 133 16
10. 134 25
10. 135 21
10. 136 20
10. 137 8
10. 138 11
10. 139 20
10. 140 10
10. 141 6
10. 142 5
10. 143 21
10. 144 9
10. 145 19
10. 146 19
10. 147 5
10. 148 11
10. 149 9
10. 150 9
10. 151 24
10. 152 17
10. 153 9
10. 154 16
10. 155 23
10. 156 13
10. 157 12
10. 158 9
10. 159 20
10. 160 20
10. 161 19
10. 162 8
10. 163 6
10. 164 9
10. 165 9
10. 166 16
10. 167 18
10. 168 7
10. 169 22
10. 170 23
10. 171 14
10. 172 18
10. 173 24
10. 174 15
10. 175 5
10. 176 12
10. 177 9
10. 178 16
10. 179 7
10. 180 23
10. 181 16
10. 182 9
10. 183 15
10. 184 22
10. 185 20
10. 186 12
10. 187 14
10. 188 18
10. 189 7
10. 190 15
10. 191 23
10. 192 21
10. 193 13
10. 194 13
10. 195 8
10. 196 10
10. 197 19
10. 198 17
10. 199 24
11. 0 18
11. 1 18
11. 2 6
11. 3 25
11. 4 13
11. 5 11
11. 6 19
11. 7 11
11. 8 10
11. 9 19
11. 10 11
11. 11 12
11. 12 22
11. 13 19
11. 14 16
11. 15 6
11. 16 13
11. 17 5
11. 18 22
11. 19 6
11. 20 13
11. 21 22
11. 22 18
11. 23 6
11. 24 7
11. 25 5
11. 26 6
11. 27 19
11. 28 5
11. 29 20
11. 30 20
11. 31 18
11. 32 5
11. 33 11
11. 34 10
11. 35 19
11. 36 13
11. 37 18
11. 38 16
11. 39 14
11. 40 8
11. 41 13
11. 42 7
11. 43 24
11. 44 11
11. 45 12
11. 46 8
11. 47 24
11. 48 8
11. 49 16
11. 50 14
11. 51 13
11. 52 15
11. 53 12
11. 54 14
11. 55 7
11. 56 22
11. 57 6
11. 58 22
11. 59 14
11. 60 23
11. 61 5
11. 62 10
11. 63 16
11. 64 10
11. 65 9
11. 66 5
11. 67 12
11. 68 15
11. 69 8
11. 70 19
11. 71 6
11. 72 22
11. 73 7
11. 74 7
11. 75 8
11. 76 5
11. 77 8
11. 78 17
11. 79 11
11. 80 9
11. 81 11
11. 82 22
11. 83 9
11. 84 16
11. 85 15
11. 86 9
11. 87 13
11. 88 11
11. 89 16
11. 90 14
11. 91 13
11. 92 8
11. 93 8
11. 94 5
11. 95 7
11. 96 18
11. 97 6
11. 98 25
11. 99 22
11. 100 10
11. 101 8
11. 102 6
11. 103 12
11. 104 11
11. 105 6
11. 106 17
11. 107 19
11. 108 19
11. 109 23
11. 110 6
11. 111 24
11. 112 8
11. 113 22
11. 114 17
11. 115 13
11. 116 8
11. 117 5
11. 118 21
11. 119 25
11. 120 9
11. 121 25
11. 122 20
11. 123 20
11. 124 25
11. 125 22
11. 126 13
11. 127 16
11. 128 23
11. 129 6
11. 130 23
11. 131 9
11. 132 7
11. 133 24
11. 134 16
11. 135 11
11. 136 5
11. 137 25
11. 138 25
11. 139 9
11. 140 23
11. 141 25
11. 142 9
11. 143 13
11. 144 21
11. 145 6
11. 146 17
11. 147 12
11. 148 18
11. 149 17
11. 150 20
11. 151 21
11. 152 19
11. 153 9
11. 154 18
11. 155 21
11. 156 9
11. 157 17
11. 158 14
11. 159 18
11. 160 5
11. 161 24
11. 162 15
11. 163 22
11. 164 12
11. 165 17
11. 166 12
11. 167 18
11. 168 18
11. 169 5
11. 170 19
11. 171 22
11. 172 24
11. 173 7
11. 174 13
11. 175 24
11. 176 11
11. 177 13
11. 178 18
11. 179 12
11. 180 10
11. 181 25
11. 182 8
11. 183 12
11. 184 7
11. 185 20
11. 186 7
11. 187 10
11. 188 20
11. 189 6
11. 190 22
11. 191 7
11. 192 13
11. 193 21
11. 194 22
11. 195 10
11. 196 7
11. 197 13
11. 198 13
11. 199 20
12. 0 11
12. 1 21
12. 2 11
12. 3 19
12. 4 7
12. 5 22
12. 6 16
12. 7 15
12. 8 11
12. 9 20
12. 10 21
12. 11 8
12. 12 5
12. 13 21
12. 14 21
12. 15 24
12. 16 9
12. 17 13
12. 18 12
12. 19 25
12. 20 7
12. 21 20
12. 22 19
12. 23 11
12. 24 21
12. 25 10
12. 26 21
12. 27 10
12. 28 13
12. 29 14
12. 30 8
12. 31 22
12. 32 14
12. 33 15
12. 34 16
12. 35 11
12. 36 14
12. 37 18
12. 38 8
12. 39 22
12. 40 18
12. 41 14
12. 42 25
12. 43 18
12. 44 22
12. 45 20
12. 46 21
12. 47 15
12. 48 7
12. 49 16
12. 50 16
12. 51 25
12. 52 24
12. 53 6
12. 54 24
12. 55 8
12. 56 8
12. 57 15
12. 58 16
12. 59 21
12. 60 5
12. 61 24
12. 62 20
12. 63 20
12. 64 21
12. 65 18
12. 66 5
12. 67 11
12. 68 22
12. 69 5
12. 70 12
12. 71 11
12. 72 15
12. 73 12
12. 74 13
12. 75 23
12. 76 14
12. 77 11
12. 78 8
12. 79 23
12. 80 10
12. 81 5
12. 82 24
12. 83 16
12. 84 13
12. 85 18
12. 86 23
12. 87 17
12. 88 25
12. 89 25
12. 90 10
12. 91 7
12. 92 17
12. 93 23
12. 94 21
12. 95 25
12. 96 15
12. 97 11
12. 98 20
12. 99 17
12. 100 6
12. 101 13
12. 102 23
12. 103 6
12. 104 16
12. 105 21
12. 106 11
12. 107 9
12. 108 14
12. 109 9
12. 110 11
12. 111 13
12. 112 13
12. 113 7
12. 114 25
12. 115 8
12. 116 22
12. 117 22
12. 118 16
12. 119 5
12. 120 25
12. 121 21
12. 122 10
12. 123 17
12. 124 19
12. 125 12
12. 126 18
12. 127 23
12. 128 25
12. 129 5
12. 130 16
12. 131 11
12. 132 19
12. 133 10
12. 134 24
12. 135 25
12. 136 17
12. 137 13
12. 138 6
12. 139 7
12. 140 10
12. 141 23
12. 142 11
12. 143 11
12. 144 20
12. 145 16
12. 146 7
12. 147 16
12. 148 7
12. 149 5
12. 150 16
12. 151 18
12. 152 10
12. 153 12
12. 154 24
12. 155 24
12. 156 18
12. 157 13
12. 158 6
12. 159 15
12. 160 6
12. 161 21
12. 162 14
12. 163 19
12. 164 8
12. 165 25
12. 166 15
12. 167 17
12. 168 5
12. 169 16
12. 170 6
12. 171 13
12. 172 9
12. 173 22
12. 174 23
12. 175 13
12. 176 19
12. 177 16
12. 178 24
12. 179 18
12. 180 8
12. 181 17
12. 182 6
12. 183 13
12. 184 10
12. 185 20
12. 186 20
12. 187 24
12. 188 18
12. 189 5
12. 190 18
12. 191 16
12. 192 23
12. 193 6
12. 194 19
12. 195 12
12. 196 21
12. 197 23
12. 198 25
12. 199 9
13. 0 12
13. 1 22
13. 2 23
13. 3 25
13. 4 11
13. 5 17
13. 6 10
13. 7 11
13. 8 6
13. 9 22
13. 10 7
13. 11 17
13. 12 19
13. 13 24
13. 14 22
13. 15 24
13. 16 20
13. 17 12
13. 18 10
13. 19 20
13. 20 19
13. 21 7
13. 22 11
13. 23 15
13. 24 25
13. 25 20
13. 26 12
13. 27 5
13. 28 18
13. 29 11
13. 30 15
13. 31 22
13. 32 16
13. 33 15
13. 34 6
13. 35 7
13. 36 18
13. 37 18
13. 38 10
13. 39 12
13. 40 6
13. 41 17
13. 42 14
13. 43 22
13. 44 9
13. 45 12
13. 46 11
13. 47 18
13. 48 22
13. 49 5
13. 50 7
13. 51 18
13. 52 20
13. 53 19
13. 54 21
13. 55 14
13. 56 6
13. 57 9
13. 58 23
13. 59 19
13. 60 21
13. 61 16
13. 62 20
13. 63 9
13. 64 24
13. 65 7
13. 66 12
13. 67 9
13. 68 24
13. 69 11
13. 70 11
13. 71 16
13. 72 8
13. 73 12
13. 74 22
13. 75 22
13. 76 8
13. 77 7
13. 78 13
13. 79 17
13. 80 25
13. 81 9
13. 82 8
13. 83 7
13. 84 15
13. 85 17
13. 86 11
13. 87 12
13. 88 14
13. 89 13
13. 90 17
13. 91 17
13. 92 24
13. 93 24
13. 94 24
13. 95 21
13. 96 7
13. 97 23
13. 98 17
13. 99 22
13. 100 22
13. 101 25
13. 102 16
13. 103 18
13. 104 10
13. 105 11
13. 106 7
13. 107 15
13. 108 20
13. 109 14
13. 110 20
13. 111 17
13. 112 5
13. 113 20
13. 114 8
13. 115 24
13. 116 15
13. 117 20
13. 118 19
13. 119 22
13. 120 17
13. 121 17
13. 122 5
13. 123 6
13. 124 21
13. 125 18
13. 126 24
13. 127 19
13. 128 7
13. 129 10
13. 130 19
13. 131 23
13. 132 22
13. 133 6
13. 134 15
13. 135 7
13. 136 15
13. 137 5
13. 138 13
13. 139 21
13. 140 5
13. 141 18
13. 142 12
13. 143 8
13. 144 6
13. 145 23
13. 146 7
13. 147 5
13. 148 9
13. 149 24
13. 150 12
13. 151 8
13. 152 12
13. 153 17
13. 154 21
13. 155 22
13. 156 22
13. 157 23
13. 158 9
13. 159 21
13. 160 9
13. 161 13
13. 162 17
13. 163 13
13. 164 12
13. 165 23
13. 166 14
13. 167 7
13. 168 13
13. 169 14
13. 170 22
13. 171 5
13. 172 25
13. 173 22
13. 174 7
13. 175 16
13. 176 19
13. 177 13
13. 178 5
13. 179 17
13. 180 22
13. 181 25
13. 182 11
13. 183 13
13. 184 24
13. 185 19
13. 186 16
13. 187 19
13. 188 13
13. 189 22
13. 190 21
13. 191 20
13. 192 6
13. 193 21
13. 194 13
13. 195 19
13. 196 14
13. 197 19
13. 198 8
13. 199 18
14. 0 23
14. 1 9
14. 2 19
14. 3 17
14. 4 11
14. 5 8
14. 6 11
14. 7 20
14. 8 18
14. 9 18
14. 10 6
14. 11 5
14. 12 15
14. 13 19
14. 14 9
14. 15 12
14. 16 24
14. 17 18
14. 18 7
14. 19 20
14. 20 20
14. 21 19
14. 22 12
14. 23 22
14. 24 20
14. 25 12
14. 26 10
14. 27 10
14. 28 10
14. 29 21
14. 30 7
14. 31 9
14. 32 7
14. 33 8
14. 34 9
14. 35 9
14. 36 19
14. 37 21
14. 38 23
14. 39 11
14. 40 8
14. 41 10
14. 42 14
14. 43 25
14. 44 8
14. 45 20
14. 46 10
14. 47 15
14. 48 8
14. 49 17
14. 50 11
14. 51 9
14. 52 22
14. 53 14
14. 54 7
14. 55 7
14. 56 16
14. 57 17
14. 58 16
14. 59 21
14. 60 16
14. 61 11
14. 62 11
14. 63 9
14. 64 21
14. 65 23
14. 66 24
14. 67 21
14. 68 16
14. 69 22
14. 70 12
14. 71 21
14. 72 21
14. 73 13
14. 74 15
14. 75 8
14. 76 18
14. 77 24
14. 78 10
14. 79 25
14. 80 25
14. 81 10
14. 82 8
14. 83 20
14. 84 16
14. 85 11
14. 86 23
14. 87 12
14. 88 10
14. 89 13
14. 90 16
14. 91 10
14. 92 7
14. 93 17
14. 94 11
14. 95 20
14. 96 18
14. 97 8
14. 98 10
14. 99 14
14. 100 8
14. 101 11
14. 102 22
14. 103 9
14. 104 12
14. 105 21
14. 106 18
14. 107 20
14. 108 15
14. 109 23
14. 110 18
14. 111 21
14. 112 22
14. 113 22
14. 114 20
14. 115 24
14. 116 18
14. 117 9
14. 118 7
14. 119 5
14. 120 22
14. 121 9
14. 122 20
14. 123 22
14. 124 14
14. 125 19
14. 126 11
14. 127 16
14. 128 6
14. 129 13
14. 130 23
14. 131 16
14. 132 19
14. 133 10
14. 134 6
14. 135 14
14. 136 6
14. 137 15
14. 138 12
14. 139 24
14. 140 10
14. 141 9
14. 142 11
14. 143 15
14. 144 21
14. 145 22
14. 146 7
14. 147 22
14. 148 18
14. 149 10
14. 150 21
14. 151 10
14. 152 19
14. 153 22
14. 154 20
14. 155 22
14. 156 5
14. 157 21
14. 158 6
14. 159 7
14. 160 17
14. 161 16
14. 162 14
14. 163 16
14. 164 6
14. 165 20
14. 166 13
14. 167 5
14. 168 16
14. 169 8
14. 170 11
14. 171 10
14. 172 9
14. 173 18
14. 174 23
14. 175 16
14. 176 25
14. 177 13
14. 178 19
14. 179 16
14. 180 25
14. 181 14
14. 182 16
14. 183 6
14. 184 16
14. 185 17
14. 186 6
14. 187 24
14. 188 5
14. 189 25
14. 190 6
14. 191 19
14. 192 9
14. 193 21
14. 194 22
14. 195 12
14. 196 9
14. 197 18
14. 198 19
14. 199 10
15. 0 18
15. 1 22
15. 2 7
15. 3 13
15. 4 16
15. 5 19
15. 6 17
15. 7 24
15. 8 7
15. 9 7
15. 10 18
15. 11 14
15. 12 24
15. 13 18
15. 14 16
15. 15 5
15. 16 15
15. 17 11
15. 18 18
15. 19 24
15. 20 15
15. 21 11
15. 22 9
15. 23 8
15. 24 8
15. 25 25
15. 26 23
15. 27 23
15. 28 21
15. 29 24
15. 30 13
15. 31 7
15. 32 18
15. 33 5
15. 34 18
15. 35 10
15. 36 11
15. 37 24
15. 38 7
15. 39 15
15. 40 7
15. 41 25
15. 42 16
15. 43 9
15. 44 15
15. 45 22
15. 46 17
15. 47 15
15. 48 25
15. 49 10
15. 50 8
15. 51 21
15. 52 15
15. 53 23
15. 54 7
15. 55 10
15. 56 7
15. 57 13
15. 58 16
15. 59 13
15. 60 9
15. 61 16
15. 62 19
15. 63 11
15. 64 7
15. 65 20
15. 66 19
15. 67 6
15. 68 10
15. 69 23
15. 70 24
15. 71 20
15. 72 10
15. 73 13
15. 74 23
15. 75 18
15. 76 20
15. 77 23
15. 78 6
15. 79 16
15. 80 20
15. 81 8
15. 82 17
15. 83 23
15. 84 19
15. 85 18
15. 86 23
15. 87 11
15. 88 25
15. 89 19
15. 90 25
15. 91 11
15. 92 25
15. 93 11
15. 94 9
15. 95 9
15. 96 25
15. 97 13
15. 98 12
15. 99 6
15. 100 8
15. 101 5
15. 102 24
15. 103 24
15. 104 10
15. 105 14
15. 106 10
15. 107 20
15. 108 12
15. 109 19
15. 110 5
15. 111 25
15. 112 22
15. 113 8
15. 114 5
15. 115 16
15. 116 20
15. 117 17
15. 118 10
15. 119 13
15. 120 7
15. 121 8
15. 122 12
15. 123 9
15. 124 8
15. 125 7
15. 126 11
15. 127 6
15. 128 15
15. 129 5
15. 130 18
15. 131 25
15. 132 16
15. 133 22
15. 134 18
15. 135 25
15. 136 6
15. 137 15
15. 138 14
15. 139 21
15. 140 25
15. 141 5
15. 142 25
15. 143 11
15. 144 21
15. 145 5
15. 146 15
15. 147 17
15. 148 7
15. 149 20
15. 150 19
15. 151 13
15. 152 9
15. 153 12
15. 154 23
15. 155 6
15. 156 23
15. 157 21
15. 158 20
15. 159 20
15. 160 12
15. 161 24
15. 162 19
15. 163 14
15. 164 21
15. 165 21
15. 166 10
15. 167 17
15. 168 25
15. 169 14
15. 170 9
15. 171 10
15. 172 6
15. 173 20
15. 174 7
15. 175 19
15. 176 12
15. 177 22
15. 178 10
15. 179 23
15. 180 6
15. 181 23
15. 182 5
15. 183 20
15. 184 10
15. 185 14
15. 186 24
15. 187 24
15. 188 5
15. 189 6
15. 190 6
15. 191 20
15. 192 15
15. 193 6
15. 194 21
15. 195 17
15. 196 6
15. 197 8
15. 198 16
15. 199 7
16. 0 20
16. 1 19
16. 2 15
16. 3 23
16. 4 5
16. 5 17
16. 6 9
16. 7 8
16. 8 19
16. 9 9
16. 10 18
16. 11 16
16. 12 21
16. 13 25
16. 14 22
16. 15 21
16. 16 16
16. 17 6
16. 18 25
16. 19 7
16. 20 12
16. 21 19
16. 22 11
16. 23 12
16. 24 9
16. 25 21
16. 26 11
16. 27 18
16. 28 16
16. 29 15
16. 30 21
16. 31 19
16. 32 12
16. 33 5
16. 34 11
16. 35 16
16. 36 23
16. 37 10
16. 38 17
16. 39 12
16. 40 9
16. 41 9
16. 42 25
16. 43 24
16. 44 11
16. 45 23
16. 46 10
16. 47 14
16. 48 22
16. 49 10
16. 50 17
16. 51 7
16. 52 12
16. 53 14
16. 54 7
16. 55 20
16. 56 7
16. 57 21
16. 58 19
16. 59 6
16. 60 6
16. 61 25
16. 62 23
16. 63 7
16. 64 7
16. 65 21
16. 66 19
16. 67 13
16. 68 20
16. 69 16
16. 70 9
16. 71 18
16. 72 23
16. 73 13
16. 74 22
16. 75 17
16. 76 13
16. 77 12
16. 78 6
16. 79 12
16. 80 7
16. 81 17
16. 82 13
16. 83 20
16. 84 16
16. 85 25
16. 86 21
16. 87 16
16. 88 11
16. 89 14
16. 90 14
16. 91 15
16. 92 14
16. 93 5
16. 94 14
16. 95 5
16. 96 22
16. 97 19
16. 98 23
16. 99 22
16. 100 13
16. 101 6
16. 102 18
16. 103 7
16. 104 20
16. 105 21
16. 106 20
16. 107 11
16. 108 20
16. 109 11
16. 110 15
16. 111 5
16. 112 21
16. 113 25
16. 114 7
16. 115 23
16. 116 8
16. 117 24
16. 118 6
16. 119 9
16. 120 5
16. 121 15
16. 122 10
16. 123 22
16. 124 10
16. 125 22
16. 126 16
16. 127 16
16. 128 15
16. 129 5
16. 130 8
16. 131 11
16. 132 16
16. 133 14
16. 134 5
16. 135 17
16. 136 11
16. 137 22
16. 138 14
16. 139 7
16. 140 24
16. 141 12
16. 142 14
16. 143 16
16. 144 17
16. 145 5
16. 146 17
16. 147 20
16. 148 11
16. 149 25
16. 150 15
16. 151 25
16. 152 5
16. 153 7
16. 154 22
16. 155 9
16. 156 24
16. 157 19
16. 158 23
16. 159 21
16. 160 15
16. 161 15
16. 162 24
16. 163 20
16. 164 20
16. 165 12
16. 166 6
16. 167 19
16. 168 16
16. 169 16
16. 170 18
16. 171 9
16. 172 10
16. 173 12
16. 174 16
16. 175 20
16. 176 16
16. 177 16
16. 178 21
16. 179 21
16. 180 24
16. 181 19
16. 182 6
16. 183 19
16. 184 11
16. 185 5
16. 186 5
16. 187 25
16. 188 21
16. 189 20
16. 190 21
16. 191 12
16. 192 17
16. 193 11
16. 194 17
16. 195 6
16. 196 11
16. 197 12
16. 198 7
16. 199 16
17. 0 16
17. 1 10
17. 2 11
17. 3 6
17. 4 24
17. 5 24
17. 6 21
17. 7 7
17. 8 7
17. 9 5
17. 10 18
17. 11 16
17. 12 22
17. 13 18
17. 14 13
17. 15 5
17. 16 10
17. 17 12
17. 18 18
17. 19 18
17. 20 24
17. 21 10
17. 22 7
17. 23 20
17. 24 23
17. 25 5
17. 26 20
17. 27 17
17. 28 15
17. 29 24
17. 30 7
17. 31 9
17. 32 23
17. 33 24
17. 34 11
17. 35 11
17. 36 6
17. 37 20
17. 38 23
17. 39 6
17. 40 6
17. 41 12
17. 42 12
17. 43 24
17. 44 18
17. 45 12
17. 46 20
17. 47 10
17. 48 16
17. 49 21
17. 50 22
17. 51 25
17. 52 12
17. 53 12
17. 54 12
17. 55 6
17. 56 21
17. 57 22
17. 58 6
17. 59 18
17. 60 13
17. 61 19
17. 62 15
17. 63 12
17. 64 15
17. 65 23
17. 66 20
17. 67 22
17. 68 16
17. 69 14
17. 70 8
17. 71 16
17. 72 13
17. 73 22
17. 74 6
17. 75 25
17. 76 23
17. 77 11
17. 78 22
17. 79 15
17. 80 11
17. 81 11
17. 82 17
17. 83 5
17. 84 23
17. 85 8
17. 86 19
17. 87 8
17. 88 5
17. 89 10
17. 90 11
17. 91 5
17. 92 23
17. 93 5
17. 94 14
17. 95 13
17. 96 16
17. 97 25
17. 98 20
17. 99 20
17. 100 7
17. 101 18
17. 102 14
17. 103 10
17. 104 19
17. 105 11
17. 106 6
17. 107 24
17. 108 23
17. 109 25
17. 110 7
17. 111 14
17. 112 23
17. 113 17
17. 114 9
17. 115 24
17. 116 8
17. 117 20
17. 118 19
17. 119 18
17. 120 21
17. 121 13
17. 122 10
17. 123 16
17. 124 19
17. 125 15
17. 126 18
17. 127 15
17. 128 17
17. 129 15
17. 130 16
17. 131 11
17. 132 11
17. 133 24
17. 134 11
17. 135 18
17. 136 17
17. 137 6
17. 138 22
17. 139 11
17. 140 20
17. 141 23
17. 142 17
17. 143 19
17. 144 5
17. 145 17
17. 146 24
17. 147 7
17. 148 19
17. 149 8
17. 150 18
17. 151 22
17. 152 15
17. 153 21
17. 154 25
17. 155 11
17. 156 14
17. 157 14
17. 158 13
17. 159 14
17. 160 18
17. 161 8
17. 162 16
17. 163 7
17. 164 17
17. 165 21
17. 166 19
17. 167 23
17. 168 11
17. 169 23
17. 170 20
17. 171 23
17. 172 16
17. 173 11
17. 174 23
17. 175 12
17. 176 22
17. 177 22
17. 178 7
17. 179 10
17. 180 23
17. 181 14
17. 182 14
17. 183 18
17. 184 24
17. 185 13
17. 186 12
17. 187 18
17. 188 16
17. 189 11
17. 190 16
17. 191 23
17. 192 24
17. 193 10
17. 194 8
17. 195 23
17. 196 10
17. 197 21
17. 198 12
17. 199 22
18. 0 12
18. 1 24
18. 2 14
18. 3 14
18. 4 7
18. 5 20
18. 6 7
18. 7 13
18. 8 21
18. 9 10
18. 10 11
18. 11 10
18. 12 23
18. 13 17
18. 14 16
18. 15 23
18. 16 10
18. 17 18
18. 18 18
18. 19 7
18. 20 12
18. 21 13
18. 22 18
18. 23 6
18. 24 5
18. 25 14
18. 26 22
18. 27 18
18. 28 13
18. 29 13
18. 30 15
18. 31 5
18. 32 14
18. 33 25
18. 34 18
18. 35 11
18. 36 9
18. 37 14
18. 38 7
18. 39 15
18. 40 17
18. 41 12
18. 42 5
18. 43 7
18. 44 20
18. 45 16
18. 46 5
18. 47 5
18. 48 25
18. 49 16
18. 50 25
18. 51 15
18. 52 24
18. 53 7
18. 54 19
18. 55 25
18. 56 23
18. 57 24
18. 58 11
18. 59 15
18. 60 5
18. 61 5
18. 62 25
18. 63 23
18. 64 21
18. 65 6
18. 66 5
18. 67 20
18. 68 11
18. 69 21
18. 70 9
18. 71 5
18. 72 13
18. 73 24
18. 74 24
18. 75 8
18. 76 12
18. 77 10
18. 78 15
18. 79 8
18. 80 24
18. 81 13
18. 82 19
18. 83 20
18. 84 10
18. 85 19
18. 86 14
18. 87 13
18. 88 22
18. 89 12
18. 90 9
18. 91 24
18. 92 23
18. 93 7
18. 94 11
18. 95 13
18. 96 23
18. 97 25
18. 98 15
18. 99 13
18. 100 23
18. 101 5
18. 102 14
18. 103 25
18. 104 19
18. 105 15
18. 106 22
18. 107 25
18. 108 13
18. 109 18
18. 110 9
18. 111 10
18. 112 9
18. 113 7
18. 114 9
18. 115 5
18. 116 7
18. 117 14
18. 118 6
18. 119 19
18. 120 14
18. 121 21
18. 122 12
18. 123 16
18. 124 18
18. 125 6
18. 126 13
18. 127 11
18. 128 18
18. 129 19
18. 130 5
18. 131 5
18. 132 6
18. 133 13
18. 134 11
18. 135 10
18. 136 9
18. 137 21
18. 138 16
18. 139 8
18. 140 16
18. 141 16
18. 142 25
18. 143 23
18. 144 14
18. 145 5
18. 146 6
18. 147 21
18. 148 10
18. 149 17
18. 150 16
18. 151 7
18. 152 21
18. 153 22
18. 154 19
18. 155 9
18. 156 21
18. 157 9
18. 158 5
18. 159 6
18. 160 8
18. 161 22
18. 162 18
18. 163 19
18. 164 5
18. 165 8
18. 166 25
18. 167 12
18. 168 9
18. 169 7
18. 170 6
18. 171 22
18. 172 7
18. 173 21
18. 174 10
18. 175 12
18. 176 14
18. 177 24
18. 178 21
18. 179 19
18. 180 6
18. 181 11
18. 182 9
18. 183 15
18. 184 8
18. 185 15
18. 186 9
18. 187 24
18. 188 18
18. 189 22
18. 190 11
18. 191 23
18. 192 5
18. 193 13
18. 194 15
18. 195 17
18. 196 18
18. 197 14
18. 198 9
18. 199 14
19. 0 8
19. 1 11
19. 2 12
19. 3 5
19. 4 13
19. 5 9
19. 6 6
19. 7 21
19. 8 14
19. 9 7
19. 10 7
19. 11 17
19. 12 25
19. 13 22
19. 14 8
19. 15 14
19. 16 8
19. 17 12
19. 18 24
19. 19 6
19. 20 14
19. 21 11
19. 22 7
19. 23 18
19. 24 6
19. 25 24
19. 26 21
19. 27 10
19. 28 19
19. 29 15
19. 30 12
19. 31 18
19. 32 22
19. 33 17
19. 34 18
19. 35 10
19. 36 15
19. 37 17
19. 38 5
19. 39 23
19. 40 25
19. 41 12
19. 42 22
19. 43 15
19. 44 8
19. 45 10
19. 46 5
19. 47 10
19. 48 23
19. 49 11
19. 50 7
19. 51 6
19. 52 8
19. 53 22
19. 54 22
19. 55 25
19. 56 17
19. 57 13
19. 58 24
19. 59 11
19. 60 21
19. 61 13
19. 62 12
19. 63 14
19. 64 15
19. 65 19
19. 66 6
19. 67 5
19. 68 12
19. 69 18
19. 70 12
19. 71 8
19. 72 24
19. 73 20
19. 74 21
19. 75 21
19. 76 17
19. 77 19
19. 78 6
19. 79 5
19. 80 19
19. 81 23
19. 82 25
19. 83 18
19. 84 19
19. 85 18
19. 86 15
19. 87 10
19. 88 7
19. 89 10
19. 90 10
19. 91 20
19. 92 13
19. 93 9
19. 94 19
19. 95 13
19. 96 18
19. 97 21
19. 98 5
19. 99 10
19. 100 21
19. 101 7
19. 102 21
19. 103 21
19. 104 16
19. 105 6
19. 106 24
19. 107 23
19. 108 9
19. 109 9
19. 110 6
19. 111 15
19. 112 9
19. 113 25
19. 114 24
19. 115 22
19. 116 20
19. 117 25
19. 118 19
19. 119 16
19. 120 16
19. 121 13
19. 122 12
19. 123 16
19. 124 21
19. 125 6
19. 126 16
19. 127 16
19. 128 7
19. 129 16
19. 130 23
19. 131 24
19. 132 13
19. 133 18
19. 134 22
19. 135 19
19. 136 14
19. 137 13
19. 138 13
19. 139 17
19. 140 20
19. 141 24
19. 142 15
19. 143 7
19. 144 15
19. 145 25
19. 146 13
19. 147 19
19. 148 22
19. 149 24
19. 150 17
19. 151 16
19. 152 8
19. 153 8
19. 154 21
19. 155 8
19. 156 6
19. 157 24
19. 158 17
19. 159 20
19. 160 8
19. 161 6
19. 162 9
19. 163 12
19. 164 18
19. 165 23
19. 166 12
19. 167 16
19. 168 15
19. 169 14
19. 170 11
19. 171 22
19. 172 18
19. 173 21
19. 174 11
19. 175 6
19. 176 5
19. 177 20
19. 178 25
19. 179 17
19. 180 13
19. 181 19
19. 182 5
19. 183 23
19. 184 16
19. 185 15
19. 186 11
19. 187 8
19. 188 11
19. 189 22
19. 190 8
19. 191 16
19. 192 12
19. 193 24
19. 194 16
19. 195 5
19. 196 24
19. 197 15
19. 198 6
19. 199 18
/;
parameter b(i)/
0 118
1 120
2 115
3 116
4 118
5 119
6 119
7 123
8 106
9 121
10 120
11 112
12 123
13 122
14 118
15 119
16 120
17 124
18 114
19 119
/;
