set j job /0*399/;
set i machine /0*9/;
parameter c(i,j)/
0. 0 82
0. 1 135
0. 2 999
0. 3 110
0. 4 133
0. 5 35
0. 6 115
0. 7 56
0. 8 326
0. 9 992
0. 10 140
0. 11 193
0. 12 62
0. 13 102
0. 14 57
0. 15 496
0. 16 76
0. 17 245
0. 18 60
0. 19 191
0. 20 115
0. 21 492
0. 22 70
0. 23 116
0. 24 191
0. 25 50
0. 26 992
0. 27 325
0. 28 331
0. 29 244
0. 30 165
0. 31 997
0. 32 191
0. 33 248
0. 34 18
0. 35 82
0. 36 498
0. 37 247
0. 38 996
0. 39 98
0. 40 64
0. 41 496
0. 42 71
0. 43 87
0. 44 93
0. 45 102
0. 46 992
0. 47 995
0. 48 75
0. 49 330
0. 50 139
0. 51 190
0. 52 70
0. 53 242
0. 54 495
0. 55 29
0. 56 37
0. 57 999
0. 58 35
0. 59 194
0. 60 996
0. 61 157
0. 62 13
0. 63 122
0. 64 997
0. 65 70
0. 66 498
0. 67 156
0. 68 92
0. 69 74
0. 70 69
0. 71 68
0. 72 31
0. 73 493
0. 74 102
0. 75 328
0. 76 994
0. 77 118
0. 78 330
0. 79 132
0. 80 196
0. 81 992
0. 82 80
0. 83 331
0. 84 161
0. 85 51
0. 86 56
0. 87 133
0. 88 20
0. 89 65
0. 90 36
0. 91 156
0. 92 61
0. 93 25
0. 94 330
0. 95 50
0. 96 190
0. 97 49
0. 98 245
0. 99 69
0. 100 245
0. 101 995
0. 102 53
0. 103 161
0. 104 194
0. 105 328
0. 106 36
0. 107 109
0. 108 244
0. 109 991
0. 110 243
0. 111 499
0. 112 24
0. 113 75
0. 114 91
0. 115 326
0. 116 325
0. 117 47
0. 118 33
0. 119 136
0. 120 26
0. 121 994
0. 122 199
0. 123 194
0. 124 18
0. 125 42
0. 126 40
0. 127 119
0. 128 249
0. 129 242
0. 130 246
0. 131 56
0. 132 492
0. 133 119
0. 134 190
0. 135 990
0. 136 332
0. 137 156
0. 138 133
0. 139 246
0. 140 331
0. 141 198
0. 142 991
0. 143 107
0. 144 326
0. 145 50
0. 146 79
0. 147 498
0. 148 199
0. 149 18
0. 150 120
0. 151 134
0. 152 72
0. 153 49
0. 154 107
0. 155 159
0. 156 109
0. 157 52
0. 158 28
0. 159 118
0. 160 245
0. 161 78
0. 162 42
0. 163 70
0. 164 136
0. 165 192
0. 166 163
0. 167 325
0. 168 996
0. 169 327
0. 170 993
0. 171 325
0. 172 15
0. 173 105
0. 174 490
0. 175 64
0. 176 196
0. 177 104
0. 178 997
0. 179 39
0. 180 330
0. 181 64
0. 182 83
0. 183 496
0. 184 115
0. 185 190
0. 186 71
0. 187 995
0. 188 11
0. 189 991
0. 190 991
0. 191 53
0. 192 243
0. 193 24
0. 194 97
0. 195 998
0. 196 996
0. 197 332
0. 198 31
0. 199 70
0. 200 31
0. 201 32
0. 202 492
0. 203 249
0. 204 329
0. 205 195
0. 206 156
0. 207 72
0. 208 22
0. 209 22
0. 210 60
0. 211 163
0. 212 31
0. 213 324
0. 214 496
0. 215 198
0. 216 491
0. 217 29
0. 218 44
0. 219 46
0. 220 995
0. 221 58
0. 222 57
0. 223 138
0. 224 78
0. 225 996
0. 226 328
0. 227 135
0. 228 996
0. 229 97
0. 230 47
0. 231 115
0. 232 323
0. 233 102
0. 234 162
0. 235 53
0. 236 34
0. 237 994
0. 238 123
0. 239 46
0. 240 490
0. 241 86
0. 242 992
0. 243 993
0. 244 51
0. 245 328
0. 246 996
0. 247 328
0. 248 58
0. 249 328
0. 250 998
0. 251 117
0. 252 490
0. 253 90
0. 254 26
0. 255 17
0. 256 495
0. 257 246
0. 258 332
0. 259 57
0. 260 331
0. 261 88
0. 262 9
0. 263 43
0. 264 32
0. 265 49
0. 266 157
0. 267 996
0. 268 91
0. 269 66
0. 270 19
0. 271 140
0. 272 199
0. 273 16
0. 274 66
0. 275 492
0. 276 40
0. 277 495
0. 278 993
0. 279 3
0. 280 17
0. 281 52
0. 282 194
0. 283 493
0. 284 28
0. 285 26
0. 286 28
0. 287 51
0. 288 17
0. 289 995
0. 290 998
0. 291 33
0. 292 110
0. 293 331
0. 294 495
0. 295 1000
0. 296 247
0. 297 30
0. 298 93
0. 299 78
0. 300 193
0. 301 492
0. 302 240
0. 303 197
0. 304 101
0. 305 28
0. 306 45
0. 307 243
0. 308 245
0. 309 241
0. 310 41
0. 311 491
0. 312 52
0. 313 39
0. 314 83
0. 315 52
0. 316 119
0. 317 34
0. 318 249
0. 319 47
0. 320 61
0. 321 991
0. 322 997
0. 323 323
0. 324 92
0. 325 69
0. 326 993
0. 327 91
0. 328 990
0. 329 996
0. 330 200
0. 331 191
0. 332 196
0. 333 64
0. 334 27
0. 335 242
0. 336 494
0. 337 247
0. 338 246
0. 339 199
0. 340 48
0. 341 158
0. 342 245
0. 343 332
0. 344 58
0. 345 196
0. 346 50
0. 347 38
0. 348 95
0. 349 240
0. 350 140
0. 351 50
0. 352 76
0. 353 30
0. 354 57
0. 355 22
0. 356 192
0. 357 136
0. 358 245
0. 359 241
0. 360 119
0. 361 45
0. 362 995
0. 363 990
0. 364 108
0. 365 92
0. 366 190
0. 367 247
0. 368 46
0. 369 156
0. 370 28
0. 371 194
0. 372 76
0. 373 492
0. 374 34
0. 375 991
0. 376 75
0. 377 68
0. 378 82
0. 379 38
0. 380 499
0. 381 121
0. 382 53
0. 383 992
0. 384 498
0. 385 28
0. 386 196
0. 387 49
0. 388 491
0. 389 249
0. 390 124
0. 391 994
0. 392 324
0. 393 61
0. 394 39
0. 395 24
0. 396 327
0. 397 99
0. 398 52
0. 399 98
1. 0 17
1. 1 198
1. 2 163
1. 3 195
1. 4 138
1. 5 103
1. 6 248
1. 7 53
1. 8 999
1. 9 241
1. 10 27
1. 11 105
1. 12 89
1. 13 59
1. 14 93
1. 15 75
1. 16 323
1. 17 33
1. 18 995
1. 19 122
1. 20 57
1. 21 56
1. 22 242
1. 23 39
1. 24 249
1. 25 44
1. 26 490
1. 27 247
1. 28 19
1. 29 329
1. 30 104
1. 31 95
1. 32 333
1. 33 28
1. 34 121
1. 35 51
1. 36 331
1. 37 54
1. 38 34
1. 39 120
1. 40 98
1. 41 999
1. 42 191
1. 43 43
1. 44 990
1. 45 30
1. 46 998
1. 47 246
1. 48 240
1. 49 122
1. 50 493
1. 51 990
1. 52 81
1. 53 323
1. 54 990
1. 55 326
1. 56 324
1. 57 16
1. 58 35
1. 59 84
1. 60 29
1. 61 96
1. 62 34
1. 63 37
1. 64 86
1. 65 110
1. 66 44
1. 67 246
1. 68 132
1. 69 248
1. 70 241
1. 71 91
1. 72 104
1. 73 121
1. 74 163
1. 75 55
1. 76 83
1. 77 161
1. 78 196
1. 79 108
1. 80 492
1. 81 499
1. 82 116
1. 83 165
1. 84 196
1. 85 121
1. 86 491
1. 87 161
1. 88 18
1. 89 102
1. 90 199
1. 91 86
1. 92 61
1. 93 79
1. 94 39
1. 95 245
1. 96 38
1. 97 162
1. 98 992
1. 99 164
1. 100 998
1. 101 132
1. 102 83
1. 103 66
1. 104 111
1. 105 993
1. 106 53
1. 107 78
1. 108 242
1. 109 109
1. 110 81
1. 111 196
1. 112 498
1. 113 91
1. 114 192
1. 115 490
1. 116 496
1. 117 164
1. 118 998
1. 119 326
1. 120 29
1. 121 65
1. 122 162
1. 123 330
1. 124 190
1. 125 992
1. 126 97
1. 127 85
1. 128 41
1. 129 198
1. 130 135
1. 131 332
1. 132 134
1. 133 332
1. 134 157
1. 135 105
1. 136 52
1. 137 58
1. 138 14
1. 139 998
1. 140 497
1. 141 332
1. 142 22
1. 143 56
1. 144 42
1. 145 69
1. 146 88
1. 147 83
1. 148 137
1. 149 500
1. 150 38
1. 151 165
1. 152 29
1. 153 138
1. 154 490
1. 155 192
1. 156 327
1. 157 57
1. 158 490
1. 159 325
1. 160 493
1. 161 33
1. 162 81
1. 163 65
1. 164 164
1. 165 324
1. 166 42
1. 167 996
1. 168 56
1. 169 330
1. 170 196
1. 171 157
1. 172 41
1. 173 993
1. 174 248
1. 175 22
1. 176 86
1. 177 47
1. 178 240
1. 179 73
1. 180 141
1. 181 82
1. 182 993
1. 183 499
1. 184 327
1. 185 497
1. 186 193
1. 187 199
1. 188 326
1. 189 8
1. 190 192
1. 191 245
1. 192 157
1. 193 327
1. 194 994
1. 195 191
1. 196 328
1. 197 36
1. 198 495
1. 199 157
1. 200 160
1. 201 40
1. 202 244
1. 203 61
1. 204 92
1. 205 325
1. 206 119
1. 207 164
1. 208 23
1. 209 27
1. 210 999
1. 211 995
1. 212 116
1. 213 48
1. 214 108
1. 215 110
1. 216 138
1. 217 494
1. 218 17
1. 219 78
1. 220 69
1. 221 328
1. 222 493
1. 223 158
1. 224 495
1. 225 331
1. 226 44
1. 227 140
1. 228 163
1. 229 241
1. 230 190
1. 231 42
1. 232 329
1. 233 71
1. 234 491
1. 235 495
1. 236 39
1. 237 67
1. 238 116
1. 239 55
1. 240 41
1. 241 35
1. 242 43
1. 243 17
1. 244 106
1. 245 30
1. 246 93
1. 247 498
1. 248 37
1. 249 328
1. 250 69
1. 251 27
1. 252 158
1. 253 40
1. 254 135
1. 255 245
1. 256 29
1. 257 122
1. 258 159
1. 259 55
1. 260 323
1. 261 996
1. 262 103
1. 263 998
1. 264 993
1. 265 83
1. 266 993
1. 267 97
1. 268 88
1. 269 241
1. 270 491
1. 271 48
1. 272 55
1. 273 8
1. 274 193
1. 275 98
1. 276 24
1. 277 995
1. 278 494
1. 279 162
1. 280 992
1. 281 495
1. 282 250
1. 283 24
1. 284 136
1. 285 54
1. 286 23
1. 287 48
1. 288 498
1. 289 194
1. 290 46
1. 291 324
1. 292 332
1. 293 87
1. 294 50
1. 295 115
1. 296 994
1. 297 26
1. 298 242
1. 299 63
1. 300 191
1. 301 332
1. 302 991
1. 303 118
1. 304 72
1. 305 165
1. 306 329
1. 307 134
1. 308 164
1. 309 990
1. 310 324
1. 311 329
1. 312 48
1. 313 998
1. 314 191
1. 315 75
1. 316 98
1. 317 52
1. 318 190
1. 319 496
1. 320 332
1. 321 73
1. 322 196
1. 323 57
1. 324 190
1. 325 326
1. 326 1000
1. 327 247
1. 328 326
1. 329 39
1. 330 22
1. 331 992
1. 332 58
1. 333 115
1. 334 992
1. 335 490
1. 336 31
1. 337 18
1. 338 991
1. 339 496
1. 340 490
1. 341 244
1. 342 77
1. 343 116
1. 344 36
1. 345 991
1. 346 121
1. 347 156
1. 348 40
1. 349 332
1. 350 194
1. 351 137
1. 352 199
1. 353 325
1. 354 994
1. 355 79
1. 356 993
1. 357 136
1. 358 996
1. 359 245
1. 360 140
1. 361 323
1. 362 495
1. 363 197
1. 364 243
1. 365 24
1. 366 101
1. 367 33
1. 368 329
1. 369 494
1. 370 195
1. 371 116
1. 372 40
1. 373 43
1. 374 194
1. 375 140
1. 376 30
1. 377 75
1. 378 241
1. 379 158
1. 380 77
1. 381 493
1. 382 134
1. 383 246
1. 384 998
1. 385 324
1. 386 52
1. 387 157
1. 388 495
1. 389 992
1. 390 60
1. 391 25
1. 392 119
1. 393 166
1. 394 69
1. 395 83
1. 396 107
1. 397 39
1. 398 326
1. 399 109
2. 0 47
2. 1 494
2. 2 77
2. 3 104
2. 4 104
2. 5 70
2. 6 492
2. 7 136
2. 8 156
2. 9 158
2. 10 494
2. 11 197
2. 12 995
2. 13 247
2. 14 324
2. 15 249
2. 16 494
2. 17 62
2. 18 79
2. 19 117
2. 20 19
2. 21 34
2. 22 46
2. 23 94
2. 24 138
2. 25 70
2. 26 68
2. 27 996
2. 28 55
2. 29 157
2. 30 109
2. 31 67
2. 32 197
2. 33 61
2. 34 161
2. 35 109
2. 36 42
2. 37 242
2. 38 95
2. 39 990
2. 40 990
2. 41 492
2. 42 165
2. 43 33
2. 44 159
2. 45 995
2. 46 498
2. 47 329
2. 48 16
2. 49 116
2. 50 116
2. 51 49
2. 52 247
2. 53 492
2. 54 994
2. 55 36
2. 56 73
2. 57 993
2. 58 998
2. 59 38
2. 60 123
2. 61 198
2. 62 11
2. 63 190
2. 64 23
2. 65 92
2. 66 28
2. 67 49
2. 68 88
2. 69 49
2. 70 135
2. 71 29
2. 72 11
2. 73 65
2. 74 116
2. 75 992
2. 76 137
2. 77 80
2. 78 139
2. 79 325
2. 80 117
2. 81 34
2. 82 490
2. 83 243
2. 84 324
2. 85 498
2. 86 32
2. 87 71
2. 88 493
2. 89 46
2. 90 161
2. 91 64
2. 92 45
2. 93 323
2. 94 56
2. 95 103
2. 96 493
2. 97 30
2. 98 135
2. 99 16
2. 100 241
2. 101 330
2. 102 158
2. 103 998
2. 104 28
2. 105 106
2. 106 73
2. 107 26
2. 108 110
2. 109 40
2. 110 71
2. 111 161
2. 112 38
2. 113 12
2. 114 241
2. 115 326
2. 116 140
2. 117 497
2. 118 997
2. 119 9
2. 120 327
2. 121 121
2. 122 99
2. 123 240
2. 124 327
2. 125 998
2. 126 192
2. 127 69
2. 128 54
2. 129 86
2. 130 199
2. 131 54
2. 132 73
2. 133 10
2. 134 44
2. 135 132
2. 136 20
2. 137 67
2. 138 332
2. 139 46
2. 140 199
2. 141 490
2. 142 996
2. 143 324
2. 144 46
2. 145 102
2. 146 70
2. 147 61
2. 148 998
2. 149 997
2. 150 994
2. 151 22
2. 152 72
2. 153 23
2. 154 247
2. 155 120
2. 156 103
2. 157 81
2. 158 47
2. 159 327
2. 160 165
2. 161 198
2. 162 95
2. 163 323
2. 164 494
2. 165 162
2. 166 247
2. 167 141
2. 168 101
2. 169 29
2. 170 491
2. 171 325
2. 172 28
2. 173 73
2. 174 84
2. 175 242
2. 176 136
2. 177 493
2. 178 996
2. 179 75
2. 180 190
2. 181 85
2. 182 323
2. 183 992
2. 184 54
2. 185 60
2. 186 497
2. 187 161
2. 188 325
2. 189 63
2. 190 118
2. 191 44
2. 192 56
2. 193 193
2. 194 159
2. 195 191
2. 196 331
2. 197 123
2. 198 494
2. 199 95
2. 200 76
2. 201 56
2. 202 95
2. 203 41
2. 204 28
2. 205 141
2. 206 69
2. 207 240
2. 208 194
2. 209 62
2. 210 62
2. 211 103
2. 212 159
2. 213 993
2. 214 9
2. 215 63
2. 216 323
2. 217 242
2. 218 88
2. 219 196
2. 220 17
2. 221 161
2. 222 161
2. 223 165
2. 224 249
2. 225 75
2. 226 42
2. 227 93
2. 228 328
2. 229 36
2. 230 57
2. 231 140
2. 232 66
2. 233 198
2. 234 85
2. 235 90
2. 236 191
2. 237 26
2. 238 244
2. 239 248
2. 240 138
2. 241 243
2. 242 132
2. 243 161
2. 244 95
2. 245 240
2. 246 74
2. 247 34
2. 248 21
2. 249 123
2. 250 245
2. 251 56
2. 252 995
2. 253 81
2. 254 110
2. 255 12
2. 256 122
2. 257 14
2. 258 44
2. 259 162
2. 260 73
2. 261 46
2. 262 137
2. 263 4
2. 264 124
2. 265 122
2. 266 324
2. 267 122
2. 268 91
2. 269 196
2. 270 156
2. 271 193
2. 272 242
2. 273 244
2. 274 106
2. 275 244
2. 276 75
2. 277 992
2. 278 121
2. 279 160
2. 280 68
2. 281 496
2. 282 96
2. 283 191
2. 284 999
2. 285 28
2. 286 996
2. 287 54
2. 288 82
2. 289 91
2. 290 240
2. 291 101
2. 292 109
2. 293 157
2. 294 163
2. 295 491
2. 296 245
2. 297 42
2. 298 494
2. 299 51
2. 300 104
2. 301 63
2. 302 992
2. 303 29
2. 304 98
2. 305 24
2. 306 139
2. 307 109
2. 308 38
2. 309 63
2. 310 74
2. 311 163
2. 312 199
2. 313 103
2. 314 47
2. 315 33
2. 316 324
2. 317 96
2. 318 81
2. 319 191
2. 320 199
2. 321 77
2. 322 494
2. 323 24
2. 324 192
2. 325 240
2. 326 65
2. 327 325
2. 328 55
2. 329 116
2. 330 160
2. 331 998
2. 332 95
2. 333 95
2. 334 991
2. 335 161
2. 336 54
2. 337 329
2. 338 124
2. 339 86
2. 340 33
2. 341 240
2. 342 157
2. 343 330
2. 344 197
2. 345 40
2. 346 198
2. 347 122
2. 348 32
2. 349 85
2. 350 194
2. 351 497
2. 352 83
2. 353 46
2. 354 995
2. 355 101
2. 356 997
2. 357 40
2. 358 83
2. 359 104
2. 360 494
2. 361 139
2. 362 75
2. 363 68
2. 364 159
2. 365 196
2. 366 248
2. 367 84
2. 368 101
2. 369 101
2. 370 38
2. 371 249
2. 372 45
2. 373 103
2. 374 98
2. 375 162
2. 376 102
2. 377 65
2. 378 165
2. 379 190
2. 380 326
2. 381 71
2. 382 23
2. 383 490
2. 384 37
2. 385 91
2. 386 45
2. 387 64
2. 388 49
2. 389 328
2. 390 992
2. 391 48
2. 392 38
2. 393 194
2. 394 78
2. 395 78
2. 396 328
2. 397 30
2. 398 117
2. 399 134
3. 0 491
3. 1 190
3. 2 43
3. 3 249
3. 4 241
3. 5 37
3. 6 190
3. 7 94
3. 8 325
3. 9 62
3. 10 491
3. 11 44
3. 12 110
3. 13 498
3. 14 490
3. 15 495
3. 16 996
3. 17 990
3. 18 497
3. 19 19
3. 20 122
3. 21 497
3. 22 997
3. 23 50
3. 24 495
3. 25 193
3. 26 994
3. 27 18
3. 28 84
3. 29 991
3. 30 133
3. 31 25
3. 32 497
3. 33 120
3. 34 123
3. 35 69
3. 36 333
3. 37 192
3. 38 99
3. 39 71
3. 40 493
3. 41 30
3. 42 69
3. 43 99
3. 44 65
3. 45 31
3. 46 108
3. 47 121
3. 48 116
3. 49 999
3. 50 104
3. 51 51
3. 52 195
3. 53 996
3. 54 165
3. 55 137
3. 56 497
3. 57 137
3. 58 136
3. 59 62
3. 60 60
3. 61 994
3. 62 71
3. 63 162
3. 64 96
3. 65 57
3. 66 17
3. 67 54
3. 68 994
3. 69 42
3. 70 329
3. 71 48
3. 72 134
3. 73 498
3. 74 325
3. 75 164
3. 76 991
3. 77 45
3. 78 36
3. 79 105
3. 80 993
3. 81 29
3. 82 80
3. 83 494
3. 84 6
3. 85 492
3. 86 998
3. 87 18
3. 88 991
3. 89 137
3. 90 193
3. 91 164
3. 92 498
3. 93 995
3. 94 37
3. 95 249
3. 96 990
3. 97 241
3. 98 323
3. 99 997
3. 100 90
3. 101 44
3. 102 25
3. 103 330
3. 104 49
3. 105 52
3. 106 120
3. 107 331
3. 108 324
3. 109 332
3. 110 80
3. 111 55
3. 112 63
3. 113 994
3. 114 39
3. 115 20
3. 116 136
3. 117 326
3. 118 60
3. 119 73
3. 120 23
3. 121 96
3. 122 332
3. 123 123
3. 124 103
3. 125 48
3. 126 136
3. 127 327
3. 128 194
3. 129 243
3. 130 493
3. 131 37
3. 132 331
3. 133 164
3. 134 82
3. 135 243
3. 136 328
3. 137 324
3. 138 88
3. 139 328
3. 140 162
3. 141 323
3. 142 240
3. 143 997
3. 144 165
3. 145 499
3. 146 74
3. 147 120
3. 148 194
3. 149 76
3. 150 330
3. 151 499
3. 152 59
3. 153 36
3. 154 162
3. 155 50
3. 156 115
3. 157 77
3. 158 31
3. 159 992
3. 160 991
3. 161 246
3. 162 68
3. 163 248
3. 164 68
3. 165 119
3. 166 20
3. 167 77
3. 168 496
3. 169 248
3. 170 158
3. 171 79
3. 172 249
3. 173 82
3. 174 241
3. 175 498
3. 176 994
3. 177 44
3. 178 197
3. 179 324
3. 180 111
3. 181 37
3. 182 494
3. 183 991
3. 184 82
3. 185 498
3. 186 190
3. 187 240
3. 188 48
3. 189 46
3. 190 76
3. 191 49
3. 192 69
3. 193 38
3. 194 66
3. 195 328
3. 196 490
3. 197 77
3. 198 119
3. 199 242
3. 200 137
3. 201 132
3. 202 72
3. 203 325
3. 204 63
3. 205 40
3. 206 998
3. 207 246
3. 208 331
3. 209 199
3. 210 246
3. 211 121
3. 212 132
3. 213 78
3. 214 493
3. 215 156
3. 216 328
3. 217 64
3. 218 246
3. 219 991
3. 220 62
3. 221 496
3. 222 999
3. 223 49
3. 224 63
3. 225 17
3. 226 17
3. 227 48
3. 228 496
3. 229 499
3. 230 41
3. 231 992
3. 232 81
3. 233 998
3. 234 324
3. 235 106
3. 236 193
3. 237 491
3. 238 72
3. 239 64
3. 240 39
3. 241 77
3. 242 103
3. 243 242
3. 244 992
3. 245 99
3. 246 92
3. 247 240
3. 248 105
3. 249 52
3. 250 163
3. 251 249
3. 252 36
3. 253 27
3. 254 329
3. 255 246
3. 256 53
3. 257 140
3. 258 992
3. 259 156
3. 260 47
3. 261 70
3. 262 118
3. 263 499
3. 264 165
3. 265 991
3. 266 104
3. 267 107
3. 268 991
3. 269 246
3. 270 80
3. 271 994
3. 272 138
3. 273 194
3. 274 115
3. 275 119
3. 276 193
3. 277 20
3. 278 498
3. 279 31
3. 280 323
3. 281 990
3. 282 47
3. 283 75
3. 284 120
3. 285 110
3. 286 109
3. 287 24
3. 288 22
3. 289 58
3. 290 74
3. 291 87
3. 292 77
3. 293 332
3. 294 32
3. 295 992
3. 296 998
3. 297 496
3. 298 118
3. 299 193
3. 300 994
3. 301 66
3. 302 15
3. 303 37
3. 304 53
3. 305 82
3. 306 491
3. 307 247
3. 308 250
3. 309 78
3. 310 495
3. 311 56
3. 312 990
3. 313 14
3. 314 70
3. 315 45
3. 316 495
3. 317 39
3. 318 998
3. 319 116
3. 320 40
3. 321 990
3. 322 165
3. 323 494
3. 324 106
3. 325 62
3. 326 164
3. 327 325
3. 328 493
3. 329 160
3. 330 138
3. 331 325
3. 332 194
3. 333 42
3. 334 48
3. 335 491
3. 336 497
3. 337 79
3. 338 140
3. 339 37
3. 340 45
3. 341 158
3. 342 35
3. 343 86
3. 344 105
3. 345 48
3. 346 995
3. 347 83
3. 348 77
3. 349 190
3. 350 39
3. 351 996
3. 352 138
3. 353 991
3. 354 52
3. 355 32
3. 356 38
3. 357 194
3. 358 161
3. 359 110
3. 360 37
3. 361 995
3. 362 991
3. 363 82
3. 364 19
3. 365 135
3. 366 327
3. 367 63
3. 368 327
3. 369 994
3. 370 118
3. 371 15
3. 372 58
3. 373 134
3. 374 74
3. 375 245
3. 376 124
3. 377 199
3. 378 46
3. 379 499
3. 380 78
3. 381 195
3. 382 991
3. 383 122
3. 384 331
3. 385 156
3. 386 331
3. 387 1000
3. 388 132
3. 389 61
3. 390 992
3. 391 37
3. 392 59
3. 393 62
3. 394 92
3. 395 327
3. 396 73
3. 397 496
3. 398 331
3. 399 992
4. 0 328
4. 1 998
4. 2 330
4. 3 490
4. 4 33
4. 5 33
4. 6 46
4. 7 50
4. 8 325
4. 9 494
4. 10 27
4. 11 80
4. 12 9
4. 13 72
4. 14 163
4. 15 158
4. 16 29
4. 17 198
4. 18 999
4. 19 40
4. 20 115
4. 21 247
4. 22 117
4. 23 138
4. 24 63
4. 25 40
4. 26 108
4. 27 34
4. 28 108
4. 29 328
4. 30 82
4. 31 115
4. 32 84
4. 33 36
4. 34 156
4. 35 244
4. 36 45
4. 37 165
4. 38 194
4. 39 193
4. 40 249
4. 41 163
4. 42 497
4. 43 96
4. 44 30
4. 45 499
4. 46 999
4. 47 323
4. 48 15
4. 49 83
4. 50 98
4. 51 55
4. 52 67
4. 53 26
4. 54 998
4. 55 123
4. 56 195
4. 57 162
4. 58 498
4. 59 98
4. 60 496
4. 61 89
4. 62 140
4. 63 73
4. 64 96
4. 65 241
4. 66 38
4. 67 107
4. 68 140
4. 69 194
4. 70 132
4. 71 196
4. 72 33
4. 73 497
4. 74 196
4. 75 108
4. 76 241
4. 77 46
4. 78 107
4. 79 93
4. 80 491
4. 81 991
4. 82 333
4. 83 103
4. 84 491
4. 85 108
4. 86 83
4. 87 107
4. 88 240
4. 89 324
4. 90 68
4. 91 82
4. 92 191
4. 93 993
4. 94 194
4. 95 161
4. 96 106
4. 97 115
4. 98 193
4. 99 327
4. 100 998
4. 101 48
4. 102 490
4. 103 117
4. 104 66
4. 105 60
4. 106 491
4. 107 158
4. 108 496
4. 109 32
4. 110 38
4. 111 118
4. 112 138
4. 113 83
4. 114 997
4. 115 998
4. 116 158
4. 117 138
4. 118 248
4. 119 199
4. 120 995
4. 121 61
4. 122 191
4. 123 156
4. 124 71
4. 125 37
4. 126 497
4. 127 74
4. 128 195
4. 129 42
4. 130 132
4. 131 96
4. 132 158
4. 133 102
4. 134 163
4. 135 118
4. 136 93
4. 137 60
4. 138 249
4. 139 995
4. 140 245
4. 141 996
4. 142 75
4. 143 998
4. 144 66
4. 145 124
4. 146 245
4. 147 323
4. 148 117
4. 149 54
4. 150 32
4. 151 68
4. 152 491
4. 153 994
4. 154 332
4. 155 136
4. 156 994
4. 157 990
4. 158 136
4. 159 70
4. 160 163
4. 161 997
4. 162 39
4. 163 135
4. 164 75
4. 165 994
4. 166 991
4. 167 159
4. 168 499
4. 169 16
4. 170 332
4. 171 45
4. 172 77
4. 173 110
4. 174 110
4. 175 134
4. 176 37
4. 177 245
4. 178 37
4. 179 195
4. 180 44
4. 181 194
4. 182 137
4. 183 56
4. 184 42
4. 185 24
4. 186 248
4. 187 94
4. 188 120
4. 189 249
4. 190 28
4. 191 57
4. 192 138
4. 193 87
4. 194 996
4. 195 82
4. 196 93
4. 197 157
4. 198 993
4. 199 248
4. 200 493
4. 201 491
4. 202 86
4. 203 994
4. 204 47
4. 205 120
4. 206 495
4. 207 247
4. 208 136
4. 209 242
4. 210 30
4. 211 25
4. 212 247
4. 213 85
4. 214 80
4. 215 65
4. 216 40
4. 217 990
4. 218 66
4. 219 52
4. 220 26
4. 221 991
4. 222 497
4. 223 105
4. 224 62
4. 225 73
4. 226 109
4. 227 496
4. 228 325
4. 229 115
4. 230 992
4. 231 97
4. 232 28
4. 233 103
4. 234 40
4. 235 331
4. 236 67
4. 237 66
4. 238 32
4. 239 992
4. 240 157
4. 241 117
4. 242 196
4. 243 123
4. 244 996
4. 245 48
4. 246 192
4. 247 498
4. 248 993
4. 249 141
4. 250 246
4. 251 247
4. 252 115
4. 253 197
4. 254 121
4. 255 67
4. 256 39
4. 257 327
4. 258 57
4. 259 493
4. 260 997
4. 261 46
4. 262 35
4. 263 50
4. 264 240
4. 265 245
4. 266 158
4. 267 497
4. 268 67
4. 269 109
4. 270 193
4. 271 66
4. 272 494
4. 273 61
4. 274 991
4. 275 30
4. 276 995
4. 277 73
4. 278 497
4. 279 124
4. 280 999
4. 281 493
4. 282 21
4. 283 242
4. 284 57
4. 285 492
4. 286 141
4. 287 326
4. 288 21
4. 289 95
4. 290 992
4. 291 997
4. 292 496
4. 293 90
4. 294 331
4. 295 65
4. 296 139
4. 297 996
4. 298 102
4. 299 65
4. 300 81
4. 301 491
4. 302 45
4. 303 329
4. 304 165
4. 305 200
4. 306 44
4. 307 490
4. 308 192
4. 309 33
4. 310 61
4. 311 64
4. 312 84
4. 313 124
4. 314 116
4. 315 158
4. 316 59
4. 317 75
4. 318 156
4. 319 496
4. 320 106
4. 321 323
4. 322 83
4. 323 141
4. 324 81
4. 325 74
4. 326 91
4. 327 332
4. 328 999
4. 329 200
4. 330 102
4. 331 496
4. 332 56
4. 333 195
4. 334 67
4. 335 59
4. 336 160
4. 337 191
4. 338 141
4. 339 245
4. 340 110
4. 341 91
4. 342 81
4. 343 47
4. 344 248
4. 345 21
4. 346 73
4. 347 199
4. 348 996
4. 349 248
4. 350 85
4. 351 47
4. 352 90
4. 353 15
4. 354 46
4. 355 500
4. 356 82
4. 357 83
4. 358 119
4. 359 197
4. 360 993
4. 361 495
4. 362 78
4. 363 56
4. 364 68
4. 365 85
4. 366 326
4. 367 40
4. 368 20
4. 369 92
4. 370 80
4. 371 54
4. 372 61
4. 373 65
4. 374 194
4. 375 17
4. 376 63
4. 377 162
4. 378 492
4. 379 996
4. 380 199
4. 381 79
4. 382 198
4. 383 51
4. 384 116
4. 385 138
4. 386 59
4. 387 16
4. 388 199
4. 389 65
4. 390 118
4. 391 162
4. 392 492
4. 393 241
4. 394 997
4. 395 21
4. 396 73
4. 397 325
4. 398 92
4. 399 996
5. 0 495
5. 1 120
5. 2 17
5. 3 491
5. 4 133
5. 5 29
5. 6 197
5. 7 103
5. 8 332
5. 9 118
5. 10 119
5. 11 98
5. 12 329
5. 13 135
5. 14 55
5. 15 70
5. 16 495
5. 17 994
5. 18 106
5. 19 331
5. 20 157
5. 21 17
5. 22 12
5. 23 995
5. 24 492
5. 25 324
5. 26 66
5. 27 118
5. 28 325
5. 29 35
5. 30 25
5. 31 998
5. 32 191
5. 33 243
5. 34 999
5. 35 328
5. 36 104
5. 37 119
5. 38 995
5. 39 495
5. 40 140
5. 41 125
5. 42 194
5. 43 243
5. 44 193
5. 45 50
5. 46 11
5. 47 160
5. 48 61
5. 49 104
5. 50 324
5. 51 498
5. 52 995
5. 53 17
5. 54 244
5. 55 72
5. 56 135
5. 57 329
5. 58 62
5. 59 246
5. 60 190
5. 61 247
5. 62 199
5. 63 54
5. 64 52
5. 65 67
5. 66 157
5. 67 58
5. 68 158
5. 69 158
5. 70 93
5. 71 117
5. 72 117
5. 73 137
5. 74 333
5. 75 115
5. 76 31
5. 77 68
5. 78 998
5. 79 991
5. 80 990
5. 81 50
5. 82 68
5. 83 246
5. 84 68
5. 85 993
5. 86 96
5. 87 190
5. 88 20
5. 89 22
5. 90 496
5. 91 241
5. 92 136
5. 93 74
5. 94 33
5. 95 95
5. 96 33
5. 97 247
5. 98 138
5. 99 991
5. 100 45
5. 101 241
5. 102 162
5. 103 99
5. 104 33
5. 105 497
5. 106 162
5. 107 990
5. 108 70
5. 109 82
5. 110 36
5. 111 68
5. 112 495
5. 113 328
5. 114 992
5. 115 241
5. 116 125
5. 117 324
5. 118 244
5. 119 994
5. 120 40
5. 121 498
5. 122 74
5. 123 38
5. 124 116
5. 125 29
5. 126 140
5. 127 70
5. 128 156
5. 129 250
5. 130 91
5. 131 329
5. 132 995
5. 133 117
5. 134 97
5. 135 101
5. 136 82
5. 137 68
5. 138 165
5. 139 85
5. 140 66
5. 141 990
5. 142 139
5. 143 22
5. 144 67
5. 145 67
5. 146 22
5. 147 330
5. 148 23
5. 149 330
5. 150 158
5. 151 15
5. 152 24
5. 153 39
5. 154 241
5. 155 157
5. 156 61
5. 157 70
5. 158 24
5. 159 85
5. 160 81
5. 161 98
5. 162 323
5. 163 34
5. 164 49
5. 165 329
5. 166 199
5. 167 69
5. 168 333
5. 169 138
5. 170 118
5. 171 191
5. 172 140
5. 173 68
5. 174 68
5. 175 192
5. 176 48
5. 177 993
5. 178 195
5. 179 23
5. 180 37
5. 181 192
5. 182 493
5. 183 107
5. 184 246
5. 185 494
5. 186 63
5. 187 108
5. 188 26
5. 189 190
5. 190 330
5. 191 491
5. 192 124
5. 193 56
5. 194 164
5. 195 81
5. 196 499
5. 197 1000
5. 198 86
5. 199 108
5. 200 191
5. 201 991
5. 202 36
5. 203 135
5. 204 994
5. 205 159
5. 206 197
5. 207 55
5. 208 49
5. 209 61
5. 210 42
5. 211 47
5. 212 84
5. 213 61
5. 214 166
5. 215 136
5. 216 156
5. 217 124
5. 218 68
5. 219 492
5. 220 199
5. 221 57
5. 222 999
5. 223 994
5. 224 991
5. 225 492
5. 226 141
5. 227 140
5. 228 93
5. 229 196
5. 230 109
5. 231 57
5. 232 158
5. 233 33
5. 234 55
5. 235 191
5. 236 61
5. 237 159
5. 238 492
5. 239 495
5. 240 82
5. 241 45
5. 242 330
5. 243 162
5. 244 993
5. 245 242
5. 246 242
5. 247 199
5. 248 135
5. 249 240
5. 250 34
5. 251 991
5. 252 115
5. 253 55
5. 254 994
5. 255 124
5. 256 39
5. 257 109
5. 258 107
5. 259 247
5. 260 248
5. 261 162
5. 262 12
5. 263 249
5. 264 498
5. 265 324
5. 266 246
5. 267 95
5. 268 115
5. 269 51
5. 270 70
5. 271 76
5. 272 78
5. 273 323
5. 274 34
5. 275 331
5. 276 493
5. 277 329
5. 278 82
5. 279 194
5. 280 58
5. 281 137
5. 282 32
5. 283 81
5. 284 123
5. 285 84
5. 286 23
5. 287 50
5. 288 498
5. 289 53
5. 290 62
5. 291 192
5. 292 139
5. 293 31
5. 294 47
5. 295 494
5. 296 87
5. 297 51
5. 298 135
5. 299 20
5. 300 94
5. 301 247
5. 302 68
5. 303 71
5. 304 85
5. 305 326
5. 306 82
5. 307 996
5. 308 65
5. 309 55
5. 310 240
5. 311 108
5. 312 244
5. 313 66
5. 314 490
5. 315 332
5. 316 29
5. 317 136
5. 318 198
5. 319 165
5. 320 241
5. 321 496
5. 322 16
5. 323 324
5. 324 493
5. 325 158
5. 326 43
5. 327 98
5. 328 93
5. 329 499
5. 330 247
5. 331 132
5. 332 81
5. 333 242
5. 334 70
5. 335 41
5. 336 45
5. 337 323
5. 338 58
5. 339 995
5. 340 43
5. 341 57
5. 342 996
5. 343 245
5. 344 197
5. 345 249
5. 346 327
5. 347 246
5. 348 86
5. 349 14
5. 350 76
5. 351 35
5. 352 244
5. 353 117
5. 354 245
5. 355 245
5. 356 141
5. 357 994
5. 358 29
5. 359 498
5. 360 991
5. 361 163
5. 362 56
5. 363 241
5. 364 21
5. 365 42
5. 366 495
5. 367 48
5. 368 51
5. 369 39
5. 370 58
5. 371 157
5. 372 992
5. 373 48
5. 374 81
5. 375 497
5. 376 80
5. 377 191
5. 378 163
5. 379 64
5. 380 992
5. 381 80
5. 382 141
5. 383 323
5. 384 164
5. 385 56
5. 386 137
5. 387 107
5. 388 196
5. 389 101
5. 390 90
5. 391 163
5. 392 161
5. 393 123
5. 394 74
5. 395 82
5. 396 999
5. 397 64
5. 398 135
5. 399 105
6. 0 64
6. 1 28
6. 2 21
6. 3 158
6. 4 247
6. 5 23
6. 6 66
6. 7 43
6. 8 134
6. 9 118
6. 10 494
6. 11 160
6. 12 22
6. 13 91
6. 14 991
6. 15 244
6. 16 98
6. 17 247
6. 18 198
6. 19 38
6. 20 45
6. 21 78
6. 22 103
6. 23 496
6. 24 73
6. 25 996
6. 26 36
6. 27 242
6. 28 18
6. 29 115
6. 30 992
6. 31 491
6. 32 491
6. 33 124
6. 34 79
6. 35 61
6. 36 39
6. 37 329
6. 38 38
6. 39 245
6. 40 162
6. 41 248
6. 42 92
6. 43 138
6. 44 97
6. 45 98
6. 46 50
6. 47 192
6. 48 993
6. 49 990
6. 50 56
6. 51 124
6. 52 88
6. 53 101
6. 54 161
6. 55 132
6. 56 496
6. 57 325
6. 58 998
6. 59 63
6. 60 326
6. 61 247
6. 62 331
6. 63 19
6. 64 38
6. 65 99
6. 66 494
6. 67 493
6. 68 70
6. 69 996
6. 70 85
6. 71 80
6. 72 115
6. 73 68
6. 74 993
6. 75 328
6. 76 69
6. 77 329
6. 78 995
6. 79 39
6. 80 163
6. 81 18
6. 82 156
6. 83 49
6. 84 64
6. 85 495
6. 86 109
6. 87 138
6. 88 82
6. 89 22
6. 90 8
6. 91 10
6. 92 84
6. 93 41
6. 94 995
6. 95 134
6. 96 120
6. 97 51
6. 98 163
6. 99 110
6. 100 990
6. 101 48
6. 102 134
6. 103 497
6. 104 195
6. 105 87
6. 106 74
6. 107 490
6. 108 133
6. 109 108
6. 110 54
6. 111 194
6. 112 48
6. 113 160
6. 114 50
6. 115 245
6. 116 74
6. 117 25
6. 118 106
6. 119 81
6. 120 140
6. 121 994
6. 122 324
6. 123 490
6. 124 81
6. 125 46
6. 126 30
6. 127 247
6. 128 59
6. 129 157
6. 130 67
6. 131 492
6. 132 76
6. 133 138
6. 134 50
6. 135 329
6. 136 49
6. 137 134
6. 138 123
6. 139 27
6. 140 198
6. 141 108
6. 142 199
6. 143 74
6. 144 37
6. 145 124
6. 146 88
6. 147 76
6. 148 199
6. 149 157
6. 150 75
6. 151 138
6. 152 495
6. 153 109
6. 154 241
6. 155 132
6. 156 997
6. 157 160
6. 158 44
6. 159 164
6. 160 999
6. 161 160
6. 162 994
6. 163 323
6. 164 95
6. 165 103
6. 166 30
6. 167 99
6. 168 157
6. 169 159
6. 170 88
6. 171 124
6. 172 197
6. 173 59
6. 174 61
6. 175 67
6. 176 95
6. 177 327
6. 178 194
6. 179 25
6. 180 497
6. 181 159
6. 182 244
6. 183 50
6. 184 35
6. 185 68
6. 186 53
6. 187 135
6. 188 26
6. 189 165
6. 190 35
6. 191 45
6. 192 41
6. 193 139
6. 194 160
6. 195 192
6. 196 124
6. 197 122
6. 198 333
6. 199 497
6. 200 53
6. 201 198
6. 202 21
6. 203 25
6. 204 19
6. 205 161
6. 206 997
6. 207 79
6. 208 199
6. 209 31
6. 210 132
6. 211 498
6. 212 56
6. 213 81
6. 214 87
6. 215 119
6. 216 327
6. 217 498
6. 218 996
6. 219 70
6. 220 491
6. 221 109
6. 222 991
6. 223 56
6. 224 108
6. 225 993
6. 226 66
6. 227 491
6. 228 158
6. 229 249
6. 230 51
6. 231 31
6. 232 198
6. 233 68
6. 234 197
6. 235 161
6. 236 499
6. 237 160
6. 238 494
6. 239 48
6. 240 997
6. 241 31
6. 242 242
6. 243 80
6. 244 108
6. 245 124
6. 246 31
6. 247 69
6. 248 994
6. 249 327
6. 250 133
6. 251 323
6. 252 99
6. 253 991
6. 254 493
6. 255 73
6. 256 78
6. 257 993
6. 258 56
6. 259 110
6. 260 72
6. 261 86
6. 262 34
6. 263 492
6. 264 57
6. 265 51
6. 266 64
6. 267 134
6. 268 998
6. 269 136
6. 270 25
6. 271 49
6. 272 35
6. 273 992
6. 274 495
6. 275 36
6. 276 325
6. 277 994
6. 278 329
6. 279 40
6. 280 35
6. 281 28
6. 282 192
6. 283 48
6. 284 990
6. 285 49
6. 286 331
6. 287 325
6. 288 328
6. 289 193
6. 290 159
6. 291 68
6. 292 196
6. 293 30
6. 294 94
6. 295 494
6. 296 498
6. 297 110
6. 298 38
6. 299 81
6. 300 141
6. 301 44
6. 302 240
6. 303 331
6. 304 53
6. 305 24
6. 306 193
6. 307 95
6. 308 51
6. 309 23
6. 310 80
6. 311 191
6. 312 103
6. 313 331
6. 314 992
6. 315 40
6. 316 323
6. 317 87
6. 318 35
6. 319 496
6. 320 91
6. 321 248
6. 322 199
6. 323 54
6. 324 82
6. 325 325
6. 326 42
6. 327 82
6. 328 999
6. 329 122
6. 330 158
6. 331 58
6. 332 68
6. 333 105
6. 334 35
6. 335 992
6. 336 46
6. 337 44
6. 338 491
6. 339 98
6. 340 38
6. 341 84
6. 342 323
6. 343 34
6. 344 195
6. 345 197
6. 346 122
6. 347 61
6. 348 62
6. 349 56
6. 350 995
6. 351 137
6. 352 48
6. 353 996
6. 354 245
6. 355 240
6. 356 190
6. 357 332
6. 358 53
6. 359 200
6. 360 106
6. 361 991
6. 362 991
6. 363 33
6. 364 240
6. 365 241
6. 366 106
6. 367 248
6. 368 63
6. 369 57
6. 370 133
6. 371 28
6. 372 164
6. 373 242
6. 374 54
6. 375 161
6. 376 994
6. 377 117
6. 378 997
6. 379 992
6. 380 197
6. 381 242
6. 382 246
6. 383 159
6. 384 329
6. 385 196
6. 386 70
6. 387 39
6. 388 69
6. 389 120
6. 390 491
6. 391 250
6. 392 498
6. 393 990
6. 394 156
6. 395 490
6. 396 191
6. 397 190
6. 398 33
6. 399 193
7. 0 158
7. 1 242
7. 2 121
7. 3 47
7. 4 41
7. 5 94
7. 6 244
7. 7 28
7. 8 70
7. 9 91
7. 10 80
7. 11 118
7. 12 199
7. 13 40
7. 14 328
7. 15 241
7. 16 124
7. 17 50
7. 18 247
7. 19 196
7. 20 199
7. 21 490
7. 22 39
7. 23 88
7. 24 119
7. 25 492
7. 26 33
7. 27 994
7. 28 196
7. 29 31
7. 30 165
7. 31 96
7. 32 115
7. 33 55
7. 34 199
7. 35 64
7. 36 491
7. 37 493
7. 38 106
7. 39 51
7. 40 991
7. 41 999
7. 42 198
7. 43 330
7. 44 132
7. 45 23
7. 46 190
7. 47 79
7. 48 25
7. 49 138
7. 50 139
7. 51 57
7. 52 158
7. 53 15
7. 54 61
7. 55 65
7. 56 492
7. 57 56
7. 58 493
7. 59 29
7. 60 241
7. 61 83
7. 62 61
7. 63 82
7. 64 44
7. 65 242
7. 66 49
7. 67 247
7. 68 161
7. 69 990
7. 70 199
7. 71 194
7. 72 499
7. 73 997
7. 74 991
7. 75 332
7. 76 49
7. 77 90
7. 78 331
7. 79 242
7. 80 328
7. 81 245
7. 82 85
7. 83 249
7. 84 248
7. 85 121
7. 86 139
7. 87 496
7. 88 55
7. 89 998
7. 90 190
7. 91 73
7. 92 164
7. 93 997
7. 94 323
7. 95 135
7. 96 39
7. 97 164
7. 98 39
7. 99 246
7. 100 106
7. 101 495
7. 102 244
7. 103 190
7. 104 245
7. 105 118
7. 106 107
7. 107 42
7. 108 499
7. 109 99
7. 110 245
7. 111 492
7. 112 248
7. 113 49
7. 114 495
7. 115 196
7. 116 993
7. 117 11
7. 118 78
7. 119 139
7. 120 88
7. 121 141
7. 122 990
7. 123 241
7. 124 67
7. 125 495
7. 126 244
7. 127 993
7. 128 191
7. 129 69
7. 130 198
7. 131 73
7. 132 73
7. 133 990
7. 134 998
7. 135 117
7. 136 104
7. 137 13
7. 138 56
7. 139 54
7. 140 196
7. 141 158
7. 142 39
7. 143 241
7. 144 51
7. 145 328
7. 146 194
7. 147 138
7. 148 999
7. 149 241
7. 150 10
7. 151 54
7. 152 248
7. 153 78
7. 154 199
7. 155 42
7. 156 190
7. 157 42
7. 158 197
7. 159 122
7. 160 115
7. 161 496
7. 162 32
7. 163 84
7. 164 159
7. 165 26
7. 166 499
7. 167 38
7. 168 246
7. 169 66
7. 170 160
7. 171 95
7. 172 32
7. 173 240
7. 174 246
7. 175 498
7. 176 61
7. 177 122
7. 178 194
7. 179 135
7. 180 491
7. 181 37
7. 182 32
7. 183 332
7. 184 40
7. 185 86
7. 186 101
7. 187 93
7. 188 20
7. 189 80
7. 190 120
7. 191 192
7. 192 493
7. 193 107
7. 194 190
7. 195 108
7. 196 52
7. 197 57
7. 198 494
7. 199 66
7. 200 330
7. 201 64
7. 202 494
7. 203 248
7. 204 55
7. 205 30
7. 206 61
7. 207 1
7. 208 163
7. 209 245
7. 210 141
7. 211 248
7. 212 109
7. 213 332
7. 214 19
7. 215 36
7. 216 36
7. 217 498
7. 218 53
7. 219 498
7. 220 51
7. 221 76
7. 222 490
7. 223 499
7. 224 247
7. 225 163
7. 226 324
7. 227 26
7. 228 244
7. 229 496
7. 230 140
7. 231 249
7. 232 85
7. 233 102
7. 234 104
7. 235 27
7. 236 197
7. 237 28
7. 238 157
7. 239 73
7. 240 56
7. 241 42
7. 242 76
7. 243 490
7. 244 995
7. 245 999
7. 246 122
7. 247 157
7. 248 325
7. 249 63
7. 250 327
7. 251 996
7. 252 159
7. 253 42
7. 254 246
7. 255 111
7. 256 137
7. 257 61
7. 258 495
7. 259 90
7. 260 30
7. 261 193
7. 262 141
7. 263 245
7. 264 328
7. 265 90
7. 266 248
7. 267 44
7. 268 197
7. 269 124
7. 270 158
7. 271 991
7. 272 17
7. 273 497
7. 274 998
7. 275 327
7. 276 65
7. 277 326
7. 278 30
7. 279 160
7. 280 199
7. 281 105
7. 282 57
7. 283 192
7. 284 73
7. 285 73
7. 286 996
7. 287 74
7. 288 59
7. 289 110
7. 290 89
7. 291 162
7. 292 20
7. 293 198
7. 294 132
7. 295 199
7. 296 18
7. 297 53
7. 298 61
7. 299 165
7. 300 22
7. 301 106
7. 302 50
7. 303 497
7. 304 47
7. 305 31
7. 306 85
7. 307 491
7. 308 327
7. 309 33
7. 310 141
7. 311 70
7. 312 497
7. 313 137
7. 314 156
7. 315 999
7. 316 323
7. 317 139
7. 318 134
7. 319 66
7. 320 105
7. 321 243
7. 322 490
7. 323 115
7. 324 324
7. 325 41
7. 326 61
7. 327 106
7. 328 106
7. 329 35
7. 330 158
7. 331 190
7. 332 23
7. 333 70
7. 334 93
7. 335 329
7. 336 159
7. 337 117
7. 338 245
7. 339 91
7. 340 121
7. 341 331
7. 342 164
7. 343 163
7. 344 78
7. 345 23
7. 346 992
7. 347 195
7. 348 55
7. 349 330
7. 350 137
7. 351 44
7. 352 59
7. 353 492
7. 354 993
7. 355 325
7. 356 998
7. 357 329
7. 358 132
7. 359 17
7. 360 33
7. 361 324
7. 362 77
7. 363 122
7. 364 195
7. 365 331
7. 366 78
7. 367 72
7. 368 156
7. 369 25
7. 370 45
7. 371 132
7. 372 997
7. 373 61
7. 374 53
7. 375 70
7. 376 60
7. 377 249
7. 378 97
7. 379 70
7. 380 65
7. 381 193
7. 382 30
7. 383 81
7. 384 80
7. 385 16
7. 386 93
7. 387 30
7. 388 26
7. 389 133
7. 390 63
7. 391 27
7. 392 134
7. 393 35
7. 394 53
7. 395 36
7. 396 76
7. 397 996
7. 398 37
7. 399 330
8. 0 53
8. 1 992
8. 2 496
8. 3 41
8. 4 55
8. 5 17
8. 6 41
8. 7 999
8. 8 105
8. 9 192
8. 10 67
8. 11 46
8. 12 46
8. 13 199
8. 14 67
8. 15 30
8. 16 13
8. 17 138
8. 18 496
8. 19 194
8. 20 493
8. 21 191
8. 22 81
8. 23 33
8. 24 995
8. 25 82
8. 26 999
8. 27 55
8. 28 16
8. 29 44
8. 30 998
8. 31 104
8. 32 996
8. 33 496
8. 34 37
8. 35 5
8. 36 9
8. 37 19
8. 38 124
8. 39 997
8. 40 85
8. 41 49
8. 42 330
8. 43 159
8. 44 247
8. 45 325
8. 46 93
8. 47 124
8. 48 24
8. 49 50
8. 50 37
8. 51 165
8. 52 325
8. 53 248
8. 54 328
8. 55 81
8. 56 19
8. 57 29
8. 58 103
8. 59 121
8. 60 90
8. 61 15
8. 62 34
8. 63 68
8. 64 991
8. 65 199
8. 66 63
8. 67 190
8. 68 135
8. 69 135
8. 70 49
8. 71 161
8. 72 999
8. 73 44
8. 74 74
8. 75 102
8. 76 71
8. 77 115
8. 78 330
8. 79 136
8. 80 323
8. 81 999
8. 82 32
8. 83 499
8. 84 990
8. 85 194
8. 86 190
8. 87 990
8. 88 25
8. 89 41
8. 90 137
8. 91 68
8. 92 162
8. 93 141
8. 94 499
8. 95 33
8. 96 498
8. 97 97
8. 98 247
8. 99 99
8. 100 158
8. 101 28
8. 102 98
8. 103 331
8. 104 996
8. 105 115
8. 106 68
8. 107 156
8. 108 492
8. 109 71
8. 110 196
8. 111 497
8. 112 66
8. 113 58
8. 114 240
8. 115 56
8. 116 497
8. 117 162
8. 118 28
8. 119 330
8. 120 325
8. 121 192
8. 122 30
8. 123 329
8. 124 69
8. 125 992
8. 126 193
8. 127 139
8. 128 499
8. 129 245
8. 130 493
8. 131 110
8. 132 118
8. 133 115
8. 134 48
8. 135 92
8. 136 59
8. 137 138
8. 138 34
8. 139 165
8. 140 499
8. 141 48
8. 142 164
8. 143 43
8. 144 492
8. 145 191
8. 146 992
8. 147 75
8. 148 199
8. 149 47
8. 150 57
8. 151 246
8. 152 246
8. 153 58
8. 154 53
8. 155 36
8. 156 324
8. 157 998
8. 158 995
8. 159 991
8. 160 329
8. 161 104
8. 162 69
8. 163 330
8. 164 55
8. 165 997
8. 166 499
8. 167 36
8. 168 156
8. 169 998
8. 170 97
8. 171 998
8. 172 93
8. 173 78
8. 174 999
8. 175 139
8. 176 333
8. 177 65
8. 178 499
8. 179 120
8. 180 26
8. 181 33
8. 182 84
8. 183 58
8. 184 247
8. 185 197
8. 186 998
8. 187 999
8. 188 492
8. 189 80
8. 190 48
8. 191 332
8. 192 990
8. 193 191
8. 194 157
8. 195 52
8. 196 56
8. 197 993
8. 198 196
8. 199 85
8. 200 61
8. 201 195
8. 202 241
8. 203 998
8. 204 28
8. 205 81
8. 206 96
8. 207 87
8. 208 163
8. 209 68
8. 210 158
8. 211 491
8. 212 69
8. 213 132
8. 214 332
8. 215 197
8. 216 88
8. 217 996
8. 218 91
8. 219 48
8. 220 17
8. 221 85
8. 222 17
8. 223 996
8. 224 61
8. 225 326
8. 226 94
8. 227 70
8. 228 136
8. 229 82
8. 230 999
8. 231 96
8. 232 21
8. 233 18
8. 234 248
8. 235 135
8. 236 31
8. 237 45
8. 238 107
8. 239 118
8. 240 110
8. 241 87
8. 242 56
8. 243 195
8. 244 55
8. 245 995
8. 246 499
8. 247 50
8. 248 244
8. 249 161
8. 250 324
8. 251 22
8. 252 49
8. 253 164
8. 254 24
8. 255 87
8. 256 60
8. 257 156
8. 258 86
8. 259 103
8. 260 326
8. 261 44
8. 262 35
8. 263 73
8. 264 60
8. 265 165
8. 266 47
8. 267 190
8. 268 36
8. 269 496
8. 270 325
8. 271 242
8. 272 33
8. 273 90
8. 274 38
8. 275 103
8. 276 43
8. 277 42
8. 278 29
8. 279 496
8. 280 96
8. 281 95
8. 282 87
8. 283 996
8. 284 499
8. 285 329
8. 286 22
8. 287 249
8. 288 323
8. 289 58
8. 290 75
8. 291 999
8. 292 30
8. 293 493
8. 294 157
8. 295 17
8. 296 498
8. 297 52
8. 298 498
8. 299 995
8. 300 158
8. 301 26
8. 302 40
8. 303 241
8. 304 490
8. 305 164
8. 306 133
8. 307 7
8. 308 42
8. 309 42
8. 310 492
8. 311 94
8. 312 199
8. 313 78
8. 314 108
8. 315 991
8. 316 43
8. 317 63
8. 318 193
8. 319 157
8. 320 198
8. 321 15
8. 322 39
8. 323 326
8. 324 50
8. 325 50
8. 326 994
8. 327 56
8. 328 74
8. 329 47
8. 330 164
8. 331 16
8. 332 62
8. 333 115
8. 334 84
8. 335 491
8. 336 240
8. 337 120
8. 338 323
8. 339 325
8. 340 157
8. 341 94
8. 342 498
8. 343 121
8. 344 49
8. 345 324
8. 346 101
8. 347 994
8. 348 194
8. 349 79
8. 350 331
8. 351 48
8. 352 996
8. 353 198
8. 354 197
8. 355 491
8. 356 108
8. 357 45
8. 358 324
8. 359 110
8. 360 240
8. 361 996
8. 362 68
8. 363 27
8. 364 162
8. 365 59
8. 366 63
8. 367 77
8. 368 990
8. 369 992
8. 370 80
8. 371 995
8. 372 241
8. 373 166
8. 374 161
8. 375 134
8. 376 108
8. 377 106
8. 378 243
8. 379 190
8. 380 242
8. 381 326
8. 382 72
8. 383 195
8. 384 84
8. 385 43
8. 386 324
8. 387 490
8. 388 197
8. 389 44
8. 390 329
8. 391 991
8. 392 161
8. 393 87
8. 394 495
8. 395 49
8. 396 165
8. 397 491
8. 398 324
8. 399 52
9. 0 244
9. 1 55
9. 2 246
9. 3 329
9. 4 998
9. 5 196
9. 6 331
9. 7 242
9. 8 49
9. 9 80
9. 10 493
9. 11 156
9. 12 990
9. 13 498
9. 14 48
9. 15 994
9. 16 49
9. 17 497
9. 18 199
9. 19 61
9. 20 54
9. 21 325
9. 22 160
9. 23 993
9. 24 57
9. 25 193
9. 26 136
9. 27 96
9. 28 497
9. 29 21
9. 30 499
9. 31 81
9. 32 121
9. 33 193
9. 34 120
9. 35 999
9. 36 247
9. 37 21
9. 38 62
9. 39 50
9. 40 995
9. 41 244
9. 42 95
9. 43 36
9. 44 325
9. 45 330
9. 46 88
9. 47 990
9. 48 58
9. 49 74
9. 50 63
9. 51 68
9. 52 36
9. 53 51
9. 54 999
9. 55 124
9. 56 61
9. 57 41
9. 58 66
9. 59 92
9. 60 106
9. 61 329
9. 62 157
9. 63 75
9. 64 80
9. 65 28
9. 66 45
9. 67 54
9. 68 163
9. 69 77
9. 70 249
9. 71 247
9. 72 246
9. 73 52
9. 74 997
9. 75 86
9. 76 52
9. 77 90
9. 78 995
9. 79 11
9. 80 12
9. 81 162
9. 82 323
9. 83 42
9. 84 993
9. 85 119
9. 86 495
9. 87 42
9. 88 23
9. 89 241
9. 90 65
9. 91 325
9. 92 18
9. 93 198
9. 94 19
9. 95 246
9. 96 37
9. 97 162
9. 98 120
9. 99 46
9. 100 992
9. 101 124
9. 102 38
9. 103 31
9. 104 44
9. 105 248
9. 106 58
9. 107 73
9. 108 121
9. 109 247
9. 110 53
9. 111 198
9. 112 108
9. 113 498
9. 114 118
9. 115 197
9. 116 331
9. 117 92
9. 118 35
9. 119 191
9. 120 106
9. 121 104
9. 122 245
9. 123 495
9. 124 496
9. 125 39
9. 126 105
9. 127 326
9. 128 999
9. 129 196
9. 130 57
9. 131 26
9. 132 332
9. 133 332
9. 134 87
9. 135 193
9. 136 69
9. 137 159
9. 138 22
9. 139 325
9. 140 329
9. 141 11
9. 142 53
9. 143 16
9. 144 995
9. 145 325
9. 146 157
9. 147 135
9. 148 68
9. 149 326
9. 150 190
9. 151 74
9. 152 490
9. 153 191
9. 154 491
9. 155 994
9. 156 492
9. 157 68
9. 158 994
9. 159 161
9. 160 197
9. 161 995
9. 162 43
9. 163 16
9. 164 102
9. 165 323
9. 166 92
9. 167 496
9. 168 494
9. 169 67
9. 170 45
9. 171 62
9. 172 198
9. 173 12
9. 174 59
9. 175 37
9. 176 493
9. 177 40
9. 178 90
9. 179 106
9. 180 193
9. 181 993
9. 182 158
9. 183 86
9. 184 70
9. 185 48
9. 186 59
9. 187 494
9. 188 71
9. 189 115
9. 190 999
9. 191 31
9. 192 244
9. 193 134
9. 194 34
9. 195 26
9. 196 495
9. 197 82
9. 198 81
9. 199 245
9. 200 36
9. 201 198
9. 202 97
9. 203 69
9. 204 55
9. 205 197
9. 206 195
9. 207 332
9. 208 192
9. 209 39
9. 210 81
9. 211 195
9. 212 329
9. 213 108
9. 214 993
9. 215 491
9. 216 61
9. 217 494
9. 218 24
9. 219 158
9. 220 29
9. 221 66
9. 222 246
9. 223 997
9. 224 997
9. 225 327
9. 226 19
9. 227 492
9. 228 325
9. 229 242
9. 230 83
9. 231 43
9. 232 998
9. 233 997
9. 234 326
9. 235 994
9. 236 51
9. 237 70
9. 238 330
9. 239 193
9. 240 161
9. 241 73
9. 242 499
9. 243 95
9. 244 490
9. 245 19
9. 246 992
9. 247 164
9. 248 992
9. 249 64
9. 250 498
9. 251 160
9. 252 245
9. 253 243
9. 254 244
9. 255 244
9. 256 997
9. 257 63
9. 258 998
9. 259 35
9. 260 69
9. 261 119
9. 262 140
9. 263 995
9. 264 246
9. 265 196
9. 266 87
9. 267 69
9. 268 991
9. 269 93
9. 270 32
9. 271 37
9. 272 118
9. 273 135
9. 274 158
9. 275 165
9. 276 991
9. 277 995
9. 278 499
9. 279 51
9. 280 990
9. 281 499
9. 282 72
9. 283 102
9. 284 73
9. 285 496
9. 286 99
9. 287 499
9. 288 242
9. 289 32
9. 290 495
9. 291 37
9. 292 992
9. 293 73
9. 294 54
9. 295 192
9. 296 106
9. 297 164
9. 298 35
9. 299 59
9. 300 53
9. 301 991
9. 302 45
9. 303 119
9. 304 198
9. 305 498
9. 306 995
9. 307 16
9. 308 118
9. 309 192
9. 310 327
9. 311 46
9. 312 133
9. 313 242
9. 314 324
9. 315 67
9. 316 124
9. 317 116
9. 318 88
9. 319 84
9. 320 491
9. 321 107
9. 322 994
9. 323 18
9. 324 53
9. 325 122
9. 326 196
9. 327 164
9. 328 137
9. 329 323
9. 330 55
9. 331 90
9. 332 98
9. 333 45
9. 334 141
9. 335 330
9. 336 27
9. 337 324
9. 338 194
9. 339 80
9. 340 115
9. 341 996
9. 342 45
9. 343 327
9. 344 133
9. 345 23
9. 346 45
9. 347 50
9. 348 85
9. 349 73
9. 350 46
9. 351 65
9. 352 190
9. 353 990
9. 354 96
9. 355 993
9. 356 246
9. 357 80
9. 358 53
9. 359 994
9. 360 32
9. 361 247
9. 362 326
9. 363 52
9. 364 140
9. 365 141
9. 366 328
9. 367 498
9. 368 32
9. 369 23
9. 370 105
9. 371 995
9. 372 162
9. 373 19
9. 374 99
9. 375 36
9. 376 60
9. 377 102
9. 378 991
9. 379 32
9. 380 249
9. 381 156
9. 382 115
9. 383 96
9. 384 330
9. 385 157
9. 386 89
9. 387 242
9. 388 21
9. 389 323
9. 390 82
9. 391 329
9. 392 331
9. 393 44
9. 394 60
9. 395 997
9. 396 34
9. 397 995
9. 398 246
9. 399 136
/;
parameter a(i,j)/
0. 0 11
0. 1 7
0. 2 1
0. 3 9
0. 4 7
0. 5 27
0. 6 8
0. 7 15
0. 8 3
0. 9 1
0. 10 7
0. 11 5
0. 12 14
0. 13 9
0. 14 17
0. 15 2
0. 16 12
0. 17 4
0. 18 16
0. 19 5
0. 20 8
0. 21 2
0. 22 13
0. 23 8
0. 24 5
0. 25 19
0. 26 1
0. 27 3
0. 28 3
0. 29 4
0. 30 6
0. 31 1
0. 32 5
0. 33 4
0. 34 45
0. 35 11
0. 36 2
0. 37 4
0. 38 1
0. 39 10
0. 40 15
0. 41 2
0. 42 13
0. 43 11
0. 44 10
0. 45 9
0. 46 1
0. 47 1
0. 48 13
0. 49 3
0. 50 7
0. 51 5
0. 52 14
0. 53 4
0. 54 2
0. 55 27
0. 56 26
0. 57 1
0. 58 23
0. 59 5
0. 60 1
0. 61 6
0. 62 50
0. 63 8
0. 64 1
0. 65 14
0. 66 2
0. 67 6
0. 68 10
0. 69 13
0. 70 14
0. 71 14
0. 72 24
0. 73 2
0. 74 9
0. 75 3
0. 76 1
0. 77 8
0. 78 3
0. 79 7
0. 80 5
0. 81 1
0. 82 11
0. 83 3
0. 84 6
0. 85 18
0. 86 16
0. 87 7
0. 88 36
0. 89 14
0. 90 23
0. 91 6
0. 92 16
0. 93 32
0. 94 3
0. 95 17
0. 96 5
0. 97 18
0. 98 4
0. 99 14
0. 100 4
0. 101 1
0. 102 18
0. 103 6
0. 104 5
0. 105 3
0. 106 25
0. 107 9
0. 108 4
0. 109 1
0. 110 4
0. 111 2
0. 112 31
0. 113 13
0. 114 10
0. 115 3
0. 116 3
0. 117 18
0. 118 25
0. 119 7
0. 120 30
0. 121 1
0. 122 5
0. 123 5
0. 124 36
0. 125 20
0. 126 24
0. 127 8
0. 128 4
0. 129 4
0. 130 4
0. 131 15
0. 132 2
0. 133 8
0. 134 5
0. 135 1
0. 136 3
0. 137 6
0. 138 7
0. 139 4
0. 140 3
0. 141 5
0. 142 1
0. 143 9
0. 144 3
0. 145 17
0. 146 12
0. 147 2
0. 148 5
0. 149 48
0. 150 8
0. 151 7
0. 152 13
0. 153 18
0. 154 9
0. 155 6
0. 156 9
0. 157 16
0. 158 27
0. 159 8
0. 160 4
0. 161 12
0. 162 19
0. 163 13
0. 164 7
0. 165 5
0. 166 6
0. 167 3
0. 168 1
0. 169 3
0. 170 1
0. 171 3
0. 172 47
0. 173 9
0. 174 2
0. 175 14
0. 176 5
0. 177 9
0. 178 1
0. 179 22
0. 180 3
0. 181 15
0. 182 11
0. 183 2
0. 184 8
0. 185 5
0. 186 13
0. 187 1
0. 188 47
0. 189 1
0. 190 1
0. 191 17
0. 192 4
0. 193 33
0. 194 10
0. 195 1
0. 196 1
0. 197 3
0. 198 31
0. 199 13
0. 200 26
0. 201 29
0. 202 2
0. 203 4
0. 204 3
0. 205 5
0. 206 6
0. 207 13
0. 208 38
0. 209 34
0. 210 16
0. 211 6
0. 212 26
0. 213 3
0. 214 2
0. 215 5
0. 216 2
0. 217 26
0. 218 19
0. 219 18
0. 220 1
0. 221 16
0. 222 17
0. 223 7
0. 224 12
0. 225 1
0. 226 3
0. 227 7
0. 228 1
0. 229 10
0. 230 20
0. 231 8
0. 232 3
0. 233 9
0. 234 6
0. 235 17
0. 236 23
0. 237 1
0. 238 8
0. 239 18
0. 240 2
0. 241 11
0. 242 1
0. 243 1
0. 244 19
0. 245 3
0. 246 1
0. 247 3
0. 248 16
0. 249 3
0. 250 1
0. 251 8
0. 252 2
0. 253 10
0. 254 28
0. 255 42
0. 256 2
0. 257 4
0. 258 3
0. 259 15
0. 260 3
0. 261 11
0. 262 59
0. 263 21
0. 264 27
0. 265 17
0. 266 6
0. 267 1
0. 268 10
0. 269 13
0. 270 36
0. 271 7
0. 272 5
0. 273 47
0. 274 13
0. 275 2
0. 276 20
0. 277 2
0. 278 1
0. 279 91
0. 280 54
0. 281 18
0. 282 5
0. 283 2
0. 284 26
0. 285 35
0. 286 30
0. 287 19
0. 288 40
0. 289 1
0. 290 1
0. 291 28
0. 292 9
0. 293 3
0. 294 2
0. 295 1
0. 296 4
0. 297 33
0. 298 10
0. 299 12
0. 300 5
0. 301 2
0. 302 4
0. 303 5
0. 304 9
0. 305 35
0. 306 20
0. 307 4
0. 308 4
0. 309 4
0. 310 22
0. 311 2
0. 312 18
0. 313 24
0. 314 11
0. 315 16
0. 316 8
0. 317 28
0. 318 4
0. 319 18
0. 320 16
0. 321 1
0. 322 1
0. 323 3
0. 324 10
0. 325 13
0. 326 1
0. 327 10
0. 328 1
0. 329 1
0. 330 5
0. 331 5
0. 332 5
0. 333 14
0. 334 33
0. 335 4
0. 336 2
0. 337 4
0. 338 4
0. 339 5
0. 340 17
0. 341 6
0. 342 4
0. 343 3
0. 344 15
0. 345 5
0. 346 18
0. 347 21
0. 348 10
0. 349 4
0. 350 7
0. 351 19
0. 352 12
0. 353 32
0. 354 15
0. 355 37
0. 356 5
0. 357 7
0. 358 4
0. 359 4
0. 360 8
0. 361 21
0. 362 1
0. 363 1
0. 364 9
0. 365 10
0. 366 5
0. 367 4
0. 368 19
0. 369 6
0. 370 28
0. 371 5
0. 372 12
0. 373 2
0. 374 26
0. 375 1
0. 376 13
0. 377 14
0. 378 12
0. 379 23
0. 380 2
0. 381 8
0. 382 18
0. 383 1
0. 384 2
0. 385 27
0. 386 5
0. 387 18
0. 388 2
0. 389 4
0. 390 8
0. 391 1
0. 392 3
0. 393 16
0. 394 22
0. 395 35
0. 396 3
0. 397 10
0. 398 17
0. 399 10
1. 0 39
1. 1 5
1. 2 6
1. 3 5
1. 4 7
1. 5 9
1. 6 4
1. 7 16
1. 8 1
1. 9 4
1. 10 31
1. 11 9
1. 12 11
1. 13 16
1. 14 10
1. 15 12
1. 16 3
1. 17 26
1. 18 1
1. 19 8
1. 20 16
1. 21 16
1. 22 4
1. 23 23
1. 24 4
1. 25 22
1. 26 2
1. 27 4
1. 28 35
1. 29 3
1. 30 9
1. 31 10
1. 32 3
1. 33 26
1. 34 8
1. 35 19
1. 36 3
1. 37 16
1. 38 27
1. 39 8
1. 40 10
1. 41 1
1. 42 5
1. 43 19
1. 44 1
1. 45 26
1. 46 1
1. 47 4
1. 48 4
1. 49 8
1. 50 2
1. 51 1
1. 52 11
1. 53 3
1. 54 1
1. 55 3
1. 56 3
1. 57 47
1. 58 27
1. 59 11
1. 60 32
1. 61 10
1. 62 23
1. 63 24
1. 64 11
1. 65 9
1. 66 22
1. 67 4
1. 68 7
1. 69 4
1. 70 4
1. 71 10
1. 72 9
1. 73 8
1. 74 6
1. 75 16
1. 76 11
1. 77 6
1. 78 5
1. 79 9
1. 80 2
1. 81 2
1. 82 8
1. 83 6
1. 84 5
1. 85 8
1. 86 2
1. 87 6
1. 88 40
1. 89 9
1. 90 5
1. 91 11
1. 92 15
1. 93 12
1. 94 21
1. 95 4
1. 96 22
1. 97 6
1. 98 1
1. 99 6
1. 100 1
1. 101 7
1. 102 11
1. 103 13
1. 104 9
1. 105 1
1. 106 18
1. 107 12
1. 108 4
1. 109 9
1. 110 11
1. 111 5
1. 112 2
1. 113 10
1. 114 5
1. 115 2
1. 116 2
1. 117 6
1. 118 1
1. 119 3
1. 120 28
1. 121 15
1. 122 6
1. 123 3
1. 124 5
1. 125 1
1. 126 10
1. 127 11
1. 128 23
1. 129 5
1. 130 7
1. 131 3
1. 132 7
1. 133 3
1. 134 6
1. 135 9
1. 136 17
1. 137 15
1. 138 44
1. 139 1
1. 140 2
1. 141 3
1. 142 35
1. 143 15
1. 144 23
1. 145 14
1. 146 11
1. 147 11
1. 148 7
1. 149 2
1. 150 25
1. 151 6
1. 152 27
1. 153 7
1. 154 2
1. 155 5
1. 156 3
1. 157 16
1. 158 2
1. 159 3
1. 160 2
1. 161 23
1. 162 12
1. 163 14
1. 164 6
1. 165 3
1. 166 22
1. 167 1
1. 168 15
1. 169 3
1. 170 5
1. 171 6
1. 172 20
1. 173 1
1. 174 4
1. 175 35
1. 176 11
1. 177 19
1. 178 4
1. 179 12
1. 180 7
1. 181 12
1. 182 1
1. 183 2
1. 184 3
1. 185 2
1. 186 5
1. 187 5
1. 188 3
1. 189 67
1. 190 5
1. 191 4
1. 192 6
1. 193 3
1. 194 1
1. 195 5
1. 196 3
1. 197 26
1. 198 2
1. 199 6
1. 200 6
1. 201 21
1. 202 4
1. 203 16
1. 204 10
1. 205 3
1. 206 8
1. 207 6
1. 208 31
1. 209 37
1. 210 1
1. 211 1
1. 212 8
1. 213 18
1. 214 9
1. 215 9
1. 216 7
1. 217 2
1. 218 43
1. 219 12
1. 220 14
1. 221 3
1. 222 2
1. 223 6
1. 224 2
1. 225 3
1. 226 20
1. 227 7
1. 228 6
1. 229 4
1. 230 5
1. 231 23
1. 232 3
1. 233 14
1. 234 2
1. 235 2
1. 236 21
1. 237 14
1. 238 8
1. 239 16
1. 240 20
1. 241 22
1. 242 20
1. 243 38
1. 244 9
1. 245 28
1. 246 10
1. 247 2
1. 248 23
1. 249 3
1. 250 13
1. 251 28
1. 252 6
1. 253 20
1. 254 7
1. 255 4
1. 256 32
1. 257 8
1. 258 6
1. 259 17
1. 260 3
1. 261 1
1. 262 9
1. 263 1
1. 264 1
1. 265 11
1. 266 1
1. 267 10
1. 268 11
1. 269 4
1. 270 2
1. 271 17
1. 272 17
1. 273 53
1. 274 5
1. 275 10
1. 276 32
1. 277 1
1. 278 2
1. 279 6
1. 280 1
1. 281 2
1. 282 4
1. 283 30
1. 284 7
1. 285 18
1. 286 33
1. 287 20
1. 288 2
1. 289 5
1. 290 20
1. 291 3
1. 292 3
1. 293 11
1. 294 18
1. 295 8
1. 296 1
1. 297 35
1. 298 4
1. 299 14
1. 300 5
1. 301 3
1. 302 1
1. 303 8
1. 304 13
1. 305 6
1. 306 3
1. 307 7
1. 308 6
1. 309 1
1. 310 3
1. 311 3
1. 312 20
1. 313 1
1. 314 5
1. 315 13
1. 316 10
1. 317 18
1. 318 5
1. 319 2
1. 320 3
1. 321 13
1. 322 5
1. 323 16
1. 324 5
1. 325 3
1. 326 1
1. 327 4
1. 328 3
1. 329 22
1. 330 33
1. 331 1
1. 332 16
1. 333 8
1. 334 1
1. 335 2
1. 336 29
1. 337 45
1. 338 1
1. 339 2
1. 340 2
1. 341 4
1. 342 12
1. 343 8
1. 344 22
1. 345 1
1. 346 8
1. 347 6
1. 348 20
1. 349 3
1. 350 5
1. 351 7
1. 352 5
1. 353 3
1. 354 1
1. 355 12
1. 356 1
1. 357 7
1. 358 1
1. 359 4
1. 360 7
1. 361 3
1. 362 2
1. 363 5
1. 364 4
1. 365 29
1. 366 9
1. 367 29
1. 368 3
1. 369 2
1. 370 5
1. 371 8
1. 372 21
1. 373 22
1. 374 5
1. 375 7
1. 376 32
1. 377 12
1. 378 4
1. 379 6
1. 380 12
1. 381 2
1. 382 7
1. 383 4
1. 384 1
1. 385 3
1. 386 17
1. 387 6
1. 388 2
1. 389 1
1. 390 15
1. 391 29
1. 392 8
1. 393 6
1. 394 13
1. 395 11
1. 396 9
1. 397 22
1. 398 3
1. 399 9
2. 0 18
2. 1 2
2. 2 12
2. 3 9
2. 4 9
2. 5 14
2. 6 2
2. 7 7
2. 8 6
2. 9 6
2. 10 2
2. 11 5
2. 12 1
2. 13 4
2. 14 3
2. 15 4
2. 16 2
2. 17 15
2. 18 12
2. 19 8
2. 20 41
2. 21 28
2. 22 19
2. 23 10
2. 24 7
2. 25 13
2. 26 14
2. 27 1
2. 28 16
2. 29 6
2. 30 9
2. 31 13
2. 32 5
2. 33 15
2. 34 6
2. 35 9
2. 36 20
2. 37 4
2. 38 10
2. 39 1
2. 40 1
2. 41 2
2. 42 6
2. 43 27
2. 44 6
2. 45 1
2. 46 2
2. 47 3
2. 48 52
2. 49 8
2. 50 8
2. 51 17
2. 52 4
2. 53 2
2. 54 1
2. 55 24
2. 56 13
2. 57 1
2. 58 1
2. 59 22
2. 60 8
2. 61 5
2. 62 49
2. 63 5
2. 64 30
2. 65 10
2. 66 29
2. 67 18
2. 68 11
2. 69 20
2. 70 7
2. 71 31
2. 72 75
2. 73 15
2. 74 8
2. 75 1
2. 76 7
2. 77 12
2. 78 7
2. 79 3
2. 80 8
2. 81 23
2. 82 2
2. 83 4
2. 84 3
2. 85 2
2. 86 25
2. 87 13
2. 88 2
2. 89 21
2. 90 6
2. 91 14
2. 92 21
2. 93 3
2. 94 17
2. 95 9
2. 96 2
2. 97 29
2. 98 7
2. 99 40
2. 100 4
2. 101 3
2. 102 6
2. 103 1
2. 104 31
2. 105 9
2. 106 13
2. 107 28
2. 108 9
2. 109 20
2. 110 13
2. 111 6
2. 112 25
2. 113 57
2. 114 4
2. 115 3
2. 116 7
2. 117 2
2. 118 1
2. 119 53
2. 120 3
2. 121 8
2. 122 10
2. 123 4
2. 124 3
2. 125 1
2. 126 5
2. 127 13
2. 128 16
2. 129 11
2. 130 5
2. 131 16
2. 132 13
2. 133 54
2. 134 19
2. 135 7
2. 136 36
2. 137 13
2. 138 3
2. 139 18
2. 140 5
2. 141 2
2. 142 1
2. 143 3
2. 144 21
2. 145 9
2. 146 13
2. 147 16
2. 148 1
2. 149 1
2. 150 1
2. 151 40
2. 152 13
2. 153 32
2. 154 4
2. 155 8
2. 156 9
2. 157 12
2. 158 21
2. 159 3
2. 160 6
2. 161 5
2. 162 10
2. 163 3
2. 164 2
2. 165 6
2. 166 4
2. 167 7
2. 168 9
2. 169 29
2. 170 2
2. 171 3
2. 172 29
2. 173 13
2. 174 11
2. 175 4
2. 176 7
2. 177 2
2. 178 1
2. 179 12
2. 180 5
2. 181 11
2. 182 3
2. 183 1
2. 184 17
2. 185 15
2. 186 2
2. 187 6
2. 188 3
2. 189 15
2. 190 8
2. 191 20
2. 192 17
2. 193 5
2. 194 6
2. 195 5
2. 196 3
2. 197 8
2. 198 2
2. 199 10
2. 200 12
2. 201 15
2. 202 10
2. 203 21
2. 204 30
2. 205 7
2. 206 13
2. 207 4
2. 208 5
2. 209 14
2. 210 15
2. 211 9
2. 212 6
2. 213 1
2. 214 54
2. 215 15
2. 216 3
2. 217 4
2. 218 11
2. 219 5
2. 220 37
2. 221 6
2. 222 6
2. 223 6
2. 224 4
2. 225 12
2. 226 21
2. 227 10
2. 228 3
2. 229 23
2. 230 17
2. 231 7
2. 232 14
2. 233 5
2. 234 11
2. 235 10
2. 236 5
2. 237 28
2. 238 4
2. 239 4
2. 240 7
2. 241 4
2. 242 7
2. 243 6
2. 244 10
2. 245 4
2. 246 12
2. 247 24
2. 248 37
2. 249 8
2. 250 4
2. 251 17
2. 252 1
2. 253 11
2. 254 9
2. 255 46
2. 256 8
2. 257 41
2. 258 20
2. 259 6
2. 260 12
2. 261 19
2. 262 7
2. 263 81
2. 264 8
2. 265 8
2. 266 3
2. 267 8
2. 268 10
2. 269 5
2. 270 6
2. 271 5
2. 272 4
2. 273 4
2. 274 9
2. 275 4
2. 276 12
2. 277 1
2. 278 8
2. 279 6
2. 280 13
2. 281 2
2. 282 10
2. 283 5
2. 284 1
2. 285 27
2. 286 1
2. 287 18
2. 288 12
2. 289 10
2. 290 4
2. 291 9
2. 292 9
2. 293 6
2. 294 6
2. 295 2
2. 296 4
2. 297 19
2. 298 2
2. 299 19
2. 300 9
2. 301 14
2. 302 1
2. 303 27
2. 304 10
2. 305 35
2. 306 7
2. 307 9
2. 308 22
2. 309 14
2. 310 13
2. 311 6
2. 312 5
2. 313 9
2. 314 19
2. 315 29
2. 316 3
2. 317 10
2. 318 12
2. 319 5
2. 320 5
2. 321 12
2. 322 2
2. 323 29
2. 324 5
2. 325 4
2. 326 15
2. 327 3
2. 328 17
2. 329 8
2. 330 6
2. 331 1
2. 332 10
2. 333 10
2. 334 1
2. 335 6
2. 336 16
2. 337 3
2. 338 8
2. 339 11
2. 340 25
2. 341 4
2. 342 6
2. 343 3
2. 344 5
2. 345 21
2. 346 5
2. 347 8
2. 348 26
2. 349 11
2. 350 5
2. 351 2
2. 352 11
2. 353 20
2. 354 1
2. 355 9
2. 356 1
2. 357 22
2. 358 11
2. 359 9
2. 360 2
2. 361 7
2. 362 12
2. 363 13
2. 364 6
2. 365 5
2. 366 4
2. 367 11
2. 368 9
2. 369 9
2. 370 25
2. 371 4
2. 372 21
2. 373 9
2. 374 10
2. 375 6
2. 376 9
2. 377 15
2. 378 6
2. 379 5
2. 380 3
2. 381 13
2. 382 35
2. 383 2
2. 384 23
2. 385 10
2. 386 19
2. 387 15
2. 388 18
2. 389 3
2. 390 1
2. 391 19
2. 392 24
2. 393 5
2. 394 12
2. 395 12
2. 396 3
2. 397 29
2. 398 8
2. 399 7
3. 0 2
3. 1 5
3. 2 21
3. 3 4
3. 4 4
3. 5 22
3. 6 5
3. 7 10
3. 8 3
3. 9 14
3. 10 2
3. 11 21
3. 12 9
3. 13 2
3. 14 2
3. 15 2
3. 16 1
3. 17 1
3. 18 2
3. 19 35
3. 20 8
3. 21 2
3. 22 1
3. 23 17
3. 24 2
3. 25 5
3. 26 1
3. 27 37
3. 28 11
3. 29 1
3. 30 7
3. 31 31
3. 32 2
3. 33 8
3. 34 8
3. 35 13
3. 36 3
3. 37 5
3. 38 10
3. 39 13
3. 40 2
3. 41 26
3. 42 14
3. 43 10
3. 44 15
3. 45 27
3. 46 9
3. 47 8
3. 48 8
3. 49 1
3. 50 9
3. 51 17
3. 52 5
3. 53 1
3. 54 6
3. 55 7
3. 56 2
3. 57 7
3. 58 7
3. 59 15
3. 60 16
3. 61 1
3. 62 13
3. 63 6
3. 64 10
3. 65 15
3. 66 45
3. 67 17
3. 68 1
3. 69 22
3. 70 3
3. 71 18
3. 72 7
3. 73 2
3. 74 3
3. 75 6
3. 76 1
3. 77 18
3. 78 24
3. 79 9
3. 80 1
3. 81 28
3. 82 11
3. 83 2
3. 84 63
3. 85 2
3. 86 1
3. 87 37
3. 88 1
3. 89 7
3. 90 5
3. 91 6
3. 92 2
3. 93 1
3. 94 21
3. 95 4
3. 96 1
3. 97 4
3. 98 3
3. 99 1
3. 100 10
3. 101 19
3. 102 38
3. 103 3
3. 104 18
3. 105 17
3. 106 8
3. 107 3
3. 108 3
3. 109 3
3. 110 11
3. 111 17
3. 112 14
3. 113 1
3. 114 22
3. 115 46
3. 116 7
3. 117 3
3. 118 15
3. 119 12
3. 120 37
3. 121 10
3. 122 3
3. 123 8
3. 124 9
3. 125 17
3. 126 7
3. 127 3
3. 128 5
3. 129 4
3. 130 2
3. 131 25
3. 132 3
3. 133 6
3. 134 12
3. 135 4
3. 136 3
3. 137 3
3. 138 11
3. 139 3
3. 140 6
3. 141 3
3. 142 4
3. 143 1
3. 144 6
3. 145 2
3. 146 12
3. 147 8
3. 148 5
3. 149 12
3. 150 3
3. 151 2
3. 152 16
3. 153 26
3. 154 6
3. 155 19
3. 156 8
3. 157 12
3. 158 26
3. 159 1
3. 160 1
3. 161 4
3. 162 14
3. 163 4
3. 164 13
3. 165 8
3. 166 39
3. 167 12
3. 168 2
3. 169 4
3. 170 6
3. 171 12
3. 172 4
3. 173 11
3. 174 4
3. 175 2
3. 176 1
3. 177 20
3. 178 5
3. 179 3
3. 180 9
3. 181 23
3. 182 2
3. 183 1
3. 184 11
3. 185 2
3. 186 5
3. 187 4
3. 188 19
3. 189 20
3. 190 12
3. 191 20
3. 192 13
3. 193 21
3. 194 15
3. 195 3
3. 196 2
3. 197 12
3. 198 8
3. 199 4
3. 200 7
3. 201 7
3. 202 13
3. 203 3
3. 204 15
3. 205 24
3. 206 1
3. 207 4
3. 208 3
3. 209 5
3. 210 4
3. 211 8
3. 212 7
3. 213 12
3. 214 2
3. 215 6
3. 216 3
3. 217 15
3. 218 4
3. 219 1
3. 220 14
3. 221 2
3. 222 1
3. 223 17
3. 224 14
3. 225 57
3. 226 39
3. 227 18
3. 228 2
3. 229 2
3. 230 21
3. 231 1
3. 232 11
3. 233 1
3. 234 3
3. 235 9
3. 236 5
3. 237 2
3. 238 13
3. 239 15
3. 240 25
3. 241 12
3. 242 9
3. 243 4
3. 244 1
3. 245 10
3. 246 10
3. 247 4
3. 248 9
3. 249 16
3. 250 6
3. 251 4
3. 252 26
3. 253 32
3. 254 3
3. 255 4
3. 256 16
3. 257 7
3. 258 1
3. 259 6
3. 260 20
3. 261 14
3. 262 8
3. 263 2
3. 264 6
3. 265 1
3. 266 9
3. 267 9
3. 268 1
3. 269 4
3. 270 11
3. 271 1
3. 272 7
3. 273 5
3. 274 8
3. 275 8
3. 276 5
3. 277 33
3. 278 2
3. 279 24
3. 280 3
3. 281 1
3. 282 20
3. 283 12
3. 284 8
3. 285 9
3. 286 9
3. 287 35
3. 288 40
3. 289 15
3. 290 13
3. 291 11
3. 292 12
3. 293 3
3. 294 27
3. 295 1
3. 296 1
3. 297 2
3. 298 8
3. 299 5
3. 300 1
3. 301 15
3. 302 43
3. 303 23
3. 304 17
3. 305 11
3. 306 2
3. 307 4
3. 308 4
3. 309 12
3. 310 2
3. 311 17
3. 312 1
3. 313 49
3. 314 14
3. 315 19
3. 316 2
3. 317 21
3. 318 1
3. 319 8
3. 320 21
3. 321 1
3. 322 6
3. 323 2
3. 324 9
3. 325 14
3. 326 6
3. 327 3
3. 328 2
3. 329 6
3. 330 7
3. 331 3
3. 332 5
3. 333 20
3. 334 19
3. 335 2
3. 336 2
3. 337 12
3. 338 7
3. 339 27
3. 340 21
3. 341 6
3. 342 22
3. 343 11
3. 344 9
3. 345 17
3. 346 1
3. 347 11
3. 348 12
3. 349 5
3. 350 24
3. 351 1
3. 352 7
3. 353 1
3. 354 16
3. 355 28
3. 356 25
3. 357 5
3. 358 6
3. 359 9
3. 360 21
3. 361 1
3. 362 1
3. 363 11
3. 364 37
3. 365 7
3. 366 3
3. 367 14
3. 368 3
3. 369 1
3. 370 8
3. 371 39
3. 372 15
3. 373 7
3. 374 13
3. 375 4
3. 376 8
3. 377 5
3. 378 20
3. 379 2
3. 380 12
3. 381 5
3. 382 1
3. 383 8
3. 384 3
3. 385 6
3. 386 3
3. 387 1
3. 388 7
3. 389 15
3. 390 1
3. 391 26
3. 392 15
3. 393 15
3. 394 10
3. 395 3
3. 396 12
3. 397 2
3. 398 3
3. 399 1
4. 0 3
4. 1 1
4. 2 3
4. 3 2
4. 4 28
4. 5 27
4. 6 18
4. 7 17
4. 8 3
4. 9 2
4. 10 29
4. 11 12
4. 12 58
4. 13 13
4. 14 6
4. 15 6
4. 16 28
4. 17 5
4. 18 1
4. 19 20
4. 20 8
4. 21 4
4. 22 8
4. 23 7
4. 24 15
4. 25 20
4. 26 9
4. 27 23
4. 28 9
4. 29 3
4. 30 12
4. 31 8
4. 32 11
4. 33 26
4. 34 6
4. 35 4
4. 36 21
4. 37 6
4. 38 5
4. 39 5
4. 40 4
4. 41 6
4. 42 2
4. 43 10
4. 44 29
4. 45 2
4. 46 1
4. 47 3
4. 48 45
4. 49 11
4. 50 10
4. 51 17
4. 52 13
4. 53 35
4. 54 1
4. 55 8
4. 56 5
4. 57 6
4. 58 2
4. 59 10
4. 60 2
4. 61 11
4. 62 7
4. 63 13
4. 64 10
4. 65 4
4. 66 22
4. 67 9
4. 68 7
4. 69 5
4. 70 7
4. 71 5
4. 72 28
4. 73 2
4. 74 5
4. 75 9
4. 76 4
4. 77 20
4. 78 9
4. 79 10
4. 80 2
4. 81 1
4. 82 3
4. 83 9
4. 84 2
4. 85 9
4. 86 11
4. 87 9
4. 88 4
4. 89 3
4. 90 13
4. 91 11
4. 92 5
4. 93 1
4. 94 5
4. 95 6
4. 96 9
4. 97 8
4. 98 5
4. 99 3
4. 100 1
4. 101 18
4. 102 2
4. 103 8
4. 104 13
4. 105 16
4. 106 2
4. 107 6
4. 108 2
4. 109 28
4. 110 24
4. 111 8
4. 112 7
4. 113 11
4. 114 1
4. 115 1
4. 116 6
4. 117 7
4. 118 4
4. 119 5
4. 120 1
4. 121 14
4. 122 5
4. 123 6
4. 124 13
4. 125 21
4. 126 2
4. 127 13
4. 128 5
4. 129 22
4. 130 7
4. 131 10
4. 132 6
4. 133 9
4. 134 6
4. 135 8
4. 136 10
4. 137 15
4. 138 4
4. 139 1
4. 140 4
4. 141 1
4. 142 12
4. 143 1
4. 144 13
4. 145 8
4. 146 4
4. 147 3
4. 148 8
4. 149 17
4. 150 27
4. 151 13
4. 152 2
4. 153 1
4. 154 3
4. 155 7
4. 156 1
4. 157 1
4. 158 7
4. 159 13
4. 160 6
4. 161 1
4. 162 21
4. 163 7
4. 164 13
4. 165 1
4. 166 1
4. 167 6
4. 168 2
4. 169 43
4. 170 3
4. 171 19
4. 172 12
4. 173 9
4. 174 9
4. 175 7
4. 176 22
4. 177 4
4. 178 23
4. 179 5
4. 180 19
4. 181 5
4. 182 7
4. 183 15
4. 184 23
4. 185 39
4. 186 4
4. 187 10
4. 188 8
4. 189 4
4. 190 31
4. 191 17
4. 192 7
4. 193 11
4. 194 1
4. 195 12
4. 196 10
4. 197 6
4. 198 1
4. 199 4
4. 200 2
4. 201 2
4. 202 11
4. 203 1
4. 204 19
4. 205 8
4. 206 2
4. 207 4
4. 208 7
4. 209 4
4. 210 30
4. 211 29
4. 212 4
4. 213 11
4. 214 12
4. 215 15
4. 216 20
4. 217 1
4. 218 13
4. 219 18
4. 220 32
4. 221 1
4. 222 2
4. 223 9
4. 224 14
4. 225 13
4. 226 9
4. 227 2
4. 228 3
4. 229 8
4. 230 1
4. 231 10
4. 232 30
4. 233 9
4. 234 24
4. 235 3
4. 236 14
4. 237 13
4. 238 29
4. 239 1
4. 240 6
4. 241 8
4. 242 5
4. 243 8
4. 244 1
4. 245 17
4. 246 5
4. 247 2
4. 248 1
4. 249 7
4. 250 4
4. 251 4
4. 252 8
4. 253 5
4. 254 8
4. 255 13
4. 256 22
4. 257 3
4. 258 16
4. 259 2
4. 260 1
4. 261 20
4. 262 27
4. 263 19
4. 264 4
4. 265 4
4. 266 6
4. 267 2
4. 268 14
4. 269 9
4. 270 5
4. 271 13
4. 272 2
4. 273 14
4. 274 1
4. 275 25
4. 276 1
4. 277 13
4. 278 2
4. 279 8
4. 280 1
4. 281 2
4. 282 39
4. 283 4
4. 284 16
4. 285 2
4. 286 7
4. 287 3
4. 288 38
4. 289 10
4. 290 1
4. 291 1
4. 292 2
4. 293 10
4. 294 3
4. 295 14
4. 296 7
4. 297 1
4. 298 9
4. 299 14
4. 300 11
4. 301 2
4. 302 21
4. 303 3
4. 304 6
4. 305 5
4. 306 19
4. 307 2
4. 308 5
4. 309 23
4. 310 14
4. 311 14
4. 312 11
4. 313 8
4. 314 8
4. 315 6
4. 316 16
4. 317 12
4. 318 6
4. 319 2
4. 320 9
4. 321 3
4. 322 11
4. 323 7
4. 324 12
4. 325 12
4. 326 10
4. 327 3
4. 328 1
4. 329 5
4. 330 9
4. 331 2
4. 332 15
4. 333 5
4. 334 14
4. 335 16
4. 336 6
4. 337 5
4. 338 7
4. 339 4
4. 340 9
4. 341 10
4. 342 11
4. 343 19
4. 344 4
4. 345 41
4. 346 12
4. 347 5
4. 348 1
4. 349 4
4. 350 11
4. 351 20
4. 352 10
4. 353 57
4. 354 19
4. 355 2
4. 356 12
4. 357 11
4. 358 8
4. 359 5
4. 360 1
4. 361 2
4. 362 12
4. 363 15
4. 364 14
4. 365 11
4. 366 3
4. 367 20
4. 368 37
4. 369 10
4. 370 11
4. 371 16
4. 372 15
4. 373 15
4. 374 5
4. 375 39
4. 376 15
4. 377 6
4. 378 2
4. 379 1
4. 380 5
4. 381 12
4. 382 5
4. 383 18
4. 384 8
4. 385 7
4. 386 16
4. 387 45
4. 388 5
4. 389 15
4. 390 8
4. 391 6
4. 392 2
4. 393 4
4. 394 1
4. 395 38
4. 396 12
4. 397 3
4. 398 10
4. 399 1
5. 0 2
5. 1 8
5. 2 44
5. 3 2
5. 4 7
5. 5 33
5. 6 5
5. 7 9
5. 8 3
5. 9 8
5. 10 8
5. 11 10
5. 12 3
5. 13 7
5. 14 16
5. 15 13
5. 16 2
5. 17 1
5. 18 9
5. 19 3
5. 20 6
5. 21 52
5. 22 58
5. 23 1
5. 24 2
5. 25 3
5. 26 13
5. 27 8
5. 28 3
5. 29 24
5. 30 34
5. 31 1
5. 32 5
5. 33 4
5. 34 1
5. 35 3
5. 36 9
5. 37 8
5. 38 1
5. 39 2
5. 40 7
5. 41 8
5. 42 5
5. 43 4
5. 44 5
5. 45 19
5. 46 52
5. 47 6
5. 48 14
5. 49 9
5. 50 3
5. 51 2
5. 52 1
5. 53 44
5. 54 4
5. 55 13
5. 56 7
5. 57 3
5. 58 15
5. 59 4
5. 60 5
5. 61 4
5. 62 5
5. 63 18
5. 64 19
5. 65 13
5. 66 6
5. 67 16
5. 68 6
5. 69 6
5. 70 10
5. 71 8
5. 72 8
5. 73 7
5. 74 3
5. 75 8
5. 76 30
5. 77 13
5. 78 1
5. 79 1
5. 80 1
5. 81 20
5. 82 14
5. 83 4
5. 84 13
5. 85 1
5. 86 10
5. 87 5
5. 88 35
5. 89 34
5. 90 2
5. 91 4
5. 92 7
5. 93 12
5. 94 25
5. 95 10
5. 96 23
5. 97 4
5. 98 7
5. 99 1
5. 100 19
5. 101 4
5. 102 6
5. 103 10
5. 104 25
5. 105 2
5. 106 6
5. 107 1
5. 108 13
5. 109 12
5. 110 23
5. 111 13
5. 112 2
5. 113 3
5. 114 1
5. 115 4
5. 116 8
5. 117 3
5. 118 4
5. 119 1
5. 120 23
5. 121 2
5. 122 12
5. 123 22
5. 124 8
5. 125 31
5. 126 7
5. 127 13
5. 128 6
5. 129 4
5. 130 10
5. 131 3
5. 132 1
5. 133 8
5. 134 10
5. 135 9
5. 136 12
5. 137 14
5. 138 6
5. 139 11
5. 140 13
5. 141 1
5. 142 7
5. 143 36
5. 144 14
5. 145 13
5. 146 42
5. 147 3
5. 148 41
5. 149 3
5. 150 6
5. 151 45
5. 152 31
5. 153 21
5. 154 4
5. 155 6
5. 156 14
5. 157 14
5. 158 35
5. 159 11
5. 160 12
5. 161 10
5. 162 3
5. 163 23
5. 164 17
5. 165 3
5. 166 5
5. 167 13
5. 168 3
5. 169 7
5. 170 8
5. 171 5
5. 172 7
5. 173 14
5. 174 13
5. 175 5
5. 176 17
5. 177 1
5. 178 5
5. 179 30
5. 180 25
5. 181 5
5. 182 2
5. 183 9
5. 184 4
5. 185 2
5. 186 15
5. 187 9
5. 188 33
5. 189 5
5. 190 3
5. 191 2
5. 192 8
5. 193 17
5. 194 6
5. 195 12
5. 196 2
5. 197 1
5. 198 11
5. 199 9
5. 200 5
5. 201 1
5. 202 23
5. 203 7
5. 204 1
5. 205 6
5. 206 5
5. 207 16
5. 208 17
5. 209 15
5. 210 20
5. 211 20
5. 212 11
5. 213 16
5. 214 6
5. 215 7
5. 216 6
5. 217 8
5. 218 14
5. 219 2
5. 220 5
5. 221 17
5. 222 1
5. 223 1
5. 224 1
5. 225 2
5. 226 7
5. 227 7
5. 228 10
5. 229 5
5. 230 9
5. 231 16
5. 232 6
5. 233 27
5. 234 16
5. 235 5
5. 236 16
5. 237 6
5. 238 2
5. 239 2
5. 240 11
5. 241 21
5. 242 3
5. 243 6
5. 244 1
5. 245 4
5. 246 4
5. 247 5
5. 248 7
5. 249 4
5. 250 28
5. 251 1
5. 252 8
5. 253 16
5. 254 1
5. 255 8
5. 256 24
5. 257 9
5. 258 9
5. 259 4
5. 260 4
5. 261 6
5. 262 64
5. 263 4
5. 264 2
5. 265 3
5. 266 4
5. 267 10
5. 268 8
5. 269 18
5. 270 13
5. 271 12
5. 272 12
5. 273 3
5. 274 27
5. 275 3
5. 276 2
5. 277 3
5. 278 11
5. 279 5
5. 280 16
5. 281 7
5. 282 24
5. 283 11
5. 284 8
5. 285 11
5. 286 38
5. 287 18
5. 288 2
5. 289 16
5. 290 14
5. 291 5
5. 292 7
5. 293 29
5. 294 19
5. 295 2
5. 296 11
5. 297 17
5. 298 7
5. 299 41
5. 300 10
5. 301 4
5. 302 13
5. 303 13
5. 304 11
5. 305 3
5. 306 11
5. 307 1
5. 308 15
5. 309 16
5. 310 4
5. 311 9
5. 312 4
5. 313 13
5. 314 2
5. 315 3
5. 316 28
5. 317 7
5. 318 5
5. 319 6
5. 320 4
5. 321 2
5. 322 52
5. 323 3
5. 324 2
5. 325 6
5. 326 23
5. 327 10
5. 328 10
5. 329 2
5. 330 4
5. 331 7
5. 332 12
5. 333 4
5. 334 13
5. 335 20
5. 336 18
5. 337 3
5. 338 16
5. 339 1
5. 340 22
5. 341 17
5. 342 1
5. 343 4
5. 344 5
5. 345 4
5. 346 3
5. 347 4
5. 348 11
5. 349 60
5. 350 12
5. 351 24
5. 352 4
5. 353 8
5. 354 4
5. 355 4
5. 356 7
5. 357 1
5. 358 27
5. 359 2
5. 360 1
5. 361 6
5. 362 15
5. 363 4
5. 364 42
5. 365 19
5. 366 2
5. 367 18
5. 368 17
5. 369 25
5. 370 16
5. 371 6
5. 372 1
5. 373 17
5. 374 12
5. 375 2
5. 376 11
5. 377 5
5. 378 6
5. 379 14
5. 380 1
5. 381 11
5. 382 7
5. 383 3
5. 384 6
5. 385 16
5. 386 7
5. 387 9
5. 388 5
5. 389 9
5. 390 10
5. 391 6
5. 392 6
5. 393 8
5. 394 12
5. 395 12
5. 396 1
5. 397 15
5. 398 7
5. 399 9
6. 0 14
6. 1 30
6. 2 43
6. 3 6
6. 4 4
6. 5 36
6. 6 14
6. 7 21
6. 8 7
6. 9 8
6. 10 2
6. 11 6
6. 12 31
6. 13 10
6. 14 1
6. 15 4
6. 16 10
6. 17 4
6. 18 5
6. 19 25
6. 20 20
6. 21 12
6. 22 9
6. 23 2
6. 24 12
6. 25 1
6. 26 22
6. 27 4
6. 28 44
6. 29 8
6. 30 1
6. 31 2
6. 32 2
6. 33 8
6. 34 12
6. 35 16
6. 36 22
6. 37 3
6. 38 23
6. 39 4
6. 40 6
6. 41 4
6. 42 10
6. 43 7
6. 44 10
6. 45 10
6. 46 18
6. 47 5
6. 48 1
6. 49 1
6. 50 16
6. 51 8
6. 52 11
6. 53 9
6. 54 6
6. 55 7
6. 56 2
6. 57 3
6. 58 1
6. 59 14
6. 60 3
6. 61 4
6. 62 3
6. 63 34
6. 64 23
6. 65 10
6. 66 2
6. 67 2
6. 68 14
6. 69 1
6. 70 11
6. 71 11
6. 72 8
6. 73 14
6. 74 1
6. 75 3
6. 76 14
6. 77 3
6. 78 1
6. 79 21
6. 80 6
6. 81 37
6. 82 6
6. 83 18
6. 84 14
6. 85 2
6. 86 9
6. 87 7
6. 88 12
6. 89 40
6. 90 62
6. 91 57
6. 92 11
6. 93 23
6. 94 1
6. 95 7
6. 96 8
6. 97 17
6. 98 6
6. 99 9
6. 100 1
6. 101 19
6. 102 7
6. 103 2
6. 104 5
6. 105 11
6. 106 12
6. 107 2
6. 108 7
6. 109 9
6. 110 17
6. 111 5
6. 112 20
6. 113 6
6. 114 18
6. 115 4
6. 116 12
6. 117 32
6. 118 9
6. 119 11
6. 120 7
6. 121 1
6. 122 3
6. 123 2
6. 124 11
6. 125 20
6. 126 29
6. 127 4
6. 128 16
6. 129 6
6. 130 14
6. 131 2
6. 132 12
6. 133 7
6. 134 17
6. 135 3
6. 136 20
6. 137 7
6. 138 8
6. 139 30
6. 140 5
6. 141 9
6. 142 5
6. 143 12
6. 144 26
6. 145 8
6. 146 11
6. 147 12
6. 148 5
6. 149 6
6. 150 12
6. 151 7
6. 152 2
6. 153 9
6. 154 4
6. 155 7
6. 156 1
6. 157 6
6. 158 20
6. 159 6
6. 160 1
6. 161 6
6. 162 1
6. 163 3
6. 164 10
6. 165 9
6. 166 32
6. 167 10
6. 168 6
6. 169 6
6. 170 11
6. 171 8
6. 172 5
6. 173 15
6. 174 16
6. 175 14
6. 176 10
6. 177 3
6. 178 5
6. 179 30
6. 180 2
6. 181 6
6. 182 4
6. 183 17
6. 184 22
6. 185 14
6. 186 16
6. 187 7
6. 188 30
6. 189 6
6. 190 23
6. 191 18
6. 192 22
6. 193 7
6. 194 6
6. 195 5
6. 196 8
6. 197 8
6. 198 3
6. 199 2
6. 200 18
6. 201 5
6. 202 32
6. 203 29
6. 204 50
6. 205 6
6. 206 1
6. 207 12
6. 208 5
6. 209 27
6. 210 7
6. 211 2
6. 212 15
6. 213 12
6. 214 11
6. 215 8
6. 216 3
6. 217 2
6. 218 1
6. 219 14
6. 220 2
6. 221 9
6. 222 1
6. 223 15
6. 224 9
6. 225 1
6. 226 14
6. 227 2
6. 228 6
6. 229 4
6. 230 18
6. 231 28
6. 232 5
6. 233 13
6. 234 5
6. 235 6
6. 236 2
6. 237 6
6. 238 2
6. 239 20
6. 240 1
6. 241 25
6. 242 4
6. 243 12
6. 244 9
6. 245 8
6. 246 26
6. 247 14
6. 248 1
6. 249 3
6. 250 7
6. 251 3
6. 252 10
6. 253 1
6. 254 2
6. 255 13
6. 256 12
6. 257 1
6. 258 17
6. 259 9
6. 260 13
6. 261 11
6. 262 25
6. 263 2
6. 264 16
6. 265 18
6. 266 15
6. 267 7
6. 268 1
6. 269 7
6. 270 30
6. 271 17
6. 272 26
6. 273 1
6. 274 2
6. 275 27
6. 276 3
6. 277 1
6. 278 3
6. 279 20
6. 280 23
6. 281 30
6. 282 5
6. 283 18
6. 284 1
6. 285 20
6. 286 3
6. 287 3
6. 288 3
6. 289 5
6. 290 6
6. 291 13
6. 292 5
6. 293 25
6. 294 10
6. 295 2
6. 296 2
6. 297 9
6. 298 22
6. 299 11
6. 300 7
6. 301 21
6. 302 4
6. 303 3
6. 304 17
6. 305 32
6. 306 5
6. 307 10
6. 308 17
6. 309 31
6. 310 12
6. 311 5
6. 312 9
6. 313 3
6. 314 1
6. 315 21
6. 316 3
6. 317 11
6. 318 25
6. 319 2
6. 320 10
6. 321 4
6. 322 5
6. 323 17
6. 324 11
6. 325 3
6. 326 23
6. 327 11
6. 328 1
6. 329 8
6. 330 6
6. 331 16
6. 332 13
6. 333 9
6. 334 27
6. 335 1
6. 336 21
6. 337 21
6. 338 2
6. 339 10
6. 340 22
6. 341 11
6. 342 3
6. 343 23
6. 344 5
6. 345 5
6. 346 8
6. 347 14
6. 348 14
6. 349 17
6. 350 1
6. 351 7
6. 352 20
6. 353 1
6. 354 4
6. 355 4
6. 356 5
6. 357 3
6. 358 16
6. 359 5
6. 360 9
6. 361 1
6. 362 1
6. 363 23
6. 364 4
6. 365 4
6. 366 9
6. 367 4
6. 368 14
6. 369 15
6. 370 7
6. 371 28
6. 372 6
6. 373 4
6. 374 17
6. 375 6
6. 376 1
6. 377 8
6. 378 1
6. 379 1
6. 380 5
6. 381 4
6. 382 4
6. 383 6
6. 384 3
6. 385 5
6. 386 14
6. 387 23
6. 388 14
6. 389 8
6. 390 2
6. 391 4
6. 392 2
6. 393 1
6. 394 6
6. 395 2
6. 396 5
6. 397 5
6. 398 23
6. 399 5
7. 0 6
7. 1 4
7. 2 8
7. 3 20
7. 4 23
7. 5 10
7. 6 4
7. 7 32
7. 8 14
7. 9 10
7. 10 12
7. 11 8
7. 12 5
7. 13 22
7. 14 3
7. 15 4
7. 16 8
7. 17 17
7. 18 4
7. 19 5
7. 20 5
7. 21 2
7. 22 25
7. 23 11
7. 24 8
7. 25 2
7. 26 26
7. 27 1
7. 28 5
7. 29 25
7. 30 6
7. 31 10
7. 32 8
7. 33 16
7. 34 5
7. 35 15
7. 36 2
7. 37 2
7. 38 9
7. 39 17
7. 40 1
7. 41 1
7. 42 5
7. 43 3
7. 44 7
7. 45 31
7. 46 5
7. 47 12
7. 48 36
7. 49 7
7. 50 7
7. 51 16
7. 52 6
7. 53 43
7. 54 15
7. 55 14
7. 56 2
7. 57 17
7. 58 2
7. 59 27
7. 60 4
7. 61 11
7. 62 14
7. 63 12
7. 64 20
7. 65 4
7. 66 20
7. 67 4
7. 68 6
7. 69 1
7. 70 5
7. 71 5
7. 72 2
7. 73 1
7. 74 1
7. 75 3
7. 76 20
7. 77 10
7. 78 3
7. 79 4
7. 80 3
7. 81 4
7. 82 11
7. 83 4
7. 84 4
7. 85 8
7. 86 7
7. 87 2
7. 88 17
7. 89 1
7. 90 5
7. 91 13
7. 92 6
7. 93 1
7. 94 3
7. 95 7
7. 96 21
7. 97 6
7. 98 25
7. 99 4
7. 100 9
7. 101 2
7. 102 4
7. 103 5
7. 104 4
7. 105 8
7. 106 9
7. 107 22
7. 108 2
7. 109 10
7. 110 4
7. 111 2
7. 112 4
7. 113 18
7. 114 2
7. 115 5
7. 116 1
7. 117 55
7. 118 12
7. 119 7
7. 120 11
7. 121 7
7. 122 1
7. 123 4
7. 124 13
7. 125 2
7. 126 4
7. 127 1
7. 128 5
7. 129 13
7. 130 5
7. 131 12
7. 132 12
7. 133 1
7. 134 1
7. 135 8
7. 136 9
7. 137 44
7. 138 16
7. 139 16
7. 140 5
7. 141 6
7. 142 23
7. 143 4
7. 144 19
7. 145 3
7. 146 5
7. 147 7
7. 148 1
7. 149 4
7. 150 70
7. 151 18
7. 152 4
7. 153 12
7. 154 5
7. 155 19
7. 156 5
7. 157 21
7. 158 5
7. 159 8
7. 160 8
7. 161 2
7. 162 27
7. 163 11
7. 164 6
7. 165 37
7. 166 2
7. 167 24
7. 168 4
7. 169 14
7. 170 6
7. 171 10
7. 172 26
7. 173 4
7. 174 4
7. 175 2
7. 176 15
7. 177 8
7. 178 5
7. 179 7
7. 180 2
7. 181 24
7. 182 29
7. 183 3
7. 184 22
7. 185 11
7. 186 9
7. 187 10
7. 188 47
7. 189 11
7. 190 8
7. 191 5
7. 192 2
7. 193 9
7. 194 5
7. 195 9
7. 196 16
7. 197 17
7. 198 2
7. 199 13
7. 200 3
7. 201 14
7. 202 2
7. 203 4
7. 204 17
7. 205 26
7. 206 14
7. 207 87
7. 208 6
7. 209 4
7. 210 7
7. 211 4
7. 212 9
7. 213 3
7. 214 42
7. 215 23
7. 216 22
7. 217 2
7. 218 18
7. 219 2
7. 220 18
7. 221 12
7. 222 2
7. 223 2
7. 224 4
7. 225 6
7. 226 3
7. 227 37
7. 228 4
7. 229 2
7. 230 7
7. 231 4
7. 232 11
7. 233 9
7. 234 9
7. 235 35
7. 236 5
7. 237 27
7. 238 6
7. 239 12
7. 240 15
7. 241 20
7. 242 12
7. 243 2
7. 244 1
7. 245 1
7. 246 8
7. 247 6
7. 248 3
7. 249 15
7. 250 3
7. 251 1
7. 252 6
7. 253 19
7. 254 4
7. 255 9
7. 256 7
7. 257 16
7. 258 2
7. 259 10
7. 260 26
7. 261 5
7. 262 7
7. 263 4
7. 264 3
7. 265 10
7. 266 4
7. 267 19
7. 268 5
7. 269 8
7. 270 6
7. 271 1
7. 272 43
7. 273 2
7. 274 1
7. 275 3
7. 276 15
7. 277 3
7. 278 30
7. 279 6
7. 280 5
7. 281 9
7. 282 15
7. 283 5
7. 284 13
7. 285 13
7. 286 1
7. 287 13
7. 288 15
7. 289 9
7. 290 11
7. 291 6
7. 292 35
7. 293 5
7. 294 7
7. 295 5
7. 296 41
7. 297 16
7. 298 15
7. 299 6
7. 300 40
7. 301 9
7. 302 18
7. 303 2
7. 304 18
7. 305 28
7. 306 11
7. 307 2
7. 308 3
7. 309 25
7. 310 7
7. 311 13
7. 312 2
7. 313 7
7. 314 6
7. 315 1
7. 316 3
7. 317 7
7. 318 7
7. 319 13
7. 320 9
7. 321 4
7. 322 2
7. 323 8
7. 324 3
7. 325 23
7. 326 15
7. 327 9
7. 328 9
7. 329 22
7. 330 6
7. 331 5
7. 332 30
7. 333 13
7. 334 10
7. 335 3
7. 336 6
7. 337 8
7. 338 4
7. 339 10
7. 340 8
7. 341 3
7. 342 6
7. 343 6
7. 344 12
7. 345 36
7. 346 1
7. 347 5
7. 348 17
7. 349 3
7. 350 7
7. 351 20
7. 352 15
7. 353 2
7. 354 1
7. 355 3
7. 356 1
7. 357 3
7. 358 7
7. 359 37
7. 360 25
7. 361 3
7. 362 12
7. 363 8
7. 364 5
7. 365 3
7. 366 12
7. 367 13
7. 368 6
7. 369 33
7. 370 21
7. 371 7
7. 372 1
7. 373 15
7. 374 18
7. 375 14
7. 376 16
7. 377 4
7. 378 10
7. 379 14
7. 380 15
7. 381 5
7. 382 29
7. 383 12
7. 384 11
7. 385 47
7. 386 10
7. 387 25
7. 388 33
7. 389 7
7. 390 15
7. 391 27
7. 392 7
7. 393 23
7. 394 17
7. 395 25
7. 396 12
7. 397 1
7. 398 23
7. 399 3
8. 0 16
8. 1 1
8. 2 2
8. 3 20
8. 4 16
8. 5 49
8. 6 20
8. 7 1
8. 8 9
8. 9 5
8. 10 14
8. 11 18
8. 12 21
8. 13 5
8. 14 14
8. 15 29
8. 16 63
8. 17 7
8. 18 2
8. 19 5
8. 20 2
8. 21 5
8. 22 12
8. 23 27
8. 24 1
8. 25 11
8. 26 1
8. 27 16
8. 28 39
8. 29 20
8. 30 1
8. 31 9
8. 32 1
8. 33 2
8. 34 24
8. 35 69
8. 36 61
8. 37 40
8. 38 8
8. 39 1
8. 40 11
8. 41 17
8. 42 3
8. 43 6
8. 44 4
8. 45 3
8. 46 10
8. 47 8
8. 48 37
8. 49 19
8. 50 23
8. 51 6
8. 52 3
8. 53 4
8. 54 3
8. 55 12
8. 56 37
8. 57 28
8. 58 9
8. 59 8
8. 60 10
8. 61 48
8. 62 27
8. 63 14
8. 64 1
8. 65 5
8. 66 15
8. 67 5
8. 68 7
8. 69 7
8. 70 18
8. 71 6
8. 72 1
8. 73 21
8. 74 13
8. 75 9
8. 76 13
8. 77 8
8. 78 3
8. 79 7
8. 80 3
8. 81 1
8. 82 24
8. 83 2
8. 84 1
8. 85 5
8. 86 5
8. 87 1
8. 88 37
8. 89 23
8. 90 7
8. 91 14
8. 92 6
8. 93 7
8. 94 2
8. 95 26
8. 96 2
8. 97 10
8. 98 4
8. 99 10
8. 100 6
8. 101 33
8. 102 10
8. 103 3
8. 104 1
8. 105 8
8. 106 14
8. 107 6
8. 108 2
8. 109 13
8. 110 5
8. 111 2
8. 112 14
8. 113 16
8. 114 4
8. 115 15
8. 116 2
8. 117 6
8. 118 28
8. 119 3
8. 120 3
8. 121 5
8. 122 25
8. 123 3
8. 124 14
8. 125 1
8. 126 5
8. 127 7
8. 128 2
8. 129 4
8. 130 2
8. 131 9
8. 132 8
8. 133 8
8. 134 17
8. 135 10
8. 136 15
8. 137 7
8. 138 23
8. 139 6
8. 140 2
8. 141 20
8. 142 6
8. 143 22
8. 144 2
8. 145 5
8. 146 1
8. 147 12
8. 148 5
8. 149 20
8. 150 16
8. 151 4
8. 152 4
8. 153 15
8. 154 16
8. 155 26
8. 156 3
8. 157 1
8. 158 1
8. 159 1
8. 160 3
8. 161 9
8. 162 13
8. 163 3
8. 164 16
8. 165 1
8. 166 2
8. 167 24
8. 168 6
8. 169 1
8. 170 10
8. 171 1
8. 172 10
8. 173 12
8. 174 1
8. 175 7
8. 176 3
8. 177 14
8. 178 2
8. 179 8
8. 180 33
8. 181 29
8. 182 11
8. 183 16
8. 184 4
8. 185 5
8. 186 1
8. 187 1
8. 188 2
8. 189 12
8. 190 18
8. 191 3
8. 192 1
8. 193 5
8. 194 6
8. 195 18
8. 196 16
8. 197 1
8. 198 5
8. 199 11
8. 200 14
8. 201 5
8. 202 4
8. 203 1
8. 204 28
8. 205 11
8. 206 10
8. 207 11
8. 208 6
8. 209 13
8. 210 6
8. 211 2
8. 212 13
8. 213 7
8. 214 3
8. 215 5
8. 216 11
8. 217 1
8. 218 10
8. 219 20
8. 220 44
8. 221 11
8. 222 41
8. 223 1
8. 224 14
8. 225 3
8. 226 10
8. 227 14
8. 228 7
8. 229 12
8. 230 1
8. 231 10
8. 232 37
8. 233 41
8. 234 4
8. 235 7
8. 236 29
8. 237 20
8. 238 9
8. 239 8
8. 240 9
8. 241 11
8. 242 15
8. 243 5
8. 244 17
8. 245 1
8. 246 2
8. 247 17
8. 248 4
8. 249 6
8. 250 3
8. 251 34
8. 252 19
8. 253 6
8. 254 29
8. 255 11
8. 256 16
8. 257 6
8. 258 11
8. 259 9
8. 260 3
8. 261 20
8. 262 24
8. 263 12
8. 264 15
8. 265 6
8. 266 18
8. 267 5
8. 268 22
8. 269 2
8. 270 3
8. 271 4
8. 272 26
8. 273 10
8. 274 22
8. 275 9
8. 276 20
8. 277 21
8. 278 26
8. 279 2
8. 280 10
8. 281 10
8. 282 11
8. 283 1
8. 284 2
8. 285 3
8. 286 43
8. 287 4
8. 288 3
8. 289 15
8. 290 12
8. 291 1
8. 292 29
8. 293 2
8. 294 6
8. 295 42
8. 296 2
8. 297 16
8. 298 2
8. 299 1
8. 300 6
8. 301 34
8. 302 20
8. 303 4
8. 304 2
8. 305 6
8. 306 7
8. 307 59
8. 308 22
8. 309 19
8. 310 2
8. 311 10
8. 312 5
8. 313 12
8. 314 9
8. 315 1
8. 316 22
8. 317 15
8. 318 5
8. 319 6
8. 320 5
8. 321 47
8. 322 22
8. 323 3
8. 324 17
8. 325 19
8. 326 1
8. 327 16
8. 328 13
8. 329 19
8. 330 6
8. 331 52
8. 332 15
8. 333 8
8. 334 11
8. 335 2
8. 336 4
8. 337 8
8. 338 3
8. 339 3
8. 340 6
8. 341 10
8. 342 2
8. 343 8
8. 344 17
8. 345 3
8. 346 9
8. 347 1
8. 348 5
8. 349 12
8. 350 3
8. 351 19
8. 352 1
8. 353 5
8. 354 5
8. 355 2
8. 356 9
8. 357 21
8. 358 3
8. 359 9
8. 360 4
8. 361 1
8. 362 14
8. 363 37
8. 364 6
8. 365 15
8. 366 15
8. 367 12
8. 368 1
8. 369 1
8. 370 11
8. 371 1
8. 372 4
8. 373 6
8. 374 6
8. 375 7
8. 376 9
8. 377 9
8. 378 4
8. 379 5
8. 380 4
8. 381 3
8. 382 13
8. 383 5
8. 384 11
8. 385 20
8. 386 3
8. 387 2
8. 388 5
8. 389 22
8. 390 3
8. 391 1
8. 392 6
8. 393 11
8. 394 2
8. 395 18
8. 396 6
8. 397 2
8. 398 3
8. 399 17
9. 0 4
9. 1 17
9. 2 4
9. 3 3
9. 4 1
9. 5 5
9. 6 3
9. 7 4
9. 8 18
9. 9 12
9. 10 2
9. 11 6
9. 12 1
9. 13 2
9. 14 20
9. 15 1
9. 16 19
9. 17 2
9. 18 5
9. 19 14
9. 20 17
9. 21 3
9. 22 6
9. 23 1
9. 24 17
9. 25 5
9. 26 7
9. 27 10
9. 28 2
9. 29 39
9. 30 2
9. 31 12
9. 32 8
9. 33 5
9. 34 8
9. 35 1
9. 36 4
9. 37 32
9. 38 14
9. 39 17
9. 40 1
9. 41 4
9. 42 10
9. 43 24
9. 44 3
9. 45 3
9. 46 11
9. 47 1
9. 48 15
9. 49 12
9. 50 14
9. 51 13
9. 52 22
9. 53 19
9. 54 1
9. 55 8
9. 56 14
9. 57 20
9. 58 14
9. 59 10
9. 60 9
9. 61 3
9. 62 6
9. 63 12
9. 64 11
9. 65 29
9. 66 19
9. 67 16
9. 68 6
9. 69 12
9. 70 4
9. 71 4
9. 72 4
9. 73 18
9. 74 1
9. 75 11
9. 76 18
9. 77 10
9. 78 1
9. 79 48
9. 80 52
9. 81 6
9. 82 3
9. 83 23
9. 84 1
9. 85 8
9. 86 2
9. 87 21
9. 88 32
9. 89 4
9. 90 15
9. 91 3
9. 92 39
9. 93 5
9. 94 34
9. 95 4
9. 96 24
9. 97 6
9. 98 8
9. 99 19
9. 100 1
9. 101 8
9. 102 22
9. 103 27
9. 104 22
9. 105 4
9. 106 15
9. 107 12
9. 108 8
9. 109 4
9. 110 16
9. 111 5
9. 112 9
9. 113 2
9. 114 8
9. 115 5
9. 116 3
9. 117 10
9. 118 25
9. 119 5
9. 120 9
9. 121 9
9. 122 4
9. 123 2
9. 124 2
9. 125 22
9. 126 9
9. 127 3
9. 128 1
9. 129 5
9. 130 16
9. 131 33
9. 132 3
9. 133 3
9. 134 11
9. 135 5
9. 136 14
9. 137 6
9. 138 35
9. 139 3
9. 140 3
9. 141 58
9. 142 17
9. 143 43
9. 144 1
9. 145 3
9. 146 6
9. 147 7
9. 148 14
9. 149 3
9. 150 5
9. 151 13
9. 152 2
9. 153 5
9. 154 2
9. 155 1
9. 156 2
9. 157 13
9. 158 1
9. 159 6
9. 160 5
9. 161 1
9. 162 22
9. 163 39
9. 164 9
9. 165 3
9. 166 10
9. 167 2
9. 168 2
9. 169 14
9. 170 21
9. 171 14
9. 172 5
9. 173 53
9. 174 16
9. 175 22
9. 176 2
9. 177 23
9. 178 10
9. 179 9
9. 180 5
9. 181 1
9. 182 6
9. 183 11
9. 184 13
9. 185 20
9. 186 16
9. 187 2
9. 188 13
9. 189 8
9. 190 1
9. 191 29
9. 192 4
9. 193 7
9. 194 26
9. 195 31
9. 196 2
9. 197 11
9. 198 11
9. 199 4
9. 200 22
9. 201 5
9. 202 10
9. 203 14
9. 204 17
9. 205 5
9. 206 5
9. 207 3
9. 208 5
9. 209 21
9. 210 11
9. 211 5
9. 212 3
9. 213 9
9. 214 1
9. 215 2
9. 216 14
9. 217 2
9. 218 30
9. 219 6
9. 220 27
9. 221 13
9. 222 4
9. 223 1
9. 224 1
9. 225 3
9. 226 37
9. 227 2
9. 228 3
9. 229 4
9. 230 11
9. 231 21
9. 232 1
9. 233 1
9. 234 3
9. 235 1
9. 236 17
9. 237 14
9. 238 3
9. 239 5
9. 240 6
9. 241 12
9. 242 2
9. 243 10
9. 244 2
9. 245 41
9. 246 1
9. 247 6
9. 248 1
9. 249 14
9. 250 2
9. 251 6
9. 252 4
9. 253 4
9. 254 4
9. 255 4
9. 256 1
9. 257 14
9. 258 1
9. 259 24
9. 260 14
9. 261 8
9. 262 7
9. 263 1
9. 264 4
9. 265 5
9. 266 11
9. 267 13
9. 268 1
9. 269 10
9. 270 24
9. 271 23
9. 272 8
9. 273 7
9. 274 6
9. 275 6
9. 276 1
9. 277 1
9. 278 2
9. 279 18
9. 280 1
9. 281 2
9. 282 13
9. 283 9
9. 284 12
9. 285 2
9. 286 10
9. 287 2
9. 288 4
9. 289 29
9. 290 2
9. 291 26
9. 292 1
9. 293 12
9. 294 17
9. 295 5
9. 296 9
9. 297 6
9. 298 23
9. 299 15
9. 300 18
9. 301 1
9. 302 19
9. 303 8
9. 304 5
9. 305 2
9. 306 1
9. 307 46
9. 308 8
9. 309 5
9. 310 3
9. 311 19
9. 312 7
9. 313 4
9. 314 3
9. 315 14
9. 316 8
9. 317 8
9. 318 11
9. 319 11
9. 320 2
9. 321 9
9. 322 1
9. 323 37
9. 324 18
9. 325 8
9. 326 5
9. 327 6
9. 328 7
9. 329 3
9. 330 17
9. 331 10
9. 332 10
9. 333 21
9. 334 7
9. 335 3
9. 336 35
9. 337 3
9. 338 5
9. 339 11
9. 340 8
9. 341 1
9. 342 20
9. 343 3
9. 344 7
9. 345 40
9. 346 21
9. 347 17
9. 348 11
9. 349 12
9. 350 20
9. 351 14
9. 352 5
9. 353 1
9. 354 10
9. 355 1
9. 356 4
9. 357 11
9. 358 17
9. 359 1
9. 360 25
9. 361 4
9. 362 3
9. 363 17
9. 364 7
9. 365 7
9. 366 3
9. 367 2
9. 368 28
9. 369 33
9. 370 9
9. 371 1
9. 372 6
9. 373 44
9. 374 10
9. 375 27
9. 376 15
9. 377 9
9. 378 1
9. 379 26
9. 380 4
9. 381 6
9. 382 8
9. 383 10
9. 384 3
9. 385 6
9. 386 11
9. 387 4
9. 388 44
9. 389 3
9. 390 11
9. 391 3
9. 392 3
9. 393 19
9. 394 16
9. 395 1
9. 396 28
9. 397 1
9. 398 4
9. 399 7
/;
parameter b(i)/
0 353
1 327
2 363
3 323
4 321
5 340
6 338
7 351
8 357
9 339
/;
