set j job /0*199/;
set i machine /0*19/;
parameter c(i,j)/
0. 0 82
0. 1 135
0. 2 999
0. 3 110
0. 4 133
0. 5 35
0. 6 115
0. 7 56
0. 8 326
0. 9 992
0. 10 140
0. 11 193
0. 12 62
0. 13 102
0. 14 57
0. 15 496
0. 16 76
0. 17 245
0. 18 60
0. 19 191
0. 20 115
0. 21 492
0. 22 70
0. 23 116
0. 24 191
0. 25 50
0. 26 992
0. 27 325
0. 28 331
0. 29 244
0. 30 165
0. 31 997
0. 32 191
0. 33 248
0. 34 18
0. 35 82
0. 36 498
0. 37 247
0. 38 996
0. 39 98
0. 40 64
0. 41 496
0. 42 71
0. 43 87
0. 44 93
0. 45 102
0. 46 992
0. 47 995
0. 48 75
0. 49 330
0. 50 139
0. 51 190
0. 52 70
0. 53 242
0. 54 495
0. 55 29
0. 56 37
0. 57 999
0. 58 35
0. 59 194
0. 60 996
0. 61 157
0. 62 13
0. 63 122
0. 64 997
0. 65 70
0. 66 498
0. 67 156
0. 68 92
0. 69 74
0. 70 69
0. 71 68
0. 72 31
0. 73 493
0. 74 102
0. 75 328
0. 76 994
0. 77 118
0. 78 330
0. 79 132
0. 80 196
0. 81 992
0. 82 80
0. 83 331
0. 84 161
0. 85 51
0. 86 56
0. 87 133
0. 88 20
0. 89 65
0. 90 36
0. 91 156
0. 92 61
0. 93 25
0. 94 330
0. 95 50
0. 96 190
0. 97 49
0. 98 245
0. 99 69
0. 100 245
0. 101 995
0. 102 53
0. 103 161
0. 104 194
0. 105 328
0. 106 36
0. 107 109
0. 108 244
0. 109 991
0. 110 243
0. 111 499
0. 112 24
0. 113 75
0. 114 91
0. 115 326
0. 116 325
0. 117 47
0. 118 33
0. 119 136
0. 120 26
0. 121 994
0. 122 199
0. 123 194
0. 124 18
0. 125 42
0. 126 40
0. 127 119
0. 128 249
0. 129 242
0. 130 246
0. 131 56
0. 132 492
0. 133 119
0. 134 190
0. 135 990
0. 136 332
0. 137 156
0. 138 133
0. 139 246
0. 140 331
0. 141 198
0. 142 991
0. 143 107
0. 144 326
0. 145 50
0. 146 79
0. 147 498
0. 148 199
0. 149 18
0. 150 120
0. 151 134
0. 152 72
0. 153 49
0. 154 107
0. 155 159
0. 156 109
0. 157 52
0. 158 28
0. 159 118
0. 160 245
0. 161 78
0. 162 42
0. 163 70
0. 164 136
0. 165 192
0. 166 163
0. 167 325
0. 168 996
0. 169 327
0. 170 993
0. 171 325
0. 172 15
0. 173 105
0. 174 490
0. 175 64
0. 176 196
0. 177 104
0. 178 997
0. 179 39
0. 180 330
0. 181 64
0. 182 83
0. 183 496
0. 184 115
0. 185 190
0. 186 71
0. 187 995
0. 188 11
0. 189 991
0. 190 991
0. 191 53
0. 192 243
0. 193 24
0. 194 97
0. 195 998
0. 196 996
0. 197 332
0. 198 31
0. 199 70
1. 0 31
1. 1 32
1. 2 492
1. 3 249
1. 4 329
1. 5 195
1. 6 156
1. 7 72
1. 8 22
1. 9 22
1. 10 60
1. 11 163
1. 12 31
1. 13 324
1. 14 496
1. 15 198
1. 16 491
1. 17 29
1. 18 44
1. 19 46
1. 20 995
1. 21 58
1. 22 57
1. 23 138
1. 24 78
1. 25 996
1. 26 328
1. 27 135
1. 28 996
1. 29 97
1. 30 47
1. 31 115
1. 32 323
1. 33 102
1. 34 162
1. 35 53
1. 36 34
1. 37 994
1. 38 123
1. 39 46
1. 40 490
1. 41 86
1. 42 992
1. 43 993
1. 44 51
1. 45 328
1. 46 996
1. 47 328
1. 48 58
1. 49 328
1. 50 998
1. 51 117
1. 52 490
1. 53 90
1. 54 26
1. 55 17
1. 56 495
1. 57 246
1. 58 332
1. 59 57
1. 60 331
1. 61 88
1. 62 9
1. 63 43
1. 64 32
1. 65 49
1. 66 157
1. 67 996
1. 68 91
1. 69 66
1. 70 19
1. 71 140
1. 72 199
1. 73 16
1. 74 66
1. 75 492
1. 76 40
1. 77 495
1. 78 993
1. 79 3
1. 80 17
1. 81 52
1. 82 194
1. 83 493
1. 84 28
1. 85 26
1. 86 28
1. 87 51
1. 88 17
1. 89 995
1. 90 998
1. 91 33
1. 92 110
1. 93 331
1. 94 495
1. 95 1000
1. 96 247
1. 97 30
1. 98 93
1. 99 78
1. 100 193
1. 101 492
1. 102 240
1. 103 197
1. 104 101
1. 105 28
1. 106 45
1. 107 243
1. 108 245
1. 109 241
1. 110 41
1. 111 491
1. 112 52
1. 113 39
1. 114 83
1. 115 52
1. 116 119
1. 117 34
1. 118 249
1. 119 47
1. 120 61
1. 121 991
1. 122 997
1. 123 323
1. 124 92
1. 125 69
1. 126 993
1. 127 91
1. 128 990
1. 129 996
1. 130 200
1. 131 191
1. 132 196
1. 133 64
1. 134 27
1. 135 242
1. 136 494
1. 137 247
1. 138 246
1. 139 199
1. 140 48
1. 141 158
1. 142 245
1. 143 332
1. 144 58
1. 145 196
1. 146 50
1. 147 38
1. 148 95
1. 149 240
1. 150 140
1. 151 50
1. 152 76
1. 153 30
1. 154 57
1. 155 22
1. 156 192
1. 157 136
1. 158 245
1. 159 241
1. 160 119
1. 161 45
1. 162 995
1. 163 990
1. 164 108
1. 165 92
1. 166 190
1. 167 247
1. 168 46
1. 169 156
1. 170 28
1. 171 194
1. 172 76
1. 173 492
1. 174 34
1. 175 991
1. 176 75
1. 177 68
1. 178 82
1. 179 38
1. 180 499
1. 181 121
1. 182 53
1. 183 992
1. 184 498
1. 185 28
1. 186 196
1. 187 49
1. 188 491
1. 189 249
1. 190 124
1. 191 994
1. 192 324
1. 193 61
1. 194 39
1. 195 24
1. 196 327
1. 197 99
1. 198 52
1. 199 98
2. 0 17
2. 1 198
2. 2 163
2. 3 195
2. 4 138
2. 5 103
2. 6 248
2. 7 53
2. 8 999
2. 9 241
2. 10 27
2. 11 105
2. 12 89
2. 13 59
2. 14 93
2. 15 75
2. 16 323
2. 17 33
2. 18 995
2. 19 122
2. 20 57
2. 21 56
2. 22 242
2. 23 39
2. 24 249
2. 25 44
2. 26 490
2. 27 247
2. 28 19
2. 29 329
2. 30 104
2. 31 95
2. 32 333
2. 33 28
2. 34 121
2. 35 51
2. 36 331
2. 37 54
2. 38 34
2. 39 120
2. 40 98
2. 41 999
2. 42 191
2. 43 43
2. 44 990
2. 45 30
2. 46 998
2. 47 246
2. 48 240
2. 49 122
2. 50 493
2. 51 990
2. 52 81
2. 53 323
2. 54 990
2. 55 326
2. 56 324
2. 57 16
2. 58 35
2. 59 84
2. 60 29
2. 61 96
2. 62 34
2. 63 37
2. 64 86
2. 65 110
2. 66 44
2. 67 246
2. 68 132
2. 69 248
2. 70 241
2. 71 91
2. 72 104
2. 73 121
2. 74 163
2. 75 55
2. 76 83
2. 77 161
2. 78 196
2. 79 108
2. 80 492
2. 81 499
2. 82 116
2. 83 165
2. 84 196
2. 85 121
2. 86 491
2. 87 161
2. 88 18
2. 89 102
2. 90 199
2. 91 86
2. 92 61
2. 93 79
2. 94 39
2. 95 245
2. 96 38
2. 97 162
2. 98 992
2. 99 164
2. 100 998
2. 101 132
2. 102 83
2. 103 66
2. 104 111
2. 105 993
2. 106 53
2. 107 78
2. 108 242
2. 109 109
2. 110 81
2. 111 196
2. 112 498
2. 113 91
2. 114 192
2. 115 490
2. 116 496
2. 117 164
2. 118 998
2. 119 326
2. 120 29
2. 121 65
2. 122 162
2. 123 330
2. 124 190
2. 125 992
2. 126 97
2. 127 85
2. 128 41
2. 129 198
2. 130 135
2. 131 332
2. 132 134
2. 133 332
2. 134 157
2. 135 105
2. 136 52
2. 137 58
2. 138 14
2. 139 998
2. 140 497
2. 141 332
2. 142 22
2. 143 56
2. 144 42
2. 145 69
2. 146 88
2. 147 83
2. 148 137
2. 149 500
2. 150 38
2. 151 165
2. 152 29
2. 153 138
2. 154 490
2. 155 192
2. 156 327
2. 157 57
2. 158 490
2. 159 325
2. 160 493
2. 161 33
2. 162 81
2. 163 65
2. 164 164
2. 165 324
2. 166 42
2. 167 996
2. 168 56
2. 169 330
2. 170 196
2. 171 157
2. 172 41
2. 173 993
2. 174 248
2. 175 22
2. 176 86
2. 177 47
2. 178 240
2. 179 73
2. 180 141
2. 181 82
2. 182 993
2. 183 499
2. 184 327
2. 185 497
2. 186 193
2. 187 199
2. 188 326
2. 189 8
2. 190 192
2. 191 245
2. 192 157
2. 193 327
2. 194 994
2. 195 191
2. 196 328
2. 197 36
2. 198 495
2. 199 157
3. 0 160
3. 1 40
3. 2 244
3. 3 61
3. 4 92
3. 5 325
3. 6 119
3. 7 164
3. 8 23
3. 9 27
3. 10 999
3. 11 995
3. 12 116
3. 13 48
3. 14 108
3. 15 110
3. 16 138
3. 17 494
3. 18 17
3. 19 78
3. 20 69
3. 21 328
3. 22 493
3. 23 158
3. 24 495
3. 25 331
3. 26 44
3. 27 140
3. 28 163
3. 29 241
3. 30 190
3. 31 42
3. 32 329
3. 33 71
3. 34 491
3. 35 495
3. 36 39
3. 37 67
3. 38 116
3. 39 55
3. 40 41
3. 41 35
3. 42 43
3. 43 17
3. 44 106
3. 45 30
3. 46 93
3. 47 498
3. 48 37
3. 49 328
3. 50 69
3. 51 27
3. 52 158
3. 53 40
3. 54 135
3. 55 245
3. 56 29
3. 57 122
3. 58 159
3. 59 55
3. 60 323
3. 61 996
3. 62 103
3. 63 998
3. 64 993
3. 65 83
3. 66 993
3. 67 97
3. 68 88
3. 69 241
3. 70 491
3. 71 48
3. 72 55
3. 73 8
3. 74 193
3. 75 98
3. 76 24
3. 77 995
3. 78 494
3. 79 162
3. 80 992
3. 81 495
3. 82 250
3. 83 24
3. 84 136
3. 85 54
3. 86 23
3. 87 48
3. 88 498
3. 89 194
3. 90 46
3. 91 324
3. 92 332
3. 93 87
3. 94 50
3. 95 115
3. 96 994
3. 97 26
3. 98 242
3. 99 63
3. 100 191
3. 101 332
3. 102 991
3. 103 118
3. 104 72
3. 105 165
3. 106 329
3. 107 134
3. 108 164
3. 109 990
3. 110 324
3. 111 329
3. 112 48
3. 113 998
3. 114 191
3. 115 75
3. 116 98
3. 117 52
3. 118 190
3. 119 496
3. 120 332
3. 121 73
3. 122 196
3. 123 57
3. 124 190
3. 125 326
3. 126 1000
3. 127 247
3. 128 326
3. 129 39
3. 130 22
3. 131 992
3. 132 58
3. 133 115
3. 134 992
3. 135 490
3. 136 31
3. 137 18
3. 138 991
3. 139 496
3. 140 490
3. 141 244
3. 142 77
3. 143 116
3. 144 36
3. 145 991
3. 146 121
3. 147 156
3. 148 40
3. 149 332
3. 150 194
3. 151 137
3. 152 199
3. 153 325
3. 154 994
3. 155 79
3. 156 993
3. 157 136
3. 158 996
3. 159 245
3. 160 140
3. 161 323
3. 162 495
3. 163 197
3. 164 243
3. 165 24
3. 166 101
3. 167 33
3. 168 329
3. 169 494
3. 170 195
3. 171 116
3. 172 40
3. 173 43
3. 174 194
3. 175 140
3. 176 30
3. 177 75
3. 178 241
3. 179 158
3. 180 77
3. 181 493
3. 182 134
3. 183 246
3. 184 998
3. 185 324
3. 186 52
3. 187 157
3. 188 495
3. 189 992
3. 190 60
3. 191 25
3. 192 119
3. 193 166
3. 194 69
3. 195 83
3. 196 107
3. 197 39
3. 198 326
3. 199 109
4. 0 47
4. 1 494
4. 2 77
4. 3 104
4. 4 104
4. 5 70
4. 6 492
4. 7 136
4. 8 156
4. 9 158
4. 10 494
4. 11 197
4. 12 995
4. 13 247
4. 14 324
4. 15 249
4. 16 494
4. 17 62
4. 18 79
4. 19 117
4. 20 19
4. 21 34
4. 22 46
4. 23 94
4. 24 138
4. 25 70
4. 26 68
4. 27 996
4. 28 55
4. 29 157
4. 30 109
4. 31 67
4. 32 197
4. 33 61
4. 34 161
4. 35 109
4. 36 42
4. 37 242
4. 38 95
4. 39 990
4. 40 990
4. 41 492
4. 42 165
4. 43 33
4. 44 159
4. 45 995
4. 46 498
4. 47 329
4. 48 16
4. 49 116
4. 50 116
4. 51 49
4. 52 247
4. 53 492
4. 54 994
4. 55 36
4. 56 73
4. 57 993
4. 58 998
4. 59 38
4. 60 123
4. 61 198
4. 62 11
4. 63 190
4. 64 23
4. 65 92
4. 66 28
4. 67 49
4. 68 88
4. 69 49
4. 70 135
4. 71 29
4. 72 11
4. 73 65
4. 74 116
4. 75 992
4. 76 137
4. 77 80
4. 78 139
4. 79 325
4. 80 117
4. 81 34
4. 82 490
4. 83 243
4. 84 324
4. 85 498
4. 86 32
4. 87 71
4. 88 493
4. 89 46
4. 90 161
4. 91 64
4. 92 45
4. 93 323
4. 94 56
4. 95 103
4. 96 493
4. 97 30
4. 98 135
4. 99 16
4. 100 241
4. 101 330
4. 102 158
4. 103 998
4. 104 28
4. 105 106
4. 106 73
4. 107 26
4. 108 110
4. 109 40
4. 110 71
4. 111 161
4. 112 38
4. 113 12
4. 114 241
4. 115 326
4. 116 140
4. 117 497
4. 118 997
4. 119 9
4. 120 327
4. 121 121
4. 122 99
4. 123 240
4. 124 327
4. 125 998
4. 126 192
4. 127 69
4. 128 54
4. 129 86
4. 130 199
4. 131 54
4. 132 73
4. 133 10
4. 134 44
4. 135 132
4. 136 20
4. 137 67
4. 138 332
4. 139 46
4. 140 199
4. 141 490
4. 142 996
4. 143 324
4. 144 46
4. 145 102
4. 146 70
4. 147 61
4. 148 998
4. 149 997
4. 150 994
4. 151 22
4. 152 72
4. 153 23
4. 154 247
4. 155 120
4. 156 103
4. 157 81
4. 158 47
4. 159 327
4. 160 165
4. 161 198
4. 162 95
4. 163 323
4. 164 494
4. 165 162
4. 166 247
4. 167 141
4. 168 101
4. 169 29
4. 170 491
4. 171 325
4. 172 28
4. 173 73
4. 174 84
4. 175 242
4. 176 136
4. 177 493
4. 178 996
4. 179 75
4. 180 190
4. 181 85
4. 182 323
4. 183 992
4. 184 54
4. 185 60
4. 186 497
4. 187 161
4. 188 325
4. 189 63
4. 190 118
4. 191 44
4. 192 56
4. 193 193
4. 194 159
4. 195 191
4. 196 331
4. 197 123
4. 198 494
4. 199 95
5. 0 76
5. 1 56
5. 2 95
5. 3 41
5. 4 28
5. 5 141
5. 6 69
5. 7 240
5. 8 194
5. 9 62
5. 10 62
5. 11 103
5. 12 159
5. 13 993
5. 14 9
5. 15 63
5. 16 323
5. 17 242
5. 18 88
5. 19 196
5. 20 17
5. 21 161
5. 22 161
5. 23 165
5. 24 249
5. 25 75
5. 26 42
5. 27 93
5. 28 328
5. 29 36
5. 30 57
5. 31 140
5. 32 66
5. 33 198
5. 34 85
5. 35 90
5. 36 191
5. 37 26
5. 38 244
5. 39 248
5. 40 138
5. 41 243
5. 42 132
5. 43 161
5. 44 95
5. 45 240
5. 46 74
5. 47 34
5. 48 21
5. 49 123
5. 50 245
5. 51 56
5. 52 995
5. 53 81
5. 54 110
5. 55 12
5. 56 122
5. 57 14
5. 58 44
5. 59 162
5. 60 73
5. 61 46
5. 62 137
5. 63 4
5. 64 124
5. 65 122
5. 66 324
5. 67 122
5. 68 91
5. 69 196
5. 70 156
5. 71 193
5. 72 242
5. 73 244
5. 74 106
5. 75 244
5. 76 75
5. 77 992
5. 78 121
5. 79 160
5. 80 68
5. 81 496
5. 82 96
5. 83 191
5. 84 999
5. 85 28
5. 86 996
5. 87 54
5. 88 82
5. 89 91
5. 90 240
5. 91 101
5. 92 109
5. 93 157
5. 94 163
5. 95 491
5. 96 245
5. 97 42
5. 98 494
5. 99 51
5. 100 104
5. 101 63
5. 102 992
5. 103 29
5. 104 98
5. 105 24
5. 106 139
5. 107 109
5. 108 38
5. 109 63
5. 110 74
5. 111 163
5. 112 199
5. 113 103
5. 114 47
5. 115 33
5. 116 324
5. 117 96
5. 118 81
5. 119 191
5. 120 199
5. 121 77
5. 122 494
5. 123 24
5. 124 192
5. 125 240
5. 126 65
5. 127 325
5. 128 55
5. 129 116
5. 130 160
5. 131 998
5. 132 95
5. 133 95
5. 134 991
5. 135 161
5. 136 54
5. 137 329
5. 138 124
5. 139 86
5. 140 33
5. 141 240
5. 142 157
5. 143 330
5. 144 197
5. 145 40
5. 146 198
5. 147 122
5. 148 32
5. 149 85
5. 150 194
5. 151 497
5. 152 83
5. 153 46
5. 154 995
5. 155 101
5. 156 997
5. 157 40
5. 158 83
5. 159 104
5. 160 494
5. 161 139
5. 162 75
5. 163 68
5. 164 159
5. 165 196
5. 166 248
5. 167 84
5. 168 101
5. 169 101
5. 170 38
5. 171 249
5. 172 45
5. 173 103
5. 174 98
5. 175 162
5. 176 102
5. 177 65
5. 178 165
5. 179 190
5. 180 326
5. 181 71
5. 182 23
5. 183 490
5. 184 37
5. 185 91
5. 186 45
5. 187 64
5. 188 49
5. 189 328
5. 190 992
5. 191 48
5. 192 38
5. 193 194
5. 194 78
5. 195 78
5. 196 328
5. 197 30
5. 198 117
5. 199 134
6. 0 491
6. 1 190
6. 2 43
6. 3 249
6. 4 241
6. 5 37
6. 6 190
6. 7 94
6. 8 325
6. 9 62
6. 10 491
6. 11 44
6. 12 110
6. 13 498
6. 14 490
6. 15 495
6. 16 996
6. 17 990
6. 18 497
6. 19 19
6. 20 122
6. 21 497
6. 22 997
6. 23 50
6. 24 495
6. 25 193
6. 26 994
6. 27 18
6. 28 84
6. 29 991
6. 30 133
6. 31 25
6. 32 497
6. 33 120
6. 34 123
6. 35 69
6. 36 333
6. 37 192
6. 38 99
6. 39 71
6. 40 493
6. 41 30
6. 42 69
6. 43 99
6. 44 65
6. 45 31
6. 46 108
6. 47 121
6. 48 116
6. 49 999
6. 50 104
6. 51 51
6. 52 195
6. 53 996
6. 54 165
6. 55 137
6. 56 497
6. 57 137
6. 58 136
6. 59 62
6. 60 60
6. 61 994
6. 62 71
6. 63 162
6. 64 96
6. 65 57
6. 66 17
6. 67 54
6. 68 994
6. 69 42
6. 70 329
6. 71 48
6. 72 134
6. 73 498
6. 74 325
6. 75 164
6. 76 991
6. 77 45
6. 78 36
6. 79 105
6. 80 993
6. 81 29
6. 82 80
6. 83 494
6. 84 6
6. 85 492
6. 86 998
6. 87 18
6. 88 991
6. 89 137
6. 90 193
6. 91 164
6. 92 498
6. 93 995
6. 94 37
6. 95 249
6. 96 990
6. 97 241
6. 98 323
6. 99 997
6. 100 90
6. 101 44
6. 102 25
6. 103 330
6. 104 49
6. 105 52
6. 106 120
6. 107 331
6. 108 324
6. 109 332
6. 110 80
6. 111 55
6. 112 63
6. 113 994
6. 114 39
6. 115 20
6. 116 136
6. 117 326
6. 118 60
6. 119 73
6. 120 23
6. 121 96
6. 122 332
6. 123 123
6. 124 103
6. 125 48
6. 126 136
6. 127 327
6. 128 194
6. 129 243
6. 130 493
6. 131 37
6. 132 331
6. 133 164
6. 134 82
6. 135 243
6. 136 328
6. 137 324
6. 138 88
6. 139 328
6. 140 162
6. 141 323
6. 142 240
6. 143 997
6. 144 165
6. 145 499
6. 146 74
6. 147 120
6. 148 194
6. 149 76
6. 150 330
6. 151 499
6. 152 59
6. 153 36
6. 154 162
6. 155 50
6. 156 115
6. 157 77
6. 158 31
6. 159 992
6. 160 991
6. 161 246
6. 162 68
6. 163 248
6. 164 68
6. 165 119
6. 166 20
6. 167 77
6. 168 496
6. 169 248
6. 170 158
6. 171 79
6. 172 249
6. 173 82
6. 174 241
6. 175 498
6. 176 994
6. 177 44
6. 178 197
6. 179 324
6. 180 111
6. 181 37
6. 182 494
6. 183 991
6. 184 82
6. 185 498
6. 186 190
6. 187 240
6. 188 48
6. 189 46
6. 190 76
6. 191 49
6. 192 69
6. 193 38
6. 194 66
6. 195 328
6. 196 490
6. 197 77
6. 198 119
6. 199 242
7. 0 137
7. 1 132
7. 2 72
7. 3 325
7. 4 63
7. 5 40
7. 6 998
7. 7 246
7. 8 331
7. 9 199
7. 10 246
7. 11 121
7. 12 132
7. 13 78
7. 14 493
7. 15 156
7. 16 328
7. 17 64
7. 18 246
7. 19 991
7. 20 62
7. 21 496
7. 22 999
7. 23 49
7. 24 63
7. 25 17
7. 26 17
7. 27 48
7. 28 496
7. 29 499
7. 30 41
7. 31 992
7. 32 81
7. 33 998
7. 34 324
7. 35 106
7. 36 193
7. 37 491
7. 38 72
7. 39 64
7. 40 39
7. 41 77
7. 42 103
7. 43 242
7. 44 992
7. 45 99
7. 46 92
7. 47 240
7. 48 105
7. 49 52
7. 50 163
7. 51 249
7. 52 36
7. 53 27
7. 54 329
7. 55 246
7. 56 53
7. 57 140
7. 58 992
7. 59 156
7. 60 47
7. 61 70
7. 62 118
7. 63 499
7. 64 165
7. 65 991
7. 66 104
7. 67 107
7. 68 991
7. 69 246
7. 70 80
7. 71 994
7. 72 138
7. 73 194
7. 74 115
7. 75 119
7. 76 193
7. 77 20
7. 78 498
7. 79 31
7. 80 323
7. 81 990
7. 82 47
7. 83 75
7. 84 120
7. 85 110
7. 86 109
7. 87 24
7. 88 22
7. 89 58
7. 90 74
7. 91 87
7. 92 77
7. 93 332
7. 94 32
7. 95 992
7. 96 998
7. 97 496
7. 98 118
7. 99 193
7. 100 994
7. 101 66
7. 102 15
7. 103 37
7. 104 53
7. 105 82
7. 106 491
7. 107 247
7. 108 250
7. 109 78
7. 110 495
7. 111 56
7. 112 990
7. 113 14
7. 114 70
7. 115 45
7. 116 495
7. 117 39
7. 118 998
7. 119 116
7. 120 40
7. 121 990
7. 122 165
7. 123 494
7. 124 106
7. 125 62
7. 126 164
7. 127 325
7. 128 493
7. 129 160
7. 130 138
7. 131 325
7. 132 194
7. 133 42
7. 134 48
7. 135 491
7. 136 497
7. 137 79
7. 138 140
7. 139 37
7. 140 45
7. 141 158
7. 142 35
7. 143 86
7. 144 105
7. 145 48
7. 146 995
7. 147 83
7. 148 77
7. 149 190
7. 150 39
7. 151 996
7. 152 138
7. 153 991
7. 154 52
7. 155 32
7. 156 38
7. 157 194
7. 158 161
7. 159 110
7. 160 37
7. 161 995
7. 162 991
7. 163 82
7. 164 19
7. 165 135
7. 166 327
7. 167 63
7. 168 327
7. 169 994
7. 170 118
7. 171 15
7. 172 58
7. 173 134
7. 174 74
7. 175 245
7. 176 124
7. 177 199
7. 178 46
7. 179 499
7. 180 78
7. 181 195
7. 182 991
7. 183 122
7. 184 331
7. 185 156
7. 186 331
7. 187 1000
7. 188 132
7. 189 61
7. 190 992
7. 191 37
7. 192 59
7. 193 62
7. 194 92
7. 195 327
7. 196 73
7. 197 496
7. 198 331
7. 199 992
8. 0 328
8. 1 998
8. 2 330
8. 3 490
8. 4 33
8. 5 33
8. 6 46
8. 7 50
8. 8 325
8. 9 494
8. 10 27
8. 11 80
8. 12 9
8. 13 72
8. 14 163
8. 15 158
8. 16 29
8. 17 198
8. 18 999
8. 19 40
8. 20 115
8. 21 247
8. 22 117
8. 23 138
8. 24 63
8. 25 40
8. 26 108
8. 27 34
8. 28 108
8. 29 328
8. 30 82
8. 31 115
8. 32 84
8. 33 36
8. 34 156
8. 35 244
8. 36 45
8. 37 165
8. 38 194
8. 39 193
8. 40 249
8. 41 163
8. 42 497
8. 43 96
8. 44 30
8. 45 499
8. 46 999
8. 47 323
8. 48 15
8. 49 83
8. 50 98
8. 51 55
8. 52 67
8. 53 26
8. 54 998
8. 55 123
8. 56 195
8. 57 162
8. 58 498
8. 59 98
8. 60 496
8. 61 89
8. 62 140
8. 63 73
8. 64 96
8. 65 241
8. 66 38
8. 67 107
8. 68 140
8. 69 194
8. 70 132
8. 71 196
8. 72 33
8. 73 497
8. 74 196
8. 75 108
8. 76 241
8. 77 46
8. 78 107
8. 79 93
8. 80 491
8. 81 991
8. 82 333
8. 83 103
8. 84 491
8. 85 108
8. 86 83
8. 87 107
8. 88 240
8. 89 324
8. 90 68
8. 91 82
8. 92 191
8. 93 993
8. 94 194
8. 95 161
8. 96 106
8. 97 115
8. 98 193
8. 99 327
8. 100 998
8. 101 48
8. 102 490
8. 103 117
8. 104 66
8. 105 60
8. 106 491
8. 107 158
8. 108 496
8. 109 32
8. 110 38
8. 111 118
8. 112 138
8. 113 83
8. 114 997
8. 115 998
8. 116 158
8. 117 138
8. 118 248
8. 119 199
8. 120 995
8. 121 61
8. 122 191
8. 123 156
8. 124 71
8. 125 37
8. 126 497
8. 127 74
8. 128 195
8. 129 42
8. 130 132
8. 131 96
8. 132 158
8. 133 102
8. 134 163
8. 135 118
8. 136 93
8. 137 60
8. 138 249
8. 139 995
8. 140 245
8. 141 996
8. 142 75
8. 143 998
8. 144 66
8. 145 124
8. 146 245
8. 147 323
8. 148 117
8. 149 54
8. 150 32
8. 151 68
8. 152 491
8. 153 994
8. 154 332
8. 155 136
8. 156 994
8. 157 990
8. 158 136
8. 159 70
8. 160 163
8. 161 997
8. 162 39
8. 163 135
8. 164 75
8. 165 994
8. 166 991
8. 167 159
8. 168 499
8. 169 16
8. 170 332
8. 171 45
8. 172 77
8. 173 110
8. 174 110
8. 175 134
8. 176 37
8. 177 245
8. 178 37
8. 179 195
8. 180 44
8. 181 194
8. 182 137
8. 183 56
8. 184 42
8. 185 24
8. 186 248
8. 187 94
8. 188 120
8. 189 249
8. 190 28
8. 191 57
8. 192 138
8. 193 87
8. 194 996
8. 195 82
8. 196 93
8. 197 157
8. 198 993
8. 199 248
9. 0 493
9. 1 491
9. 2 86
9. 3 994
9. 4 47
9. 5 120
9. 6 495
9. 7 247
9. 8 136
9. 9 242
9. 10 30
9. 11 25
9. 12 247
9. 13 85
9. 14 80
9. 15 65
9. 16 40
9. 17 990
9. 18 66
9. 19 52
9. 20 26
9. 21 991
9. 22 497
9. 23 105
9. 24 62
9. 25 73
9. 26 109
9. 27 496
9. 28 325
9. 29 115
9. 30 992
9. 31 97
9. 32 28
9. 33 103
9. 34 40
9. 35 331
9. 36 67
9. 37 66
9. 38 32
9. 39 992
9. 40 157
9. 41 117
9. 42 196
9. 43 123
9. 44 996
9. 45 48
9. 46 192
9. 47 498
9. 48 993
9. 49 141
9. 50 246
9. 51 247
9. 52 115
9. 53 197
9. 54 121
9. 55 67
9. 56 39
9. 57 327
9. 58 57
9. 59 493
9. 60 997
9. 61 46
9. 62 35
9. 63 50
9. 64 240
9. 65 245
9. 66 158
9. 67 497
9. 68 67
9. 69 109
9. 70 193
9. 71 66
9. 72 494
9. 73 61
9. 74 991
9. 75 30
9. 76 995
9. 77 73
9. 78 497
9. 79 124
9. 80 999
9. 81 493
9. 82 21
9. 83 242
9. 84 57
9. 85 492
9. 86 141
9. 87 326
9. 88 21
9. 89 95
9. 90 992
9. 91 997
9. 92 496
9. 93 90
9. 94 331
9. 95 65
9. 96 139
9. 97 996
9. 98 102
9. 99 65
9. 100 81
9. 101 491
9. 102 45
9. 103 329
9. 104 165
9. 105 200
9. 106 44
9. 107 490
9. 108 192
9. 109 33
9. 110 61
9. 111 64
9. 112 84
9. 113 124
9. 114 116
9. 115 158
9. 116 59
9. 117 75
9. 118 156
9. 119 496
9. 120 106
9. 121 323
9. 122 83
9. 123 141
9. 124 81
9. 125 74
9. 126 91
9. 127 332
9. 128 999
9. 129 200
9. 130 102
9. 131 496
9. 132 56
9. 133 195
9. 134 67
9. 135 59
9. 136 160
9. 137 191
9. 138 141
9. 139 245
9. 140 110
9. 141 91
9. 142 81
9. 143 47
9. 144 248
9. 145 21
9. 146 73
9. 147 199
9. 148 996
9. 149 248
9. 150 85
9. 151 47
9. 152 90
9. 153 15
9. 154 46
9. 155 500
9. 156 82
9. 157 83
9. 158 119
9. 159 197
9. 160 993
9. 161 495
9. 162 78
9. 163 56
9. 164 68
9. 165 85
9. 166 326
9. 167 40
9. 168 20
9. 169 92
9. 170 80
9. 171 54
9. 172 61
9. 173 65
9. 174 194
9. 175 17
9. 176 63
9. 177 162
9. 178 492
9. 179 996
9. 180 199
9. 181 79
9. 182 198
9. 183 51
9. 184 116
9. 185 138
9. 186 59
9. 187 16
9. 188 199
9. 189 65
9. 190 118
9. 191 162
9. 192 492
9. 193 241
9. 194 997
9. 195 21
9. 196 73
9. 197 325
9. 198 92
9. 199 996
10. 0 495
10. 1 120
10. 2 17
10. 3 491
10. 4 133
10. 5 29
10. 6 197
10. 7 103
10. 8 332
10. 9 118
10. 10 119
10. 11 98
10. 12 329
10. 13 135
10. 14 55
10. 15 70
10. 16 495
10. 17 994
10. 18 106
10. 19 331
10. 20 157
10. 21 17
10. 22 12
10. 23 995
10. 24 492
10. 25 324
10. 26 66
10. 27 118
10. 28 325
10. 29 35
10. 30 25
10. 31 998
10. 32 191
10. 33 243
10. 34 999
10. 35 328
10. 36 104
10. 37 119
10. 38 995
10. 39 495
10. 40 140
10. 41 125
10. 42 194
10. 43 243
10. 44 193
10. 45 50
10. 46 11
10. 47 160
10. 48 61
10. 49 104
10. 50 324
10. 51 498
10. 52 995
10. 53 17
10. 54 244
10. 55 72
10. 56 135
10. 57 329
10. 58 62
10. 59 246
10. 60 190
10. 61 247
10. 62 199
10. 63 54
10. 64 52
10. 65 67
10. 66 157
10. 67 58
10. 68 158
10. 69 158
10. 70 93
10. 71 117
10. 72 117
10. 73 137
10. 74 333
10. 75 115
10. 76 31
10. 77 68
10. 78 998
10. 79 991
10. 80 990
10. 81 50
10. 82 68
10. 83 246
10. 84 68
10. 85 993
10. 86 96
10. 87 190
10. 88 20
10. 89 22
10. 90 496
10. 91 241
10. 92 136
10. 93 74
10. 94 33
10. 95 95
10. 96 33
10. 97 247
10. 98 138
10. 99 991
10. 100 45
10. 101 241
10. 102 162
10. 103 99
10. 104 33
10. 105 497
10. 106 162
10. 107 990
10. 108 70
10. 109 82
10. 110 36
10. 111 68
10. 112 495
10. 113 328
10. 114 992
10. 115 241
10. 116 125
10. 117 324
10. 118 244
10. 119 994
10. 120 40
10. 121 498
10. 122 74
10. 123 38
10. 124 116
10. 125 29
10. 126 140
10. 127 70
10. 128 156
10. 129 250
10. 130 91
10. 131 329
10. 132 995
10. 133 117
10. 134 97
10. 135 101
10. 136 82
10. 137 68
10. 138 165
10. 139 85
10. 140 66
10. 141 990
10. 142 139
10. 143 22
10. 144 67
10. 145 67
10. 146 22
10. 147 330
10. 148 23
10. 149 330
10. 150 158
10. 151 15
10. 152 24
10. 153 39
10. 154 241
10. 155 157
10. 156 61
10. 157 70
10. 158 24
10. 159 85
10. 160 81
10. 161 98
10. 162 323
10. 163 34
10. 164 49
10. 165 329
10. 166 199
10. 167 69
10. 168 333
10. 169 138
10. 170 118
10. 171 191
10. 172 140
10. 173 68
10. 174 68
10. 175 192
10. 176 48
10. 177 993
10. 178 195
10. 179 23
10. 180 37
10. 181 192
10. 182 493
10. 183 107
10. 184 246
10. 185 494
10. 186 63
10. 187 108
10. 188 26
10. 189 190
10. 190 330
10. 191 491
10. 192 124
10. 193 56
10. 194 164
10. 195 81
10. 196 499
10. 197 1000
10. 198 86
10. 199 108
11. 0 191
11. 1 991
11. 2 36
11. 3 135
11. 4 994
11. 5 159
11. 6 197
11. 7 55
11. 8 49
11. 9 61
11. 10 42
11. 11 47
11. 12 84
11. 13 61
11. 14 166
11. 15 136
11. 16 156
11. 17 124
11. 18 68
11. 19 492
11. 20 199
11. 21 57
11. 22 999
11. 23 994
11. 24 991
11. 25 492
11. 26 141
11. 27 140
11. 28 93
11. 29 196
11. 30 109
11. 31 57
11. 32 158
11. 33 33
11. 34 55
11. 35 191
11. 36 61
11. 37 159
11. 38 492
11. 39 495
11. 40 82
11. 41 45
11. 42 330
11. 43 162
11. 44 993
11. 45 242
11. 46 242
11. 47 199
11. 48 135
11. 49 240
11. 50 34
11. 51 991
11. 52 115
11. 53 55
11. 54 994
11. 55 124
11. 56 39
11. 57 109
11. 58 107
11. 59 247
11. 60 248
11. 61 162
11. 62 12
11. 63 249
11. 64 498
11. 65 324
11. 66 246
11. 67 95
11. 68 115
11. 69 51
11. 70 70
11. 71 76
11. 72 78
11. 73 323
11. 74 34
11. 75 331
11. 76 493
11. 77 329
11. 78 82
11. 79 194
11. 80 58
11. 81 137
11. 82 32
11. 83 81
11. 84 123
11. 85 84
11. 86 23
11. 87 50
11. 88 498
11. 89 53
11. 90 62
11. 91 192
11. 92 139
11. 93 31
11. 94 47
11. 95 494
11. 96 87
11. 97 51
11. 98 135
11. 99 20
11. 100 94
11. 101 247
11. 102 68
11. 103 71
11. 104 85
11. 105 326
11. 106 82
11. 107 996
11. 108 65
11. 109 55
11. 110 240
11. 111 108
11. 112 244
11. 113 66
11. 114 490
11. 115 332
11. 116 29
11. 117 136
11. 118 198
11. 119 165
11. 120 241
11. 121 496
11. 122 16
11. 123 324
11. 124 493
11. 125 158
11. 126 43
11. 127 98
11. 128 93
11. 129 499
11. 130 247
11. 131 132
11. 132 81
11. 133 242
11. 134 70
11. 135 41
11. 136 45
11. 137 323
11. 138 58
11. 139 995
11. 140 43
11. 141 57
11. 142 996
11. 143 245
11. 144 197
11. 145 249
11. 146 327
11. 147 246
11. 148 86
11. 149 14
11. 150 76
11. 151 35
11. 152 244
11. 153 117
11. 154 245
11. 155 245
11. 156 141
11. 157 994
11. 158 29
11. 159 498
11. 160 991
11. 161 163
11. 162 56
11. 163 241
11. 164 21
11. 165 42
11. 166 495
11. 167 48
11. 168 51
11. 169 39
11. 170 58
11. 171 157
11. 172 992
11. 173 48
11. 174 81
11. 175 497
11. 176 80
11. 177 191
11. 178 163
11. 179 64
11. 180 992
11. 181 80
11. 182 141
11. 183 323
11. 184 164
11. 185 56
11. 186 137
11. 187 107
11. 188 196
11. 189 101
11. 190 90
11. 191 163
11. 192 161
11. 193 123
11. 194 74
11. 195 82
11. 196 999
11. 197 64
11. 198 135
11. 199 105
12. 0 64
12. 1 28
12. 2 21
12. 3 158
12. 4 247
12. 5 23
12. 6 66
12. 7 43
12. 8 134
12. 9 118
12. 10 494
12. 11 160
12. 12 22
12. 13 91
12. 14 991
12. 15 244
12. 16 98
12. 17 247
12. 18 198
12. 19 38
12. 20 45
12. 21 78
12. 22 103
12. 23 496
12. 24 73
12. 25 996
12. 26 36
12. 27 242
12. 28 18
12. 29 115
12. 30 992
12. 31 491
12. 32 491
12. 33 124
12. 34 79
12. 35 61
12. 36 39
12. 37 329
12. 38 38
12. 39 245
12. 40 162
12. 41 248
12. 42 92
12. 43 138
12. 44 97
12. 45 98
12. 46 50
12. 47 192
12. 48 993
12. 49 990
12. 50 56
12. 51 124
12. 52 88
12. 53 101
12. 54 161
12. 55 132
12. 56 496
12. 57 325
12. 58 998
12. 59 63
12. 60 326
12. 61 247
12. 62 331
12. 63 19
12. 64 38
12. 65 99
12. 66 494
12. 67 493
12. 68 70
12. 69 996
12. 70 85
12. 71 80
12. 72 115
12. 73 68
12. 74 993
12. 75 328
12. 76 69
12. 77 329
12. 78 995
12. 79 39
12. 80 163
12. 81 18
12. 82 156
12. 83 49
12. 84 64
12. 85 495
12. 86 109
12. 87 138
12. 88 82
12. 89 22
12. 90 8
12. 91 10
12. 92 84
12. 93 41
12. 94 995
12. 95 134
12. 96 120
12. 97 51
12. 98 163
12. 99 110
12. 100 990
12. 101 48
12. 102 134
12. 103 497
12. 104 195
12. 105 87
12. 106 74
12. 107 490
12. 108 133
12. 109 108
12. 110 54
12. 111 194
12. 112 48
12. 113 160
12. 114 50
12. 115 245
12. 116 74
12. 117 25
12. 118 106
12. 119 81
12. 120 140
12. 121 994
12. 122 324
12. 123 490
12. 124 81
12. 125 46
12. 126 30
12. 127 247
12. 128 59
12. 129 157
12. 130 67
12. 131 492
12. 132 76
12. 133 138
12. 134 50
12. 135 329
12. 136 49
12. 137 134
12. 138 123
12. 139 27
12. 140 198
12. 141 108
12. 142 199
12. 143 74
12. 144 37
12. 145 124
12. 146 88
12. 147 76
12. 148 199
12. 149 157
12. 150 75
12. 151 138
12. 152 495
12. 153 109
12. 154 241
12. 155 132
12. 156 997
12. 157 160
12. 158 44
12. 159 164
12. 160 999
12. 161 160
12. 162 994
12. 163 323
12. 164 95
12. 165 103
12. 166 30
12. 167 99
12. 168 157
12. 169 159
12. 170 88
12. 171 124
12. 172 197
12. 173 59
12. 174 61
12. 175 67
12. 176 95
12. 177 327
12. 178 194
12. 179 25
12. 180 497
12. 181 159
12. 182 244
12. 183 50
12. 184 35
12. 185 68
12. 186 53
12. 187 135
12. 188 26
12. 189 165
12. 190 35
12. 191 45
12. 192 41
12. 193 139
12. 194 160
12. 195 192
12. 196 124
12. 197 122
12. 198 333
12. 199 497
13. 0 53
13. 1 198
13. 2 21
13. 3 25
13. 4 19
13. 5 161
13. 6 997
13. 7 79
13. 8 199
13. 9 31
13. 10 132
13. 11 498
13. 12 56
13. 13 81
13. 14 87
13. 15 119
13. 16 327
13. 17 498
13. 18 996
13. 19 70
13. 20 491
13. 21 109
13. 22 991
13. 23 56
13. 24 108
13. 25 993
13. 26 66
13. 27 491
13. 28 158
13. 29 249
13. 30 51
13. 31 31
13. 32 198
13. 33 68
13. 34 197
13. 35 161
13. 36 499
13. 37 160
13. 38 494
13. 39 48
13. 40 997
13. 41 31
13. 42 242
13. 43 80
13. 44 108
13. 45 124
13. 46 31
13. 47 69
13. 48 994
13. 49 327
13. 50 133
13. 51 323
13. 52 99
13. 53 991
13. 54 493
13. 55 73
13. 56 78
13. 57 993
13. 58 56
13. 59 110
13. 60 72
13. 61 86
13. 62 34
13. 63 492
13. 64 57
13. 65 51
13. 66 64
13. 67 134
13. 68 998
13. 69 136
13. 70 25
13. 71 49
13. 72 35
13. 73 992
13. 74 495
13. 75 36
13. 76 325
13. 77 994
13. 78 329
13. 79 40
13. 80 35
13. 81 28
13. 82 192
13. 83 48
13. 84 990
13. 85 49
13. 86 331
13. 87 325
13. 88 328
13. 89 193
13. 90 159
13. 91 68
13. 92 196
13. 93 30
13. 94 94
13. 95 494
13. 96 498
13. 97 110
13. 98 38
13. 99 81
13. 100 141
13. 101 44
13. 102 240
13. 103 331
13. 104 53
13. 105 24
13. 106 193
13. 107 95
13. 108 51
13. 109 23
13. 110 80
13. 111 191
13. 112 103
13. 113 331
13. 114 992
13. 115 40
13. 116 323
13. 117 87
13. 118 35
13. 119 496
13. 120 91
13. 121 248
13. 122 199
13. 123 54
13. 124 82
13. 125 325
13. 126 42
13. 127 82
13. 128 999
13. 129 122
13. 130 158
13. 131 58
13. 132 68
13. 133 105
13. 134 35
13. 135 992
13. 136 46
13. 137 44
13. 138 491
13. 139 98
13. 140 38
13. 141 84
13. 142 323
13. 143 34
13. 144 195
13. 145 197
13. 146 122
13. 147 61
13. 148 62
13. 149 56
13. 150 995
13. 151 137
13. 152 48
13. 153 996
13. 154 245
13. 155 240
13. 156 190
13. 157 332
13. 158 53
13. 159 200
13. 160 106
13. 161 991
13. 162 991
13. 163 33
13. 164 240
13. 165 241
13. 166 106
13. 167 248
13. 168 63
13. 169 57
13. 170 133
13. 171 28
13. 172 164
13. 173 242
13. 174 54
13. 175 161
13. 176 994
13. 177 117
13. 178 997
13. 179 992
13. 180 197
13. 181 242
13. 182 246
13. 183 159
13. 184 329
13. 185 196
13. 186 70
13. 187 39
13. 188 69
13. 189 120
13. 190 491
13. 191 250
13. 192 498
13. 193 990
13. 194 156
13. 195 490
13. 196 191
13. 197 190
13. 198 33
13. 199 193
14. 0 158
14. 1 242
14. 2 121
14. 3 47
14. 4 41
14. 5 94
14. 6 244
14. 7 28
14. 8 70
14. 9 91
14. 10 80
14. 11 118
14. 12 199
14. 13 40
14. 14 328
14. 15 241
14. 16 124
14. 17 50
14. 18 247
14. 19 196
14. 20 199
14. 21 490
14. 22 39
14. 23 88
14. 24 119
14. 25 492
14. 26 33
14. 27 994
14. 28 196
14. 29 31
14. 30 165
14. 31 96
14. 32 115
14. 33 55
14. 34 199
14. 35 64
14. 36 491
14. 37 493
14. 38 106
14. 39 51
14. 40 991
14. 41 999
14. 42 198
14. 43 330
14. 44 132
14. 45 23
14. 46 190
14. 47 79
14. 48 25
14. 49 138
14. 50 139
14. 51 57
14. 52 158
14. 53 15
14. 54 61
14. 55 65
14. 56 492
14. 57 56
14. 58 493
14. 59 29
14. 60 241
14. 61 83
14. 62 61
14. 63 82
14. 64 44
14. 65 242
14. 66 49
14. 67 247
14. 68 161
14. 69 990
14. 70 199
14. 71 194
14. 72 499
14. 73 997
14. 74 991
14. 75 332
14. 76 49
14. 77 90
14. 78 331
14. 79 242
14. 80 328
14. 81 245
14. 82 85
14. 83 249
14. 84 248
14. 85 121
14. 86 139
14. 87 496
14. 88 55
14. 89 998
14. 90 190
14. 91 73
14. 92 164
14. 93 997
14. 94 323
14. 95 135
14. 96 39
14. 97 164
14. 98 39
14. 99 246
14. 100 106
14. 101 495
14. 102 244
14. 103 190
14. 104 245
14. 105 118
14. 106 107
14. 107 42
14. 108 499
14. 109 99
14. 110 245
14. 111 492
14. 112 248
14. 113 49
14. 114 495
14. 115 196
14. 116 993
14. 117 11
14. 118 78
14. 119 139
14. 120 88
14. 121 141
14. 122 990
14. 123 241
14. 124 67
14. 125 495
14. 126 244
14. 127 993
14. 128 191
14. 129 69
14. 130 198
14. 131 73
14. 132 73
14. 133 990
14. 134 998
14. 135 117
14. 136 104
14. 137 13
14. 138 56
14. 139 54
14. 140 196
14. 141 158
14. 142 39
14. 143 241
14. 144 51
14. 145 328
14. 146 194
14. 147 138
14. 148 999
14. 149 241
14. 150 10
14. 151 54
14. 152 248
14. 153 78
14. 154 199
14. 155 42
14. 156 190
14. 157 42
14. 158 197
14. 159 122
14. 160 115
14. 161 496
14. 162 32
14. 163 84
14. 164 159
14. 165 26
14. 166 499
14. 167 38
14. 168 246
14. 169 66
14. 170 160
14. 171 95
14. 172 32
14. 173 240
14. 174 246
14. 175 498
14. 176 61
14. 177 122
14. 178 194
14. 179 135
14. 180 491
14. 181 37
14. 182 32
14. 183 332
14. 184 40
14. 185 86
14. 186 101
14. 187 93
14. 188 20
14. 189 80
14. 190 120
14. 191 192
14. 192 493
14. 193 107
14. 194 190
14. 195 108
14. 196 52
14. 197 57
14. 198 494
14. 199 66
15. 0 330
15. 1 64
15. 2 494
15. 3 248
15. 4 55
15. 5 30
15. 6 61
15. 7 1
15. 8 163
15. 9 245
15. 10 141
15. 11 248
15. 12 109
15. 13 332
15. 14 19
15. 15 36
15. 16 36
15. 17 498
15. 18 53
15. 19 498
15. 20 51
15. 21 76
15. 22 490
15. 23 499
15. 24 247
15. 25 163
15. 26 324
15. 27 26
15. 28 244
15. 29 496
15. 30 140
15. 31 249
15. 32 85
15. 33 102
15. 34 104
15. 35 27
15. 36 197
15. 37 28
15. 38 157
15. 39 73
15. 40 56
15. 41 42
15. 42 76
15. 43 490
15. 44 995
15. 45 999
15. 46 122
15. 47 157
15. 48 325
15. 49 63
15. 50 327
15. 51 996
15. 52 159
15. 53 42
15. 54 246
15. 55 111
15. 56 137
15. 57 61
15. 58 495
15. 59 90
15. 60 30
15. 61 193
15. 62 141
15. 63 245
15. 64 328
15. 65 90
15. 66 248
15. 67 44
15. 68 197
15. 69 124
15. 70 158
15. 71 991
15. 72 17
15. 73 497
15. 74 998
15. 75 327
15. 76 65
15. 77 326
15. 78 30
15. 79 160
15. 80 199
15. 81 105
15. 82 57
15. 83 192
15. 84 73
15. 85 73
15. 86 996
15. 87 74
15. 88 59
15. 89 110
15. 90 89
15. 91 162
15. 92 20
15. 93 198
15. 94 132
15. 95 199
15. 96 18
15. 97 53
15. 98 61
15. 99 165
15. 100 22
15. 101 106
15. 102 50
15. 103 497
15. 104 47
15. 105 31
15. 106 85
15. 107 491
15. 108 327
15. 109 33
15. 110 141
15. 111 70
15. 112 497
15. 113 137
15. 114 156
15. 115 999
15. 116 323
15. 117 139
15. 118 134
15. 119 66
15. 120 105
15. 121 243
15. 122 490
15. 123 115
15. 124 324
15. 125 41
15. 126 61
15. 127 106
15. 128 106
15. 129 35
15. 130 158
15. 131 190
15. 132 23
15. 133 70
15. 134 93
15. 135 329
15. 136 159
15. 137 117
15. 138 245
15. 139 91
15. 140 121
15. 141 331
15. 142 164
15. 143 163
15. 144 78
15. 145 23
15. 146 992
15. 147 195
15. 148 55
15. 149 330
15. 150 137
15. 151 44
15. 152 59
15. 153 492
15. 154 993
15. 155 325
15. 156 998
15. 157 329
15. 158 132
15. 159 17
15. 160 33
15. 161 324
15. 162 77
15. 163 122
15. 164 195
15. 165 331
15. 166 78
15. 167 72
15. 168 156
15. 169 25
15. 170 45
15. 171 132
15. 172 997
15. 173 61
15. 174 53
15. 175 70
15. 176 60
15. 177 249
15. 178 97
15. 179 70
15. 180 65
15. 181 193
15. 182 30
15. 183 81
15. 184 80
15. 185 16
15. 186 93
15. 187 30
15. 188 26
15. 189 133
15. 190 63
15. 191 27
15. 192 134
15. 193 35
15. 194 53
15. 195 36
15. 196 76
15. 197 996
15. 198 37
15. 199 330
16. 0 53
16. 1 992
16. 2 496
16. 3 41
16. 4 55
16. 5 17
16. 6 41
16. 7 999
16. 8 105
16. 9 192
16. 10 67
16. 11 46
16. 12 46
16. 13 199
16. 14 67
16. 15 30
16. 16 13
16. 17 138
16. 18 496
16. 19 194
16. 20 493
16. 21 191
16. 22 81
16. 23 33
16. 24 995
16. 25 82
16. 26 999
16. 27 55
16. 28 16
16. 29 44
16. 30 998
16. 31 104
16. 32 996
16. 33 496
16. 34 37
16. 35 5
16. 36 9
16. 37 19
16. 38 124
16. 39 997
16. 40 85
16. 41 49
16. 42 330
16. 43 159
16. 44 247
16. 45 325
16. 46 93
16. 47 124
16. 48 24
16. 49 50
16. 50 37
16. 51 165
16. 52 325
16. 53 248
16. 54 328
16. 55 81
16. 56 19
16. 57 29
16. 58 103
16. 59 121
16. 60 90
16. 61 15
16. 62 34
16. 63 68
16. 64 991
16. 65 199
16. 66 63
16. 67 190
16. 68 135
16. 69 135
16. 70 49
16. 71 161
16. 72 999
16. 73 44
16. 74 74
16. 75 102
16. 76 71
16. 77 115
16. 78 330
16. 79 136
16. 80 323
16. 81 999
16. 82 32
16. 83 499
16. 84 990
16. 85 194
16. 86 190
16. 87 990
16. 88 25
16. 89 41
16. 90 137
16. 91 68
16. 92 162
16. 93 141
16. 94 499
16. 95 33
16. 96 498
16. 97 97
16. 98 247
16. 99 99
16. 100 158
16. 101 28
16. 102 98
16. 103 331
16. 104 996
16. 105 115
16. 106 68
16. 107 156
16. 108 492
16. 109 71
16. 110 196
16. 111 497
16. 112 66
16. 113 58
16. 114 240
16. 115 56
16. 116 497
16. 117 162
16. 118 28
16. 119 330
16. 120 325
16. 121 192
16. 122 30
16. 123 329
16. 124 69
16. 125 992
16. 126 193
16. 127 139
16. 128 499
16. 129 245
16. 130 493
16. 131 110
16. 132 118
16. 133 115
16. 134 48
16. 135 92
16. 136 59
16. 137 138
16. 138 34
16. 139 165
16. 140 499
16. 141 48
16. 142 164
16. 143 43
16. 144 492
16. 145 191
16. 146 992
16. 147 75
16. 148 199
16. 149 47
16. 150 57
16. 151 246
16. 152 246
16. 153 58
16. 154 53
16. 155 36
16. 156 324
16. 157 998
16. 158 995
16. 159 991
16. 160 329
16. 161 104
16. 162 69
16. 163 330
16. 164 55
16. 165 997
16. 166 499
16. 167 36
16. 168 156
16. 169 998
16. 170 97
16. 171 998
16. 172 93
16. 173 78
16. 174 999
16. 175 139
16. 176 333
16. 177 65
16. 178 499
16. 179 120
16. 180 26
16. 181 33
16. 182 84
16. 183 58
16. 184 247
16. 185 197
16. 186 998
16. 187 999
16. 188 492
16. 189 80
16. 190 48
16. 191 332
16. 192 990
16. 193 191
16. 194 157
16. 195 52
16. 196 56
16. 197 993
16. 198 196
16. 199 85
17. 0 61
17. 1 195
17. 2 241
17. 3 998
17. 4 28
17. 5 81
17. 6 96
17. 7 87
17. 8 163
17. 9 68
17. 10 158
17. 11 491
17. 12 69
17. 13 132
17. 14 332
17. 15 197
17. 16 88
17. 17 996
17. 18 91
17. 19 48
17. 20 17
17. 21 85
17. 22 17
17. 23 996
17. 24 61
17. 25 326
17. 26 94
17. 27 70
17. 28 136
17. 29 82
17. 30 999
17. 31 96
17. 32 21
17. 33 18
17. 34 248
17. 35 135
17. 36 31
17. 37 45
17. 38 107
17. 39 118
17. 40 110
17. 41 87
17. 42 56
17. 43 195
17. 44 55
17. 45 995
17. 46 499
17. 47 50
17. 48 244
17. 49 161
17. 50 324
17. 51 22
17. 52 49
17. 53 164
17. 54 24
17. 55 87
17. 56 60
17. 57 156
17. 58 86
17. 59 103
17. 60 326
17. 61 44
17. 62 35
17. 63 73
17. 64 60
17. 65 165
17. 66 47
17. 67 190
17. 68 36
17. 69 496
17. 70 325
17. 71 242
17. 72 33
17. 73 90
17. 74 38
17. 75 103
17. 76 43
17. 77 42
17. 78 29
17. 79 496
17. 80 96
17. 81 95
17. 82 87
17. 83 996
17. 84 499
17. 85 329
17. 86 22
17. 87 249
17. 88 323
17. 89 58
17. 90 75
17. 91 999
17. 92 30
17. 93 493
17. 94 157
17. 95 17
17. 96 498
17. 97 52
17. 98 498
17. 99 995
17. 100 158
17. 101 26
17. 102 40
17. 103 241
17. 104 490
17. 105 164
17. 106 133
17. 107 7
17. 108 42
17. 109 42
17. 110 492
17. 111 94
17. 112 199
17. 113 78
17. 114 108
17. 115 991
17. 116 43
17. 117 63
17. 118 193
17. 119 157
17. 120 198
17. 121 15
17. 122 39
17. 123 326
17. 124 50
17. 125 50
17. 126 994
17. 127 56
17. 128 74
17. 129 47
17. 130 164
17. 131 16
17. 132 62
17. 133 115
17. 134 84
17. 135 491
17. 136 240
17. 137 120
17. 138 323
17. 139 325
17. 140 157
17. 141 94
17. 142 498
17. 143 121
17. 144 49
17. 145 324
17. 146 101
17. 147 994
17. 148 194
17. 149 79
17. 150 331
17. 151 48
17. 152 996
17. 153 198
17. 154 197
17. 155 491
17. 156 108
17. 157 45
17. 158 324
17. 159 110
17. 160 240
17. 161 996
17. 162 68
17. 163 27
17. 164 162
17. 165 59
17. 166 63
17. 167 77
17. 168 990
17. 169 992
17. 170 80
17. 171 995
17. 172 241
17. 173 166
17. 174 161
17. 175 134
17. 176 108
17. 177 106
17. 178 243
17. 179 190
17. 180 242
17. 181 326
17. 182 72
17. 183 195
17. 184 84
17. 185 43
17. 186 324
17. 187 490
17. 188 197
17. 189 44
17. 190 329
17. 191 991
17. 192 161
17. 193 87
17. 194 495
17. 195 49
17. 196 165
17. 197 491
17. 198 324
17. 199 52
18. 0 244
18. 1 55
18. 2 246
18. 3 329
18. 4 998
18. 5 196
18. 6 331
18. 7 242
18. 8 49
18. 9 80
18. 10 493
18. 11 156
18. 12 990
18. 13 498
18. 14 48
18. 15 994
18. 16 49
18. 17 497
18. 18 199
18. 19 61
18. 20 54
18. 21 325
18. 22 160
18. 23 993
18. 24 57
18. 25 193
18. 26 136
18. 27 96
18. 28 497
18. 29 21
18. 30 499
18. 31 81
18. 32 121
18. 33 193
18. 34 120
18. 35 999
18. 36 247
18. 37 21
18. 38 62
18. 39 50
18. 40 995
18. 41 244
18. 42 95
18. 43 36
18. 44 325
18. 45 330
18. 46 88
18. 47 990
18. 48 58
18. 49 74
18. 50 63
18. 51 68
18. 52 36
18. 53 51
18. 54 999
18. 55 124
18. 56 61
18. 57 41
18. 58 66
18. 59 92
18. 60 106
18. 61 329
18. 62 157
18. 63 75
18. 64 80
18. 65 28
18. 66 45
18. 67 54
18. 68 163
18. 69 77
18. 70 249
18. 71 247
18. 72 246
18. 73 52
18. 74 997
18. 75 86
18. 76 52
18. 77 90
18. 78 995
18. 79 11
18. 80 12
18. 81 162
18. 82 323
18. 83 42
18. 84 993
18. 85 119
18. 86 495
18. 87 42
18. 88 23
18. 89 241
18. 90 65
18. 91 325
18. 92 18
18. 93 198
18. 94 19
18. 95 246
18. 96 37
18. 97 162
18. 98 120
18. 99 46
18. 100 992
18. 101 124
18. 102 38
18. 103 31
18. 104 44
18. 105 248
18. 106 58
18. 107 73
18. 108 121
18. 109 247
18. 110 53
18. 111 198
18. 112 108
18. 113 498
18. 114 118
18. 115 197
18. 116 331
18. 117 92
18. 118 35
18. 119 191
18. 120 106
18. 121 104
18. 122 245
18. 123 495
18. 124 496
18. 125 39
18. 126 105
18. 127 326
18. 128 999
18. 129 196
18. 130 57
18. 131 26
18. 132 332
18. 133 332
18. 134 87
18. 135 193
18. 136 69
18. 137 159
18. 138 22
18. 139 325
18. 140 329
18. 141 11
18. 142 53
18. 143 16
18. 144 995
18. 145 325
18. 146 157
18. 147 135
18. 148 68
18. 149 326
18. 150 190
18. 151 74
18. 152 490
18. 153 191
18. 154 491
18. 155 994
18. 156 492
18. 157 68
18. 158 994
18. 159 161
18. 160 197
18. 161 995
18. 162 43
18. 163 16
18. 164 102
18. 165 323
18. 166 92
18. 167 496
18. 168 494
18. 169 67
18. 170 45
18. 171 62
18. 172 198
18. 173 12
18. 174 59
18. 175 37
18. 176 493
18. 177 40
18. 178 90
18. 179 106
18. 180 193
18. 181 993
18. 182 158
18. 183 86
18. 184 70
18. 185 48
18. 186 59
18. 187 494
18. 188 71
18. 189 115
18. 190 999
18. 191 31
18. 192 244
18. 193 134
18. 194 34
18. 195 26
18. 196 495
18. 197 82
18. 198 81
18. 199 245
19. 0 36
19. 1 198
19. 2 97
19. 3 69
19. 4 55
19. 5 197
19. 6 195
19. 7 332
19. 8 192
19. 9 39
19. 10 81
19. 11 195
19. 12 329
19. 13 108
19. 14 993
19. 15 491
19. 16 61
19. 17 494
19. 18 24
19. 19 158
19. 20 29
19. 21 66
19. 22 246
19. 23 997
19. 24 997
19. 25 327
19. 26 19
19. 27 492
19. 28 325
19. 29 242
19. 30 83
19. 31 43
19. 32 998
19. 33 997
19. 34 326
19. 35 994
19. 36 51
19. 37 70
19. 38 330
19. 39 193
19. 40 161
19. 41 73
19. 42 499
19. 43 95
19. 44 490
19. 45 19
19. 46 992
19. 47 164
19. 48 992
19. 49 64
19. 50 498
19. 51 160
19. 52 245
19. 53 243
19. 54 244
19. 55 244
19. 56 997
19. 57 63
19. 58 998
19. 59 35
19. 60 69
19. 61 119
19. 62 140
19. 63 995
19. 64 246
19. 65 196
19. 66 87
19. 67 69
19. 68 991
19. 69 93
19. 70 32
19. 71 37
19. 72 118
19. 73 135
19. 74 158
19. 75 165
19. 76 991
19. 77 995
19. 78 499
19. 79 51
19. 80 990
19. 81 499
19. 82 72
19. 83 102
19. 84 73
19. 85 496
19. 86 99
19. 87 499
19. 88 242
19. 89 32
19. 90 495
19. 91 37
19. 92 992
19. 93 73
19. 94 54
19. 95 192
19. 96 106
19. 97 164
19. 98 35
19. 99 59
19. 100 53
19. 101 991
19. 102 45
19. 103 119
19. 104 198
19. 105 498
19. 106 995
19. 107 16
19. 108 118
19. 109 192
19. 110 327
19. 111 46
19. 112 133
19. 113 242
19. 114 324
19. 115 67
19. 116 124
19. 117 116
19. 118 88
19. 119 84
19. 120 491
19. 121 107
19. 122 994
19. 123 18
19. 124 53
19. 125 122
19. 126 196
19. 127 164
19. 128 137
19. 129 323
19. 130 55
19. 131 90
19. 132 98
19. 133 45
19. 134 141
19. 135 330
19. 136 27
19. 137 324
19. 138 194
19. 139 80
19. 140 115
19. 141 996
19. 142 45
19. 143 327
19. 144 133
19. 145 23
19. 146 45
19. 147 50
19. 148 85
19. 149 73
19. 150 46
19. 151 65
19. 152 190
19. 153 990
19. 154 96
19. 155 993
19. 156 246
19. 157 80
19. 158 53
19. 159 994
19. 160 32
19. 161 247
19. 162 326
19. 163 52
19. 164 140
19. 165 141
19. 166 328
19. 167 498
19. 168 32
19. 169 23
19. 170 105
19. 171 995
19. 172 162
19. 173 19
19. 174 99
19. 175 36
19. 176 60
19. 177 102
19. 178 991
19. 179 32
19. 180 249
19. 181 156
19. 182 115
19. 183 96
19. 184 330
19. 185 157
19. 186 89
19. 187 242
19. 188 21
19. 189 323
19. 190 82
19. 191 329
19. 192 331
19. 193 44
19. 194 60
19. 195 997
19. 196 34
19. 197 995
19. 198 246
19. 199 136
/;
parameter a(i,j)/
0. 0 11
0. 1 7
0. 2 1
0. 3 9
0. 4 7
0. 5 27
0. 6 8
0. 7 15
0. 8 3
0. 9 1
0. 10 7
0. 11 5
0. 12 14
0. 13 9
0. 14 17
0. 15 2
0. 16 12
0. 17 4
0. 18 16
0. 19 5
0. 20 8
0. 21 2
0. 22 13
0. 23 8
0. 24 5
0. 25 19
0. 26 1
0. 27 3
0. 28 3
0. 29 4
0. 30 6
0. 31 1
0. 32 5
0. 33 4
0. 34 45
0. 35 11
0. 36 2
0. 37 4
0. 38 1
0. 39 10
0. 40 15
0. 41 2
0. 42 13
0. 43 11
0. 44 10
0. 45 9
0. 46 1
0. 47 1
0. 48 13
0. 49 3
0. 50 7
0. 51 5
0. 52 14
0. 53 4
0. 54 2
0. 55 27
0. 56 26
0. 57 1
0. 58 23
0. 59 5
0. 60 1
0. 61 6
0. 62 50
0. 63 8
0. 64 1
0. 65 14
0. 66 2
0. 67 6
0. 68 10
0. 69 13
0. 70 14
0. 71 14
0. 72 24
0. 73 2
0. 74 9
0. 75 3
0. 76 1
0. 77 8
0. 78 3
0. 79 7
0. 80 5
0. 81 1
0. 82 11
0. 83 3
0. 84 6
0. 85 18
0. 86 16
0. 87 7
0. 88 36
0. 89 14
0. 90 23
0. 91 6
0. 92 16
0. 93 32
0. 94 3
0. 95 17
0. 96 5
0. 97 18
0. 98 4
0. 99 14
0. 100 4
0. 101 1
0. 102 18
0. 103 6
0. 104 5
0. 105 3
0. 106 25
0. 107 9
0. 108 4
0. 109 1
0. 110 4
0. 111 2
0. 112 31
0. 113 13
0. 114 10
0. 115 3
0. 116 3
0. 117 18
0. 118 25
0. 119 7
0. 120 30
0. 121 1
0. 122 5
0. 123 5
0. 124 36
0. 125 20
0. 126 24
0. 127 8
0. 128 4
0. 129 4
0. 130 4
0. 131 15
0. 132 2
0. 133 8
0. 134 5
0. 135 1
0. 136 3
0. 137 6
0. 138 7
0. 139 4
0. 140 3
0. 141 5
0. 142 1
0. 143 9
0. 144 3
0. 145 17
0. 146 12
0. 147 2
0. 148 5
0. 149 48
0. 150 8
0. 151 7
0. 152 13
0. 153 18
0. 154 9
0. 155 6
0. 156 9
0. 157 16
0. 158 27
0. 159 8
0. 160 4
0. 161 12
0. 162 19
0. 163 13
0. 164 7
0. 165 5
0. 166 6
0. 167 3
0. 168 1
0. 169 3
0. 170 1
0. 171 3
0. 172 47
0. 173 9
0. 174 2
0. 175 14
0. 176 5
0. 177 9
0. 178 1
0. 179 22
0. 180 3
0. 181 15
0. 182 11
0. 183 2
0. 184 8
0. 185 5
0. 186 13
0. 187 1
0. 188 47
0. 189 1
0. 190 1
0. 191 17
0. 192 4
0. 193 33
0. 194 10
0. 195 1
0. 196 1
0. 197 3
0. 198 31
0. 199 13
1. 0 26
1. 1 29
1. 2 2
1. 3 4
1. 4 3
1. 5 5
1. 6 6
1. 7 13
1. 8 38
1. 9 34
1. 10 16
1. 11 6
1. 12 26
1. 13 3
1. 14 2
1. 15 5
1. 16 2
1. 17 26
1. 18 19
1. 19 18
1. 20 1
1. 21 16
1. 22 17
1. 23 7
1. 24 12
1. 25 1
1. 26 3
1. 27 7
1. 28 1
1. 29 10
1. 30 20
1. 31 8
1. 32 3
1. 33 9
1. 34 6
1. 35 17
1. 36 23
1. 37 1
1. 38 8
1. 39 18
1. 40 2
1. 41 11
1. 42 1
1. 43 1
1. 44 19
1. 45 3
1. 46 1
1. 47 3
1. 48 16
1. 49 3
1. 50 1
1. 51 8
1. 52 2
1. 53 10
1. 54 28
1. 55 42
1. 56 2
1. 57 4
1. 58 3
1. 59 15
1. 60 3
1. 61 11
1. 62 59
1. 63 21
1. 64 27
1. 65 17
1. 66 6
1. 67 1
1. 68 10
1. 69 13
1. 70 36
1. 71 7
1. 72 5
1. 73 47
1. 74 13
1. 75 2
1. 76 20
1. 77 2
1. 78 1
1. 79 91
1. 80 54
1. 81 18
1. 82 5
1. 83 2
1. 84 26
1. 85 35
1. 86 30
1. 87 19
1. 88 40
1. 89 1
1. 90 1
1. 91 28
1. 92 9
1. 93 3
1. 94 2
1. 95 1
1. 96 4
1. 97 33
1. 98 10
1. 99 12
1. 100 5
1. 101 2
1. 102 4
1. 103 5
1. 104 9
1. 105 35
1. 106 20
1. 107 4
1. 108 4
1. 109 4
1. 110 22
1. 111 2
1. 112 18
1. 113 24
1. 114 11
1. 115 16
1. 116 8
1. 117 28
1. 118 4
1. 119 18
1. 120 16
1. 121 1
1. 122 1
1. 123 3
1. 124 10
1. 125 13
1. 126 1
1. 127 10
1. 128 1
1. 129 1
1. 130 5
1. 131 5
1. 132 5
1. 133 14
1. 134 33
1. 135 4
1. 136 2
1. 137 4
1. 138 4
1. 139 5
1. 140 17
1. 141 6
1. 142 4
1. 143 3
1. 144 15
1. 145 5
1. 146 18
1. 147 21
1. 148 10
1. 149 4
1. 150 7
1. 151 19
1. 152 12
1. 153 32
1. 154 15
1. 155 37
1. 156 5
1. 157 7
1. 158 4
1. 159 4
1. 160 8
1. 161 21
1. 162 1
1. 163 1
1. 164 9
1. 165 10
1. 166 5
1. 167 4
1. 168 19
1. 169 6
1. 170 28
1. 171 5
1. 172 12
1. 173 2
1. 174 26
1. 175 1
1. 176 13
1. 177 14
1. 178 12
1. 179 23
1. 180 2
1. 181 8
1. 182 18
1. 183 1
1. 184 2
1. 185 27
1. 186 5
1. 187 18
1. 188 2
1. 189 4
1. 190 8
1. 191 1
1. 192 3
1. 193 16
1. 194 22
1. 195 35
1. 196 3
1. 197 10
1. 198 17
1. 199 10
2. 0 39
2. 1 5
2. 2 6
2. 3 5
2. 4 7
2. 5 9
2. 6 4
2. 7 16
2. 8 1
2. 9 4
2. 10 31
2. 11 9
2. 12 11
2. 13 16
2. 14 10
2. 15 12
2. 16 3
2. 17 26
2. 18 1
2. 19 8
2. 20 16
2. 21 16
2. 22 4
2. 23 23
2. 24 4
2. 25 22
2. 26 2
2. 27 4
2. 28 35
2. 29 3
2. 30 9
2. 31 10
2. 32 3
2. 33 26
2. 34 8
2. 35 19
2. 36 3
2. 37 16
2. 38 27
2. 39 8
2. 40 10
2. 41 1
2. 42 5
2. 43 19
2. 44 1
2. 45 26
2. 46 1
2. 47 4
2. 48 4
2. 49 8
2. 50 2
2. 51 1
2. 52 11
2. 53 3
2. 54 1
2. 55 3
2. 56 3
2. 57 47
2. 58 27
2. 59 11
2. 60 32
2. 61 10
2. 62 23
2. 63 24
2. 64 11
2. 65 9
2. 66 22
2. 67 4
2. 68 7
2. 69 4
2. 70 4
2. 71 10
2. 72 9
2. 73 8
2. 74 6
2. 75 16
2. 76 11
2. 77 6
2. 78 5
2. 79 9
2. 80 2
2. 81 2
2. 82 8
2. 83 6
2. 84 5
2. 85 8
2. 86 2
2. 87 6
2. 88 40
2. 89 9
2. 90 5
2. 91 11
2. 92 15
2. 93 12
2. 94 21
2. 95 4
2. 96 22
2. 97 6
2. 98 1
2. 99 6
2. 100 1
2. 101 7
2. 102 11
2. 103 13
2. 104 9
2. 105 1
2. 106 18
2. 107 12
2. 108 4
2. 109 9
2. 110 11
2. 111 5
2. 112 2
2. 113 10
2. 114 5
2. 115 2
2. 116 2
2. 117 6
2. 118 1
2. 119 3
2. 120 28
2. 121 15
2. 122 6
2. 123 3
2. 124 5
2. 125 1
2. 126 10
2. 127 11
2. 128 23
2. 129 5
2. 130 7
2. 131 3
2. 132 7
2. 133 3
2. 134 6
2. 135 9
2. 136 17
2. 137 15
2. 138 44
2. 139 1
2. 140 2
2. 141 3
2. 142 35
2. 143 15
2. 144 23
2. 145 14
2. 146 11
2. 147 11
2. 148 7
2. 149 2
2. 150 25
2. 151 6
2. 152 27
2. 153 7
2. 154 2
2. 155 5
2. 156 3
2. 157 16
2. 158 2
2. 159 3
2. 160 2
2. 161 23
2. 162 12
2. 163 14
2. 164 6
2. 165 3
2. 166 22
2. 167 1
2. 168 15
2. 169 3
2. 170 5
2. 171 6
2. 172 20
2. 173 1
2. 174 4
2. 175 35
2. 176 11
2. 177 19
2. 178 4
2. 179 12
2. 180 7
2. 181 12
2. 182 1
2. 183 2
2. 184 3
2. 185 2
2. 186 5
2. 187 5
2. 188 3
2. 189 67
2. 190 5
2. 191 4
2. 192 6
2. 193 3
2. 194 1
2. 195 5
2. 196 3
2. 197 26
2. 198 2
2. 199 6
3. 0 6
3. 1 21
3. 2 4
3. 3 16
3. 4 10
3. 5 3
3. 6 8
3. 7 6
3. 8 31
3. 9 37
3. 10 1
3. 11 1
3. 12 8
3. 13 18
3. 14 9
3. 15 9
3. 16 7
3. 17 2
3. 18 43
3. 19 12
3. 20 14
3. 21 3
3. 22 2
3. 23 6
3. 24 2
3. 25 3
3. 26 20
3. 27 7
3. 28 6
3. 29 4
3. 30 5
3. 31 23
3. 32 3
3. 33 14
3. 34 2
3. 35 2
3. 36 21
3. 37 14
3. 38 8
3. 39 16
3. 40 20
3. 41 22
3. 42 20
3. 43 38
3. 44 9
3. 45 28
3. 46 10
3. 47 2
3. 48 23
3. 49 3
3. 50 13
3. 51 28
3. 52 6
3. 53 20
3. 54 7
3. 55 4
3. 56 32
3. 57 8
3. 58 6
3. 59 17
3. 60 3
3. 61 1
3. 62 9
3. 63 1
3. 64 1
3. 65 11
3. 66 1
3. 67 10
3. 68 11
3. 69 4
3. 70 2
3. 71 17
3. 72 17
3. 73 53
3. 74 5
3. 75 10
3. 76 32
3. 77 1
3. 78 2
3. 79 6
3. 80 1
3. 81 2
3. 82 4
3. 83 30
3. 84 7
3. 85 18
3. 86 33
3. 87 20
3. 88 2
3. 89 5
3. 90 20
3. 91 3
3. 92 3
3. 93 11
3. 94 18
3. 95 8
3. 96 1
3. 97 35
3. 98 4
3. 99 14
3. 100 5
3. 101 3
3. 102 1
3. 103 8
3. 104 13
3. 105 6
3. 106 3
3. 107 7
3. 108 6
3. 109 1
3. 110 3
3. 111 3
3. 112 20
3. 113 1
3. 114 5
3. 115 13
3. 116 10
3. 117 18
3. 118 5
3. 119 2
3. 120 3
3. 121 13
3. 122 5
3. 123 16
3. 124 5
3. 125 3
3. 126 1
3. 127 4
3. 128 3
3. 129 22
3. 130 33
3. 131 1
3. 132 16
3. 133 8
3. 134 1
3. 135 2
3. 136 29
3. 137 45
3. 138 1
3. 139 2
3. 140 2
3. 141 4
3. 142 12
3. 143 8
3. 144 22
3. 145 1
3. 146 8
3. 147 6
3. 148 20
3. 149 3
3. 150 5
3. 151 7
3. 152 5
3. 153 3
3. 154 1
3. 155 12
3. 156 1
3. 157 7
3. 158 1
3. 159 4
3. 160 7
3. 161 3
3. 162 2
3. 163 5
3. 164 4
3. 165 29
3. 166 9
3. 167 29
3. 168 3
3. 169 2
3. 170 5
3. 171 8
3. 172 21
3. 173 22
3. 174 5
3. 175 7
3. 176 32
3. 177 12
3. 178 4
3. 179 6
3. 180 12
3. 181 2
3. 182 7
3. 183 4
3. 184 1
3. 185 3
3. 186 17
3. 187 6
3. 188 2
3. 189 1
3. 190 15
3. 191 29
3. 192 8
3. 193 6
3. 194 13
3. 195 11
3. 196 9
3. 197 22
3. 198 3
3. 199 9
4. 0 18
4. 1 2
4. 2 12
4. 3 9
4. 4 9
4. 5 14
4. 6 2
4. 7 7
4. 8 6
4. 9 6
4. 10 2
4. 11 5
4. 12 1
4. 13 4
4. 14 3
4. 15 4
4. 16 2
4. 17 15
4. 18 12
4. 19 8
4. 20 41
4. 21 28
4. 22 19
4. 23 10
4. 24 7
4. 25 13
4. 26 14
4. 27 1
4. 28 16
4. 29 6
4. 30 9
4. 31 13
4. 32 5
4. 33 15
4. 34 6
4. 35 9
4. 36 20
4. 37 4
4. 38 10
4. 39 1
4. 40 1
4. 41 2
4. 42 6
4. 43 27
4. 44 6
4. 45 1
4. 46 2
4. 47 3
4. 48 52
4. 49 8
4. 50 8
4. 51 17
4. 52 4
4. 53 2
4. 54 1
4. 55 24
4. 56 13
4. 57 1
4. 58 1
4. 59 22
4. 60 8
4. 61 5
4. 62 49
4. 63 5
4. 64 30
4. 65 10
4. 66 29
4. 67 18
4. 68 11
4. 69 20
4. 70 7
4. 71 31
4. 72 75
4. 73 15
4. 74 8
4. 75 1
4. 76 7
4. 77 12
4. 78 7
4. 79 3
4. 80 8
4. 81 23
4. 82 2
4. 83 4
4. 84 3
4. 85 2
4. 86 25
4. 87 13
4. 88 2
4. 89 21
4. 90 6
4. 91 14
4. 92 21
4. 93 3
4. 94 17
4. 95 9
4. 96 2
4. 97 29
4. 98 7
4. 99 40
4. 100 4
4. 101 3
4. 102 6
4. 103 1
4. 104 31
4. 105 9
4. 106 13
4. 107 28
4. 108 9
4. 109 20
4. 110 13
4. 111 6
4. 112 25
4. 113 57
4. 114 4
4. 115 3
4. 116 7
4. 117 2
4. 118 1
4. 119 53
4. 120 3
4. 121 8
4. 122 10
4. 123 4
4. 124 3
4. 125 1
4. 126 5
4. 127 13
4. 128 16
4. 129 11
4. 130 5
4. 131 16
4. 132 13
4. 133 54
4. 134 19
4. 135 7
4. 136 36
4. 137 13
4. 138 3
4. 139 18
4. 140 5
4. 141 2
4. 142 1
4. 143 3
4. 144 21
4. 145 9
4. 146 13
4. 147 16
4. 148 1
4. 149 1
4. 150 1
4. 151 40
4. 152 13
4. 153 32
4. 154 4
4. 155 8
4. 156 9
4. 157 12
4. 158 21
4. 159 3
4. 160 6
4. 161 5
4. 162 10
4. 163 3
4. 164 2
4. 165 6
4. 166 4
4. 167 7
4. 168 9
4. 169 29
4. 170 2
4. 171 3
4. 172 29
4. 173 13
4. 174 11
4. 175 4
4. 176 7
4. 177 2
4. 178 1
4. 179 12
4. 180 5
4. 181 11
4. 182 3
4. 183 1
4. 184 17
4. 185 15
4. 186 2
4. 187 6
4. 188 3
4. 189 15
4. 190 8
4. 191 20
4. 192 17
4. 193 5
4. 194 6
4. 195 5
4. 196 3
4. 197 8
4. 198 2
4. 199 10
5. 0 12
5. 1 15
5. 2 10
5. 3 21
5. 4 30
5. 5 7
5. 6 13
5. 7 4
5. 8 5
5. 9 14
5. 10 15
5. 11 9
5. 12 6
5. 13 1
5. 14 54
5. 15 15
5. 16 3
5. 17 4
5. 18 11
5. 19 5
5. 20 37
5. 21 6
5. 22 6
5. 23 6
5. 24 4
5. 25 12
5. 26 21
5. 27 10
5. 28 3
5. 29 23
5. 30 17
5. 31 7
5. 32 14
5. 33 5
5. 34 11
5. 35 10
5. 36 5
5. 37 28
5. 38 4
5. 39 4
5. 40 7
5. 41 4
5. 42 7
5. 43 6
5. 44 10
5. 45 4
5. 46 12
5. 47 24
5. 48 37
5. 49 8
5. 50 4
5. 51 17
5. 52 1
5. 53 11
5. 54 9
5. 55 46
5. 56 8
5. 57 41
5. 58 20
5. 59 6
5. 60 12
5. 61 19
5. 62 7
5. 63 81
5. 64 8
5. 65 8
5. 66 3
5. 67 8
5. 68 10
5. 69 5
5. 70 6
5. 71 5
5. 72 4
5. 73 4
5. 74 9
5. 75 4
5. 76 12
5. 77 1
5. 78 8
5. 79 6
5. 80 13
5. 81 2
5. 82 10
5. 83 5
5. 84 1
5. 85 27
5. 86 1
5. 87 18
5. 88 12
5. 89 10
5. 90 4
5. 91 9
5. 92 9
5. 93 6
5. 94 6
5. 95 2
5. 96 4
5. 97 19
5. 98 2
5. 99 19
5. 100 9
5. 101 14
5. 102 1
5. 103 27
5. 104 10
5. 105 35
5. 106 7
5. 107 9
5. 108 22
5. 109 14
5. 110 13
5. 111 6
5. 112 5
5. 113 9
5. 114 19
5. 115 29
5. 116 3
5. 117 10
5. 118 12
5. 119 5
5. 120 5
5. 121 12
5. 122 2
5. 123 29
5. 124 5
5. 125 4
5. 126 15
5. 127 3
5. 128 17
5. 129 8
5. 130 6
5. 131 1
5. 132 10
5. 133 10
5. 134 1
5. 135 6
5. 136 16
5. 137 3
5. 138 8
5. 139 11
5. 140 25
5. 141 4
5. 142 6
5. 143 3
5. 144 5
5. 145 21
5. 146 5
5. 147 8
5. 148 26
5. 149 11
5. 150 5
5. 151 2
5. 152 11
5. 153 20
5. 154 1
5. 155 9
5. 156 1
5. 157 22
5. 158 11
5. 159 9
5. 160 2
5. 161 7
5. 162 12
5. 163 13
5. 164 6
5. 165 5
5. 166 4
5. 167 11
5. 168 9
5. 169 9
5. 170 25
5. 171 4
5. 172 21
5. 173 9
5. 174 10
5. 175 6
5. 176 9
5. 177 15
5. 178 6
5. 179 5
5. 180 3
5. 181 13
5. 182 35
5. 183 2
5. 184 23
5. 185 10
5. 186 19
5. 187 15
5. 188 18
5. 189 3
5. 190 1
5. 191 19
5. 192 24
5. 193 5
5. 194 12
5. 195 12
5. 196 3
5. 197 29
5. 198 8
5. 199 7
6. 0 2
6. 1 5
6. 2 21
6. 3 4
6. 4 4
6. 5 22
6. 6 5
6. 7 10
6. 8 3
6. 9 14
6. 10 2
6. 11 21
6. 12 9
6. 13 2
6. 14 2
6. 15 2
6. 16 1
6. 17 1
6. 18 2
6. 19 35
6. 20 8
6. 21 2
6. 22 1
6. 23 17
6. 24 2
6. 25 5
6. 26 1
6. 27 37
6. 28 11
6. 29 1
6. 30 7
6. 31 31
6. 32 2
6. 33 8
6. 34 8
6. 35 13
6. 36 3
6. 37 5
6. 38 10
6. 39 13
6. 40 2
6. 41 26
6. 42 14
6. 43 10
6. 44 15
6. 45 27
6. 46 9
6. 47 8
6. 48 8
6. 49 1
6. 50 9
6. 51 17
6. 52 5
6. 53 1
6. 54 6
6. 55 7
6. 56 2
6. 57 7
6. 58 7
6. 59 15
6. 60 16
6. 61 1
6. 62 13
6. 63 6
6. 64 10
6. 65 15
6. 66 45
6. 67 17
6. 68 1
6. 69 22
6. 70 3
6. 71 18
6. 72 7
6. 73 2
6. 74 3
6. 75 6
6. 76 1
6. 77 18
6. 78 24
6. 79 9
6. 80 1
6. 81 28
6. 82 11
6. 83 2
6. 84 63
6. 85 2
6. 86 1
6. 87 37
6. 88 1
6. 89 7
6. 90 5
6. 91 6
6. 92 2
6. 93 1
6. 94 21
6. 95 4
6. 96 1
6. 97 4
6. 98 3
6. 99 1
6. 100 10
6. 101 19
6. 102 38
6. 103 3
6. 104 18
6. 105 17
6. 106 8
6. 107 3
6. 108 3
6. 109 3
6. 110 11
6. 111 17
6. 112 14
6. 113 1
6. 114 22
6. 115 46
6. 116 7
6. 117 3
6. 118 15
6. 119 12
6. 120 37
6. 121 10
6. 122 3
6. 123 8
6. 124 9
6. 125 17
6. 126 7
6. 127 3
6. 128 5
6. 129 4
6. 130 2
6. 131 25
6. 132 3
6. 133 6
6. 134 12
6. 135 4
6. 136 3
6. 137 3
6. 138 11
6. 139 3
6. 140 6
6. 141 3
6. 142 4
6. 143 1
6. 144 6
6. 145 2
6. 146 12
6. 147 8
6. 148 5
6. 149 12
6. 150 3
6. 151 2
6. 152 16
6. 153 26
6. 154 6
6. 155 19
6. 156 8
6. 157 12
6. 158 26
6. 159 1
6. 160 1
6. 161 4
6. 162 14
6. 163 4
6. 164 13
6. 165 8
6. 166 39
6. 167 12
6. 168 2
6. 169 4
6. 170 6
6. 171 12
6. 172 4
6. 173 11
6. 174 4
6. 175 2
6. 176 1
6. 177 20
6. 178 5
6. 179 3
6. 180 9
6. 181 23
6. 182 2
6. 183 1
6. 184 11
6. 185 2
6. 186 5
6. 187 4
6. 188 19
6. 189 20
6. 190 12
6. 191 20
6. 192 13
6. 193 21
6. 194 15
6. 195 3
6. 196 2
6. 197 12
6. 198 8
6. 199 4
7. 0 7
7. 1 7
7. 2 13
7. 3 3
7. 4 15
7. 5 24
7. 6 1
7. 7 4
7. 8 3
7. 9 5
7. 10 4
7. 11 8
7. 12 7
7. 13 12
7. 14 2
7. 15 6
7. 16 3
7. 17 15
7. 18 4
7. 19 1
7. 20 14
7. 21 2
7. 22 1
7. 23 17
7. 24 14
7. 25 57
7. 26 39
7. 27 18
7. 28 2
7. 29 2
7. 30 21
7. 31 1
7. 32 11
7. 33 1
7. 34 3
7. 35 9
7. 36 5
7. 37 2
7. 38 13
7. 39 15
7. 40 25
7. 41 12
7. 42 9
7. 43 4
7. 44 1
7. 45 10
7. 46 10
7. 47 4
7. 48 9
7. 49 16
7. 50 6
7. 51 4
7. 52 26
7. 53 32
7. 54 3
7. 55 4
7. 56 16
7. 57 7
7. 58 1
7. 59 6
7. 60 20
7. 61 14
7. 62 8
7. 63 2
7. 64 6
7. 65 1
7. 66 9
7. 67 9
7. 68 1
7. 69 4
7. 70 11
7. 71 1
7. 72 7
7. 73 5
7. 74 8
7. 75 8
7. 76 5
7. 77 33
7. 78 2
7. 79 24
7. 80 3
7. 81 1
7. 82 20
7. 83 12
7. 84 8
7. 85 9
7. 86 9
7. 87 35
7. 88 40
7. 89 15
7. 90 13
7. 91 11
7. 92 12
7. 93 3
7. 94 27
7. 95 1
7. 96 1
7. 97 2
7. 98 8
7. 99 5
7. 100 1
7. 101 15
7. 102 43
7. 103 23
7. 104 17
7. 105 11
7. 106 2
7. 107 4
7. 108 4
7. 109 12
7. 110 2
7. 111 17
7. 112 1
7. 113 49
7. 114 14
7. 115 19
7. 116 2
7. 117 21
7. 118 1
7. 119 8
7. 120 21
7. 121 1
7. 122 6
7. 123 2
7. 124 9
7. 125 14
7. 126 6
7. 127 3
7. 128 2
7. 129 6
7. 130 7
7. 131 3
7. 132 5
7. 133 20
7. 134 19
7. 135 2
7. 136 2
7. 137 12
7. 138 7
7. 139 27
7. 140 21
7. 141 6
7. 142 22
7. 143 11
7. 144 9
7. 145 17
7. 146 1
7. 147 11
7. 148 12
7. 149 5
7. 150 24
7. 151 1
7. 152 7
7. 153 1
7. 154 16
7. 155 28
7. 156 25
7. 157 5
7. 158 6
7. 159 9
7. 160 21
7. 161 1
7. 162 1
7. 163 11
7. 164 37
7. 165 7
7. 166 3
7. 167 14
7. 168 3
7. 169 1
7. 170 8
7. 171 39
7. 172 15
7. 173 7
7. 174 13
7. 175 4
7. 176 8
7. 177 5
7. 178 20
7. 179 2
7. 180 12
7. 181 5
7. 182 1
7. 183 8
7. 184 3
7. 185 6
7. 186 3
7. 187 1
7. 188 7
7. 189 15
7. 190 1
7. 191 26
7. 192 15
7. 193 15
7. 194 10
7. 195 3
7. 196 12
7. 197 2
7. 198 3
7. 199 1
8. 0 3
8. 1 1
8. 2 3
8. 3 2
8. 4 28
8. 5 27
8. 6 18
8. 7 17
8. 8 3
8. 9 2
8. 10 29
8. 11 12
8. 12 58
8. 13 13
8. 14 6
8. 15 6
8. 16 28
8. 17 5
8. 18 1
8. 19 20
8. 20 8
8. 21 4
8. 22 8
8. 23 7
8. 24 15
8. 25 20
8. 26 9
8. 27 23
8. 28 9
8. 29 3
8. 30 12
8. 31 8
8. 32 11
8. 33 26
8. 34 6
8. 35 4
8. 36 21
8. 37 6
8. 38 5
8. 39 5
8. 40 4
8. 41 6
8. 42 2
8. 43 10
8. 44 29
8. 45 2
8. 46 1
8. 47 3
8. 48 45
8. 49 11
8. 50 10
8. 51 17
8. 52 13
8. 53 35
8. 54 1
8. 55 8
8. 56 5
8. 57 6
8. 58 2
8. 59 10
8. 60 2
8. 61 11
8. 62 7
8. 63 13
8. 64 10
8. 65 4
8. 66 22
8. 67 9
8. 68 7
8. 69 5
8. 70 7
8. 71 5
8. 72 28
8. 73 2
8. 74 5
8. 75 9
8. 76 4
8. 77 20
8. 78 9
8. 79 10
8. 80 2
8. 81 1
8. 82 3
8. 83 9
8. 84 2
8. 85 9
8. 86 11
8. 87 9
8. 88 4
8. 89 3
8. 90 13
8. 91 11
8. 92 5
8. 93 1
8. 94 5
8. 95 6
8. 96 9
8. 97 8
8. 98 5
8. 99 3
8. 100 1
8. 101 18
8. 102 2
8. 103 8
8. 104 13
8. 105 16
8. 106 2
8. 107 6
8. 108 2
8. 109 28
8. 110 24
8. 111 8
8. 112 7
8. 113 11
8. 114 1
8. 115 1
8. 116 6
8. 117 7
8. 118 4
8. 119 5
8. 120 1
8. 121 14
8. 122 5
8. 123 6
8. 124 13
8. 125 21
8. 126 2
8. 127 13
8. 128 5
8. 129 22
8. 130 7
8. 131 10
8. 132 6
8. 133 9
8. 134 6
8. 135 8
8. 136 10
8. 137 15
8. 138 4
8. 139 1
8. 140 4
8. 141 1
8. 142 12
8. 143 1
8. 144 13
8. 145 8
8. 146 4
8. 147 3
8. 148 8
8. 149 17
8. 150 27
8. 151 13
8. 152 2
8. 153 1
8. 154 3
8. 155 7
8. 156 1
8. 157 1
8. 158 7
8. 159 13
8. 160 6
8. 161 1
8. 162 21
8. 163 7
8. 164 13
8. 165 1
8. 166 1
8. 167 6
8. 168 2
8. 169 43
8. 170 3
8. 171 19
8. 172 12
8. 173 9
8. 174 9
8. 175 7
8. 176 22
8. 177 4
8. 178 23
8. 179 5
8. 180 19
8. 181 5
8. 182 7
8. 183 15
8. 184 23
8. 185 39
8. 186 4
8. 187 10
8. 188 8
8. 189 4
8. 190 31
8. 191 17
8. 192 7
8. 193 11
8. 194 1
8. 195 12
8. 196 10
8. 197 6
8. 198 1
8. 199 4
9. 0 2
9. 1 2
9. 2 11
9. 3 1
9. 4 19
9. 5 8
9. 6 2
9. 7 4
9. 8 7
9. 9 4
9. 10 30
9. 11 29
9. 12 4
9. 13 11
9. 14 12
9. 15 15
9. 16 20
9. 17 1
9. 18 13
9. 19 18
9. 20 32
9. 21 1
9. 22 2
9. 23 9
9. 24 14
9. 25 13
9. 26 9
9. 27 2
9. 28 3
9. 29 8
9. 30 1
9. 31 10
9. 32 30
9. 33 9
9. 34 24
9. 35 3
9. 36 14
9. 37 13
9. 38 29
9. 39 1
9. 40 6
9. 41 8
9. 42 5
9. 43 8
9. 44 1
9. 45 17
9. 46 5
9. 47 2
9. 48 1
9. 49 7
9. 50 4
9. 51 4
9. 52 8
9. 53 5
9. 54 8
9. 55 13
9. 56 22
9. 57 3
9. 58 16
9. 59 2
9. 60 1
9. 61 20
9. 62 27
9. 63 19
9. 64 4
9. 65 4
9. 66 6
9. 67 2
9. 68 14
9. 69 9
9. 70 5
9. 71 13
9. 72 2
9. 73 14
9. 74 1
9. 75 25
9. 76 1
9. 77 13
9. 78 2
9. 79 8
9. 80 1
9. 81 2
9. 82 39
9. 83 4
9. 84 16
9. 85 2
9. 86 7
9. 87 3
9. 88 38
9. 89 10
9. 90 1
9. 91 1
9. 92 2
9. 93 10
9. 94 3
9. 95 14
9. 96 7
9. 97 1
9. 98 9
9. 99 14
9. 100 11
9. 101 2
9. 102 21
9. 103 3
9. 104 6
9. 105 5
9. 106 19
9. 107 2
9. 108 5
9. 109 23
9. 110 14
9. 111 14
9. 112 11
9. 113 8
9. 114 8
9. 115 6
9. 116 16
9. 117 12
9. 118 6
9. 119 2
9. 120 9
9. 121 3
9. 122 11
9. 123 7
9. 124 12
9. 125 12
9. 126 10
9. 127 3
9. 128 1
9. 129 5
9. 130 9
9. 131 2
9. 132 15
9. 133 5
9. 134 14
9. 135 16
9. 136 6
9. 137 5
9. 138 7
9. 139 4
9. 140 9
9. 141 10
9. 142 11
9. 143 19
9. 144 4
9. 145 41
9. 146 12
9. 147 5
9. 148 1
9. 149 4
9. 150 11
9. 151 20
9. 152 10
9. 153 57
9. 154 19
9. 155 2
9. 156 12
9. 157 11
9. 158 8
9. 159 5
9. 160 1
9. 161 2
9. 162 12
9. 163 15
9. 164 14
9. 165 11
9. 166 3
9. 167 20
9. 168 37
9. 169 10
9. 170 11
9. 171 16
9. 172 15
9. 173 15
9. 174 5
9. 175 39
9. 176 15
9. 177 6
9. 178 2
9. 179 1
9. 180 5
9. 181 12
9. 182 5
9. 183 18
9. 184 8
9. 185 7
9. 186 16
9. 187 45
9. 188 5
9. 189 15
9. 190 8
9. 191 6
9. 192 2
9. 193 4
9. 194 1
9. 195 38
9. 196 12
9. 197 3
9. 198 10
9. 199 1
10. 0 2
10. 1 8
10. 2 44
10. 3 2
10. 4 7
10. 5 33
10. 6 5
10. 7 9
10. 8 3
10. 9 8
10. 10 8
10. 11 10
10. 12 3
10. 13 7
10. 14 16
10. 15 13
10. 16 2
10. 17 1
10. 18 9
10. 19 3
10. 20 6
10. 21 52
10. 22 58
10. 23 1
10. 24 2
10. 25 3
10. 26 13
10. 27 8
10. 28 3
10. 29 24
10. 30 34
10. 31 1
10. 32 5
10. 33 4
10. 34 1
10. 35 3
10. 36 9
10. 37 8
10. 38 1
10. 39 2
10. 40 7
10. 41 8
10. 42 5
10. 43 4
10. 44 5
10. 45 19
10. 46 52
10. 47 6
10. 48 14
10. 49 9
10. 50 3
10. 51 2
10. 52 1
10. 53 44
10. 54 4
10. 55 13
10. 56 7
10. 57 3
10. 58 15
10. 59 4
10. 60 5
10. 61 4
10. 62 5
10. 63 18
10. 64 19
10. 65 13
10. 66 6
10. 67 16
10. 68 6
10. 69 6
10. 70 10
10. 71 8
10. 72 8
10. 73 7
10. 74 3
10. 75 8
10. 76 30
10. 77 13
10. 78 1
10. 79 1
10. 80 1
10. 81 20
10. 82 14
10. 83 4
10. 84 13
10. 85 1
10. 86 10
10. 87 5
10. 88 35
10. 89 34
10. 90 2
10. 91 4
10. 92 7
10. 93 12
10. 94 25
10. 95 10
10. 96 23
10. 97 4
10. 98 7
10. 99 1
10. 100 19
10. 101 4
10. 102 6
10. 103 10
10. 104 25
10. 105 2
10. 106 6
10. 107 1
10. 108 13
10. 109 12
10. 110 23
10. 111 13
10. 112 2
10. 113 3
10. 114 1
10. 115 4
10. 116 8
10. 117 3
10. 118 4
10. 119 1
10. 120 23
10. 121 2
10. 122 12
10. 123 22
10. 124 8
10. 125 31
10. 126 7
10. 127 13
10. 128 6
10. 129 4
10. 130 10
10. 131 3
10. 132 1
10. 133 8
10. 134 10
10. 135 9
10. 136 12
10. 137 14
10. 138 6
10. 139 11
10. 140 13
10. 141 1
10. 142 7
10. 143 36
10. 144 14
10. 145 13
10. 146 42
10. 147 3
10. 148 41
10. 149 3
10. 150 6
10. 151 45
10. 152 31
10. 153 21
10. 154 4
10. 155 6
10. 156 14
10. 157 14
10. 158 35
10. 159 11
10. 160 12
10. 161 10
10. 162 3
10. 163 23
10. 164 17
10. 165 3
10. 166 5
10. 167 13
10. 168 3
10. 169 7
10. 170 8
10. 171 5
10. 172 7
10. 173 14
10. 174 13
10. 175 5
10. 176 17
10. 177 1
10. 178 5
10. 179 30
10. 180 25
10. 181 5
10. 182 2
10. 183 9
10. 184 4
10. 185 2
10. 186 15
10. 187 9
10. 188 33
10. 189 5
10. 190 3
10. 191 2
10. 192 8
10. 193 17
10. 194 6
10. 195 12
10. 196 2
10. 197 1
10. 198 11
10. 199 9
11. 0 5
11. 1 1
11. 2 23
11. 3 7
11. 4 1
11. 5 6
11. 6 5
11. 7 16
11. 8 17
11. 9 15
11. 10 20
11. 11 20
11. 12 11
11. 13 16
11. 14 6
11. 15 7
11. 16 6
11. 17 8
11. 18 14
11. 19 2
11. 20 5
11. 21 17
11. 22 1
11. 23 1
11. 24 1
11. 25 2
11. 26 7
11. 27 7
11. 28 10
11. 29 5
11. 30 9
11. 31 16
11. 32 6
11. 33 27
11. 34 16
11. 35 5
11. 36 16
11. 37 6
11. 38 2
11. 39 2
11. 40 11
11. 41 21
11. 42 3
11. 43 6
11. 44 1
11. 45 4
11. 46 4
11. 47 5
11. 48 7
11. 49 4
11. 50 28
11. 51 1
11. 52 8
11. 53 16
11. 54 1
11. 55 8
11. 56 24
11. 57 9
11. 58 9
11. 59 4
11. 60 4
11. 61 6
11. 62 64
11. 63 4
11. 64 2
11. 65 3
11. 66 4
11. 67 10
11. 68 8
11. 69 18
11. 70 13
11. 71 12
11. 72 12
11. 73 3
11. 74 27
11. 75 3
11. 76 2
11. 77 3
11. 78 11
11. 79 5
11. 80 16
11. 81 7
11. 82 24
11. 83 11
11. 84 8
11. 85 11
11. 86 38
11. 87 18
11. 88 2
11. 89 16
11. 90 14
11. 91 5
11. 92 7
11. 93 29
11. 94 19
11. 95 2
11. 96 11
11. 97 17
11. 98 7
11. 99 41
11. 100 10
11. 101 4
11. 102 13
11. 103 13
11. 104 11
11. 105 3
11. 106 11
11. 107 1
11. 108 15
11. 109 16
11. 110 4
11. 111 9
11. 112 4
11. 113 13
11. 114 2
11. 115 3
11. 116 28
11. 117 7
11. 118 5
11. 119 6
11. 120 4
11. 121 2
11. 122 52
11. 123 3
11. 124 2
11. 125 6
11. 126 23
11. 127 10
11. 128 10
11. 129 2
11. 130 4
11. 131 7
11. 132 12
11. 133 4
11. 134 13
11. 135 20
11. 136 18
11. 137 3
11. 138 16
11. 139 1
11. 140 22
11. 141 17
11. 142 1
11. 143 4
11. 144 5
11. 145 4
11. 146 3
11. 147 4
11. 148 11
11. 149 60
11. 150 12
11. 151 24
11. 152 4
11. 153 8
11. 154 4
11. 155 4
11. 156 7
11. 157 1
11. 158 27
11. 159 2
11. 160 1
11. 161 6
11. 162 15
11. 163 4
11. 164 42
11. 165 19
11. 166 2
11. 167 18
11. 168 17
11. 169 25
11. 170 16
11. 171 6
11. 172 1
11. 173 17
11. 174 12
11. 175 2
11. 176 11
11. 177 5
11. 178 6
11. 179 14
11. 180 1
11. 181 11
11. 182 7
11. 183 3
11. 184 6
11. 185 16
11. 186 7
11. 187 9
11. 188 5
11. 189 9
11. 190 10
11. 191 6
11. 192 6
11. 193 8
11. 194 12
11. 195 12
11. 196 1
11. 197 15
11. 198 7
11. 199 9
12. 0 14
12. 1 30
12. 2 43
12. 3 6
12. 4 4
12. 5 36
12. 6 14
12. 7 21
12. 8 7
12. 9 8
12. 10 2
12. 11 6
12. 12 31
12. 13 10
12. 14 1
12. 15 4
12. 16 10
12. 17 4
12. 18 5
12. 19 25
12. 20 20
12. 21 12
12. 22 9
12. 23 2
12. 24 12
12. 25 1
12. 26 22
12. 27 4
12. 28 44
12. 29 8
12. 30 1
12. 31 2
12. 32 2
12. 33 8
12. 34 12
12. 35 16
12. 36 22
12. 37 3
12. 38 23
12. 39 4
12. 40 6
12. 41 4
12. 42 10
12. 43 7
12. 44 10
12. 45 10
12. 46 18
12. 47 5
12. 48 1
12. 49 1
12. 50 16
12. 51 8
12. 52 11
12. 53 9
12. 54 6
12. 55 7
12. 56 2
12. 57 3
12. 58 1
12. 59 14
12. 60 3
12. 61 4
12. 62 3
12. 63 34
12. 64 23
12. 65 10
12. 66 2
12. 67 2
12. 68 14
12. 69 1
12. 70 11
12. 71 11
12. 72 8
12. 73 14
12. 74 1
12. 75 3
12. 76 14
12. 77 3
12. 78 1
12. 79 21
12. 80 6
12. 81 37
12. 82 6
12. 83 18
12. 84 14
12. 85 2
12. 86 9
12. 87 7
12. 88 12
12. 89 40
12. 90 62
12. 91 57
12. 92 11
12. 93 23
12. 94 1
12. 95 7
12. 96 8
12. 97 17
12. 98 6
12. 99 9
12. 100 1
12. 101 19
12. 102 7
12. 103 2
12. 104 5
12. 105 11
12. 106 12
12. 107 2
12. 108 7
12. 109 9
12. 110 17
12. 111 5
12. 112 20
12. 113 6
12. 114 18
12. 115 4
12. 116 12
12. 117 32
12. 118 9
12. 119 11
12. 120 7
12. 121 1
12. 122 3
12. 123 2
12. 124 11
12. 125 20
12. 126 29
12. 127 4
12. 128 16
12. 129 6
12. 130 14
12. 131 2
12. 132 12
12. 133 7
12. 134 17
12. 135 3
12. 136 20
12. 137 7
12. 138 8
12. 139 30
12. 140 5
12. 141 9
12. 142 5
12. 143 12
12. 144 26
12. 145 8
12. 146 11
12. 147 12
12. 148 5
12. 149 6
12. 150 12
12. 151 7
12. 152 2
12. 153 9
12. 154 4
12. 155 7
12. 156 1
12. 157 6
12. 158 20
12. 159 6
12. 160 1
12. 161 6
12. 162 1
12. 163 3
12. 164 10
12. 165 9
12. 166 32
12. 167 10
12. 168 6
12. 169 6
12. 170 11
12. 171 8
12. 172 5
12. 173 15
12. 174 16
12. 175 14
12. 176 10
12. 177 3
12. 178 5
12. 179 30
12. 180 2
12. 181 6
12. 182 4
12. 183 17
12. 184 22
12. 185 14
12. 186 16
12. 187 7
12. 188 30
12. 189 6
12. 190 23
12. 191 18
12. 192 22
12. 193 7
12. 194 6
12. 195 5
12. 196 8
12. 197 8
12. 198 3
12. 199 2
13. 0 18
13. 1 5
13. 2 32
13. 3 29
13. 4 50
13. 5 6
13. 6 1
13. 7 12
13. 8 5
13. 9 27
13. 10 7
13. 11 2
13. 12 15
13. 13 12
13. 14 11
13. 15 8
13. 16 3
13. 17 2
13. 18 1
13. 19 14
13. 20 2
13. 21 9
13. 22 1
13. 23 15
13. 24 9
13. 25 1
13. 26 14
13. 27 2
13. 28 6
13. 29 4
13. 30 18
13. 31 28
13. 32 5
13. 33 13
13. 34 5
13. 35 6
13. 36 2
13. 37 6
13. 38 2
13. 39 20
13. 40 1
13. 41 25
13. 42 4
13. 43 12
13. 44 9
13. 45 8
13. 46 26
13. 47 14
13. 48 1
13. 49 3
13. 50 7
13. 51 3
13. 52 10
13. 53 1
13. 54 2
13. 55 13
13. 56 12
13. 57 1
13. 58 17
13. 59 9
13. 60 13
13. 61 11
13. 62 25
13. 63 2
13. 64 16
13. 65 18
13. 66 15
13. 67 7
13. 68 1
13. 69 7
13. 70 30
13. 71 17
13. 72 26
13. 73 1
13. 74 2
13. 75 27
13. 76 3
13. 77 1
13. 78 3
13. 79 20
13. 80 23
13. 81 30
13. 82 5
13. 83 18
13. 84 1
13. 85 20
13. 86 3
13. 87 3
13. 88 3
13. 89 5
13. 90 6
13. 91 13
13. 92 5
13. 93 25
13. 94 10
13. 95 2
13. 96 2
13. 97 9
13. 98 22
13. 99 11
13. 100 7
13. 101 21
13. 102 4
13. 103 3
13. 104 17
13. 105 32
13. 106 5
13. 107 10
13. 108 17
13. 109 31
13. 110 12
13. 111 5
13. 112 9
13. 113 3
13. 114 1
13. 115 21
13. 116 3
13. 117 11
13. 118 25
13. 119 2
13. 120 10
13. 121 4
13. 122 5
13. 123 17
13. 124 11
13. 125 3
13. 126 23
13. 127 11
13. 128 1
13. 129 8
13. 130 6
13. 131 16
13. 132 13
13. 133 9
13. 134 27
13. 135 1
13. 136 21
13. 137 21
13. 138 2
13. 139 10
13. 140 22
13. 141 11
13. 142 3
13. 143 23
13. 144 5
13. 145 5
13. 146 8
13. 147 14
13. 148 14
13. 149 17
13. 150 1
13. 151 7
13. 152 20
13. 153 1
13. 154 4
13. 155 4
13. 156 5
13. 157 3
13. 158 16
13. 159 5
13. 160 9
13. 161 1
13. 162 1
13. 163 23
13. 164 4
13. 165 4
13. 166 9
13. 167 4
13. 168 14
13. 169 15
13. 170 7
13. 171 28
13. 172 6
13. 173 4
13. 174 17
13. 175 6
13. 176 1
13. 177 8
13. 178 1
13. 179 1
13. 180 5
13. 181 4
13. 182 4
13. 183 6
13. 184 3
13. 185 5
13. 186 14
13. 187 23
13. 188 14
13. 189 8
13. 190 2
13. 191 4
13. 192 2
13. 193 1
13. 194 6
13. 195 2
13. 196 5
13. 197 5
13. 198 23
13. 199 5
14. 0 6
14. 1 4
14. 2 8
14. 3 20
14. 4 23
14. 5 10
14. 6 4
14. 7 32
14. 8 14
14. 9 10
14. 10 12
14. 11 8
14. 12 5
14. 13 22
14. 14 3
14. 15 4
14. 16 8
14. 17 17
14. 18 4
14. 19 5
14. 20 5
14. 21 2
14. 22 25
14. 23 11
14. 24 8
14. 25 2
14. 26 26
14. 27 1
14. 28 5
14. 29 25
14. 30 6
14. 31 10
14. 32 8
14. 33 16
14. 34 5
14. 35 15
14. 36 2
14. 37 2
14. 38 9
14. 39 17
14. 40 1
14. 41 1
14. 42 5
14. 43 3
14. 44 7
14. 45 31
14. 46 5
14. 47 12
14. 48 36
14. 49 7
14. 50 7
14. 51 16
14. 52 6
14. 53 43
14. 54 15
14. 55 14
14. 56 2
14. 57 17
14. 58 2
14. 59 27
14. 60 4
14. 61 11
14. 62 14
14. 63 12
14. 64 20
14. 65 4
14. 66 20
14. 67 4
14. 68 6
14. 69 1
14. 70 5
14. 71 5
14. 72 2
14. 73 1
14. 74 1
14. 75 3
14. 76 20
14. 77 10
14. 78 3
14. 79 4
14. 80 3
14. 81 4
14. 82 11
14. 83 4
14. 84 4
14. 85 8
14. 86 7
14. 87 2
14. 88 17
14. 89 1
14. 90 5
14. 91 13
14. 92 6
14. 93 1
14. 94 3
14. 95 7
14. 96 21
14. 97 6
14. 98 25
14. 99 4
14. 100 9
14. 101 2
14. 102 4
14. 103 5
14. 104 4
14. 105 8
14. 106 9
14. 107 22
14. 108 2
14. 109 10
14. 110 4
14. 111 2
14. 112 4
14. 113 18
14. 114 2
14. 115 5
14. 116 1
14. 117 55
14. 118 12
14. 119 7
14. 120 11
14. 121 7
14. 122 1
14. 123 4
14. 124 13
14. 125 2
14. 126 4
14. 127 1
14. 128 5
14. 129 13
14. 130 5
14. 131 12
14. 132 12
14. 133 1
14. 134 1
14. 135 8
14. 136 9
14. 137 44
14. 138 16
14. 139 16
14. 140 5
14. 141 6
14. 142 23
14. 143 4
14. 144 19
14. 145 3
14. 146 5
14. 147 7
14. 148 1
14. 149 4
14. 150 70
14. 151 18
14. 152 4
14. 153 12
14. 154 5
14. 155 19
14. 156 5
14. 157 21
14. 158 5
14. 159 8
14. 160 8
14. 161 2
14. 162 27
14. 163 11
14. 164 6
14. 165 37
14. 166 2
14. 167 24
14. 168 4
14. 169 14
14. 170 6
14. 171 10
14. 172 26
14. 173 4
14. 174 4
14. 175 2
14. 176 15
14. 177 8
14. 178 5
14. 179 7
14. 180 2
14. 181 24
14. 182 29
14. 183 3
14. 184 22
14. 185 11
14. 186 9
14. 187 10
14. 188 47
14. 189 11
14. 190 8
14. 191 5
14. 192 2
14. 193 9
14. 194 5
14. 195 9
14. 196 16
14. 197 17
14. 198 2
14. 199 13
15. 0 3
15. 1 14
15. 2 2
15. 3 4
15. 4 17
15. 5 26
15. 6 14
15. 7 87
15. 8 6
15. 9 4
15. 10 7
15. 11 4
15. 12 9
15. 13 3
15. 14 42
15. 15 23
15. 16 22
15. 17 2
15. 18 18
15. 19 2
15. 20 18
15. 21 12
15. 22 2
15. 23 2
15. 24 4
15. 25 6
15. 26 3
15. 27 37
15. 28 4
15. 29 2
15. 30 7
15. 31 4
15. 32 11
15. 33 9
15. 34 9
15. 35 35
15. 36 5
15. 37 27
15. 38 6
15. 39 12
15. 40 15
15. 41 20
15. 42 12
15. 43 2
15. 44 1
15. 45 1
15. 46 8
15. 47 6
15. 48 3
15. 49 15
15. 50 3
15. 51 1
15. 52 6
15. 53 19
15. 54 4
15. 55 9
15. 56 7
15. 57 16
15. 58 2
15. 59 10
15. 60 26
15. 61 5
15. 62 7
15. 63 4
15. 64 3
15. 65 10
15. 66 4
15. 67 19
15. 68 5
15. 69 8
15. 70 6
15. 71 1
15. 72 43
15. 73 2
15. 74 1
15. 75 3
15. 76 15
15. 77 3
15. 78 30
15. 79 6
15. 80 5
15. 81 9
15. 82 15
15. 83 5
15. 84 13
15. 85 13
15. 86 1
15. 87 13
15. 88 15
15. 89 9
15. 90 11
15. 91 6
15. 92 35
15. 93 5
15. 94 7
15. 95 5
15. 96 41
15. 97 16
15. 98 15
15. 99 6
15. 100 40
15. 101 9
15. 102 18
15. 103 2
15. 104 18
15. 105 28
15. 106 11
15. 107 2
15. 108 3
15. 109 25
15. 110 7
15. 111 13
15. 112 2
15. 113 7
15. 114 6
15. 115 1
15. 116 3
15. 117 7
15. 118 7
15. 119 13
15. 120 9
15. 121 4
15. 122 2
15. 123 8
15. 124 3
15. 125 23
15. 126 15
15. 127 9
15. 128 9
15. 129 22
15. 130 6
15. 131 5
15. 132 30
15. 133 13
15. 134 10
15. 135 3
15. 136 6
15. 137 8
15. 138 4
15. 139 10
15. 140 8
15. 141 3
15. 142 6
15. 143 6
15. 144 12
15. 145 36
15. 146 1
15. 147 5
15. 148 17
15. 149 3
15. 150 7
15. 151 20
15. 152 15
15. 153 2
15. 154 1
15. 155 3
15. 156 1
15. 157 3
15. 158 7
15. 159 37
15. 160 25
15. 161 3
15. 162 12
15. 163 8
15. 164 5
15. 165 3
15. 166 12
15. 167 13
15. 168 6
15. 169 33
15. 170 21
15. 171 7
15. 172 1
15. 173 15
15. 174 18
15. 175 14
15. 176 16
15. 177 4
15. 178 10
15. 179 14
15. 180 15
15. 181 5
15. 182 29
15. 183 12
15. 184 11
15. 185 47
15. 186 10
15. 187 25
15. 188 33
15. 189 7
15. 190 15
15. 191 27
15. 192 7
15. 193 23
15. 194 17
15. 195 25
15. 196 12
15. 197 1
15. 198 23
15. 199 3
16. 0 16
16. 1 1
16. 2 2
16. 3 20
16. 4 16
16. 5 49
16. 6 20
16. 7 1
16. 8 9
16. 9 5
16. 10 14
16. 11 18
16. 12 21
16. 13 5
16. 14 14
16. 15 29
16. 16 63
16. 17 7
16. 18 2
16. 19 5
16. 20 2
16. 21 5
16. 22 12
16. 23 27
16. 24 1
16. 25 11
16. 26 1
16. 27 16
16. 28 39
16. 29 20
16. 30 1
16. 31 9
16. 32 1
16. 33 2
16. 34 24
16. 35 69
16. 36 61
16. 37 40
16. 38 8
16. 39 1
16. 40 11
16. 41 17
16. 42 3
16. 43 6
16. 44 4
16. 45 3
16. 46 10
16. 47 8
16. 48 37
16. 49 19
16. 50 23
16. 51 6
16. 52 3
16. 53 4
16. 54 3
16. 55 12
16. 56 37
16. 57 28
16. 58 9
16. 59 8
16. 60 10
16. 61 48
16. 62 27
16. 63 14
16. 64 1
16. 65 5
16. 66 15
16. 67 5
16. 68 7
16. 69 7
16. 70 18
16. 71 6
16. 72 1
16. 73 21
16. 74 13
16. 75 9
16. 76 13
16. 77 8
16. 78 3
16. 79 7
16. 80 3
16. 81 1
16. 82 24
16. 83 2
16. 84 1
16. 85 5
16. 86 5
16. 87 1
16. 88 37
16. 89 23
16. 90 7
16. 91 14
16. 92 6
16. 93 7
16. 94 2
16. 95 26
16. 96 2
16. 97 10
16. 98 4
16. 99 10
16. 100 6
16. 101 33
16. 102 10
16. 103 3
16. 104 1
16. 105 8
16. 106 14
16. 107 6
16. 108 2
16. 109 13
16. 110 5
16. 111 2
16. 112 14
16. 113 16
16. 114 4
16. 115 15
16. 116 2
16. 117 6
16. 118 28
16. 119 3
16. 120 3
16. 121 5
16. 122 25
16. 123 3
16. 124 14
16. 125 1
16. 126 5
16. 127 7
16. 128 2
16. 129 4
16. 130 2
16. 131 9
16. 132 8
16. 133 8
16. 134 17
16. 135 10
16. 136 15
16. 137 7
16. 138 23
16. 139 6
16. 140 2
16. 141 20
16. 142 6
16. 143 22
16. 144 2
16. 145 5
16. 146 1
16. 147 12
16. 148 5
16. 149 20
16. 150 16
16. 151 4
16. 152 4
16. 153 15
16. 154 16
16. 155 26
16. 156 3
16. 157 1
16. 158 1
16. 159 1
16. 160 3
16. 161 9
16. 162 13
16. 163 3
16. 164 16
16. 165 1
16. 166 2
16. 167 24
16. 168 6
16. 169 1
16. 170 10
16. 171 1
16. 172 10
16. 173 12
16. 174 1
16. 175 7
16. 176 3
16. 177 14
16. 178 2
16. 179 8
16. 180 33
16. 181 29
16. 182 11
16. 183 16
16. 184 4
16. 185 5
16. 186 1
16. 187 1
16. 188 2
16. 189 12
16. 190 18
16. 191 3
16. 192 1
16. 193 5
16. 194 6
16. 195 18
16. 196 16
16. 197 1
16. 198 5
16. 199 11
17. 0 14
17. 1 5
17. 2 4
17. 3 1
17. 4 28
17. 5 11
17. 6 10
17. 7 11
17. 8 6
17. 9 13
17. 10 6
17. 11 2
17. 12 13
17. 13 7
17. 14 3
17. 15 5
17. 16 11
17. 17 1
17. 18 10
17. 19 20
17. 20 44
17. 21 11
17. 22 41
17. 23 1
17. 24 14
17. 25 3
17. 26 10
17. 27 14
17. 28 7
17. 29 12
17. 30 1
17. 31 10
17. 32 37
17. 33 41
17. 34 4
17. 35 7
17. 36 29
17. 37 20
17. 38 9
17. 39 8
17. 40 9
17. 41 11
17. 42 15
17. 43 5
17. 44 17
17. 45 1
17. 46 2
17. 47 17
17. 48 4
17. 49 6
17. 50 3
17. 51 34
17. 52 19
17. 53 6
17. 54 29
17. 55 11
17. 56 16
17. 57 6
17. 58 11
17. 59 9
17. 60 3
17. 61 20
17. 62 24
17. 63 12
17. 64 15
17. 65 6
17. 66 18
17. 67 5
17. 68 22
17. 69 2
17. 70 3
17. 71 4
17. 72 26
17. 73 10
17. 74 22
17. 75 9
17. 76 20
17. 77 21
17. 78 26
17. 79 2
17. 80 10
17. 81 10
17. 82 11
17. 83 1
17. 84 2
17. 85 3
17. 86 43
17. 87 4
17. 88 3
17. 89 15
17. 90 12
17. 91 1
17. 92 29
17. 93 2
17. 94 6
17. 95 42
17. 96 2
17. 97 16
17. 98 2
17. 99 1
17. 100 6
17. 101 34
17. 102 20
17. 103 4
17. 104 2
17. 105 6
17. 106 7
17. 107 59
17. 108 22
17. 109 19
17. 110 2
17. 111 10
17. 112 5
17. 113 12
17. 114 9
17. 115 1
17. 116 22
17. 117 15
17. 118 5
17. 119 6
17. 120 5
17. 121 47
17. 122 22
17. 123 3
17. 124 17
17. 125 19
17. 126 1
17. 127 16
17. 128 13
17. 129 19
17. 130 6
17. 131 52
17. 132 15
17. 133 8
17. 134 11
17. 135 2
17. 136 4
17. 137 8
17. 138 3
17. 139 3
17. 140 6
17. 141 10
17. 142 2
17. 143 8
17. 144 17
17. 145 3
17. 146 9
17. 147 1
17. 148 5
17. 149 12
17. 150 3
17. 151 19
17. 152 1
17. 153 5
17. 154 5
17. 155 2
17. 156 9
17. 157 21
17. 158 3
17. 159 9
17. 160 4
17. 161 1
17. 162 14
17. 163 37
17. 164 6
17. 165 15
17. 166 15
17. 167 12
17. 168 1
17. 169 1
17. 170 11
17. 171 1
17. 172 4
17. 173 6
17. 174 6
17. 175 7
17. 176 9
17. 177 9
17. 178 4
17. 179 5
17. 180 4
17. 181 3
17. 182 13
17. 183 5
17. 184 11
17. 185 20
17. 186 3
17. 187 2
17. 188 5
17. 189 22
17. 190 3
17. 191 1
17. 192 6
17. 193 11
17. 194 2
17. 195 18
17. 196 6
17. 197 2
17. 198 3
17. 199 17
18. 0 4
18. 1 17
18. 2 4
18. 3 3
18. 4 1
18. 5 5
18. 6 3
18. 7 4
18. 8 18
18. 9 12
18. 10 2
18. 11 6
18. 12 1
18. 13 2
18. 14 20
18. 15 1
18. 16 19
18. 17 2
18. 18 5
18. 19 14
18. 20 17
18. 21 3
18. 22 6
18. 23 1
18. 24 17
18. 25 5
18. 26 7
18. 27 10
18. 28 2
18. 29 39
18. 30 2
18. 31 12
18. 32 8
18. 33 5
18. 34 8
18. 35 1
18. 36 4
18. 37 32
18. 38 14
18. 39 17
18. 40 1
18. 41 4
18. 42 10
18. 43 24
18. 44 3
18. 45 3
18. 46 11
18. 47 1
18. 48 15
18. 49 12
18. 50 14
18. 51 13
18. 52 22
18. 53 19
18. 54 1
18. 55 8
18. 56 14
18. 57 20
18. 58 14
18. 59 10
18. 60 9
18. 61 3
18. 62 6
18. 63 12
18. 64 11
18. 65 29
18. 66 19
18. 67 16
18. 68 6
18. 69 12
18. 70 4
18. 71 4
18. 72 4
18. 73 18
18. 74 1
18. 75 11
18. 76 18
18. 77 10
18. 78 1
18. 79 48
18. 80 52
18. 81 6
18. 82 3
18. 83 23
18. 84 1
18. 85 8
18. 86 2
18. 87 21
18. 88 32
18. 89 4
18. 90 15
18. 91 3
18. 92 39
18. 93 5
18. 94 34
18. 95 4
18. 96 24
18. 97 6
18. 98 8
18. 99 19
18. 100 1
18. 101 8
18. 102 22
18. 103 27
18. 104 22
18. 105 4
18. 106 15
18. 107 12
18. 108 8
18. 109 4
18. 110 16
18. 111 5
18. 112 9
18. 113 2
18. 114 8
18. 115 5
18. 116 3
18. 117 10
18. 118 25
18. 119 5
18. 120 9
18. 121 9
18. 122 4
18. 123 2
18. 124 2
18. 125 22
18. 126 9
18. 127 3
18. 128 1
18. 129 5
18. 130 16
18. 131 33
18. 132 3
18. 133 3
18. 134 11
18. 135 5
18. 136 14
18. 137 6
18. 138 35
18. 139 3
18. 140 3
18. 141 58
18. 142 17
18. 143 43
18. 144 1
18. 145 3
18. 146 6
18. 147 7
18. 148 14
18. 149 3
18. 150 5
18. 151 13
18. 152 2
18. 153 5
18. 154 2
18. 155 1
18. 156 2
18. 157 13
18. 158 1
18. 159 6
18. 160 5
18. 161 1
18. 162 22
18. 163 39
18. 164 9
18. 165 3
18. 166 10
18. 167 2
18. 168 2
18. 169 14
18. 170 21
18. 171 14
18. 172 5
18. 173 53
18. 174 16
18. 175 22
18. 176 2
18. 177 23
18. 178 10
18. 179 9
18. 180 5
18. 181 1
18. 182 6
18. 183 11
18. 184 13
18. 185 20
18. 186 16
18. 187 2
18. 188 13
18. 189 8
18. 190 1
18. 191 29
18. 192 4
18. 193 7
18. 194 26
18. 195 31
18. 196 2
18. 197 11
18. 198 11
18. 199 4
19. 0 22
19. 1 5
19. 2 10
19. 3 14
19. 4 17
19. 5 5
19. 6 5
19. 7 3
19. 8 5
19. 9 21
19. 10 11
19. 11 5
19. 12 3
19. 13 9
19. 14 1
19. 15 2
19. 16 14
19. 17 2
19. 18 30
19. 19 6
19. 20 27
19. 21 13
19. 22 4
19. 23 1
19. 24 1
19. 25 3
19. 26 37
19. 27 2
19. 28 3
19. 29 4
19. 30 11
19. 31 21
19. 32 1
19. 33 1
19. 34 3
19. 35 1
19. 36 17
19. 37 14
19. 38 3
19. 39 5
19. 40 6
19. 41 12
19. 42 2
19. 43 10
19. 44 2
19. 45 41
19. 46 1
19. 47 6
19. 48 1
19. 49 14
19. 50 2
19. 51 6
19. 52 4
19. 53 4
19. 54 4
19. 55 4
19. 56 1
19. 57 14
19. 58 1
19. 59 24
19. 60 14
19. 61 8
19. 62 7
19. 63 1
19. 64 4
19. 65 5
19. 66 11
19. 67 13
19. 68 1
19. 69 10
19. 70 24
19. 71 23
19. 72 8
19. 73 7
19. 74 6
19. 75 6
19. 76 1
19. 77 1
19. 78 2
19. 79 18
19. 80 1
19. 81 2
19. 82 13
19. 83 9
19. 84 12
19. 85 2
19. 86 10
19. 87 2
19. 88 4
19. 89 29
19. 90 2
19. 91 26
19. 92 1
19. 93 12
19. 94 17
19. 95 5
19. 96 9
19. 97 6
19. 98 23
19. 99 15
19. 100 18
19. 101 1
19. 102 19
19. 103 8
19. 104 5
19. 105 2
19. 106 1
19. 107 46
19. 108 8
19. 109 5
19. 110 3
19. 111 19
19. 112 7
19. 113 4
19. 114 3
19. 115 14
19. 116 8
19. 117 8
19. 118 11
19. 119 11
19. 120 2
19. 121 9
19. 122 1
19. 123 37
19. 124 18
19. 125 8
19. 126 5
19. 127 6
19. 128 7
19. 129 3
19. 130 17
19. 131 10
19. 132 10
19. 133 21
19. 134 7
19. 135 3
19. 136 35
19. 137 3
19. 138 5
19. 139 11
19. 140 8
19. 141 1
19. 142 20
19. 143 3
19. 144 7
19. 145 40
19. 146 21
19. 147 17
19. 148 11
19. 149 12
19. 150 20
19. 151 14
19. 152 5
19. 153 1
19. 154 10
19. 155 1
19. 156 4
19. 157 11
19. 158 17
19. 159 1
19. 160 25
19. 161 4
19. 162 3
19. 163 17
19. 164 7
19. 165 7
19. 166 3
19. 167 2
19. 168 28
19. 169 33
19. 170 9
19. 171 1
19. 172 6
19. 173 44
19. 174 10
19. 175 27
19. 176 15
19. 177 9
19. 178 1
19. 179 26
19. 180 4
19. 181 6
19. 182 8
19. 183 10
19. 184 3
19. 185 6
19. 186 11
19. 187 4
19. 188 44
19. 189 3
19. 190 11
19. 191 3
19. 192 3
19. 193 19
19. 194 16
19. 195 1
19. 196 28
19. 197 1
19. 198 4
19. 199 7
/;
parameter b(i)/
0 79
1 97
2 81
3 82
4 91
5 90
6 79
7 82
8 78
9 82
10 87
11 82
12 88
13 80
14 82
15 93
16 89
17 89
18 89
19 80
/;
