set j job /0*199/;
set i machine /0*19/;
parameter c(i,j)/
0. 0 40
0. 1 20
0. 2 38
0. 3 108
0. 4 107
0. 5 20
0. 6 93
0. 7 33
0. 8 91
0. 9 94
0. 10 25
0. 11 75
0. 12 82
0. 13 66
0. 14 25
0. 15 98
0. 16 21
0. 17 104
0. 18 84
0. 19 41
0. 20 48
0. 21 41
0. 22 108
0. 23 99
0. 24 29
0. 25 75
0. 26 92
0. 27 11
0. 28 83
0. 29 35
0. 30 33
0. 31 96
0. 32 12
0. 33 24
0. 34 81
0. 35 106
0. 36 25
0. 37 83
0. 38 86
0. 39 30
0. 40 99
0. 41 59
0. 42 57
0. 43 26
0. 44 9
0. 45 21
0. 46 63
0. 47 79
0. 48 16
0. 49 81
0. 50 28
0. 51 109
0. 52 64
0. 53 49
0. 54 106
0. 55 95
0. 56 67
0. 57 83
0. 58 8
0. 59 107
0. 60 50
0. 61 14
0. 62 89
0. 63 27
0. 64 77
0. 65 70
0. 66 21
0. 67 92
0. 68 30
0. 69 98
0. 70 89
0. 71 110
0. 72 50
0. 73 81
0. 74 117
0. 75 32
0. 76 14
0. 77 24
0. 78 16
0. 79 87
0. 80 54
0. 81 48
0. 82 15
0. 83 27
0. 84 51
0. 85 58
0. 86 18
0. 87 94
0. 88 81
0. 89 78
0. 90 26
0. 91 55
0. 92 47
0. 93 95
0. 94 94
0. 95 24
0. 96 51
0. 97 29
0. 98 91
0. 99 88
0. 100 57
0. 101 110
0. 102 43
0. 103 37
0. 104 85
0. 105 18
0. 106 96
0. 107 29
0. 108 71
0. 109 93
0. 110 108
0. 111 9
0. 112 63
0. 113 69
0. 114 87
0. 115 58
0. 116 62
0. 117 44
0. 118 12
0. 119 58
0. 120 87
0. 121 31
0. 122 42
0. 123 29
0. 124 65
0. 125 112
0. 126 21
0. 127 74
0. 128 77
0. 129 20
0. 130 43
0. 131 20
0. 132 36
0. 133 64
0. 134 61
0. 135 81
0. 136 81
0. 137 11
0. 138 37
0. 139 111
0. 140 7
0. 141 30
0. 142 15
0. 143 14
0. 144 28
0. 145 73
0. 146 101
0. 147 88
0. 148 60
0. 149 64
0. 150 45
0. 151 99
0. 152 59
0. 153 76
0. 154 85
0. 155 107
0. 156 68
0. 157 96
0. 158 92
0. 159 67
0. 160 97
0. 161 99
0. 162 59
0. 163 57
0. 164 7
0. 165 91
0. 166 69
0. 167 32
0. 168 63
0. 169 106
0. 170 74
0. 171 96
0. 172 100
0. 173 20
0. 174 27
0. 175 74
0. 176 22
0. 177 69
0. 178 23
0. 179 108
0. 180 42
0. 181 59
0. 182 32
0. 183 9
0. 184 39
0. 185 27
0. 186 96
0. 187 49
0. 188 29
0. 189 22
0. 190 101
0. 191 96
0. 192 43
0. 193 89
0. 194 94
0. 195 87
0. 196 64
0. 197 61
0. 198 65
0. 199 44
1. 0 53
1. 1 68
1. 2 12
1. 3 27
1. 4 61
1. 5 28
1. 6 66
1. 7 40
1. 8 95
1. 9 28
1. 10 77
1. 11 108
1. 12 98
1. 13 11
1. 14 55
1. 15 102
1. 16 21
1. 17 42
1. 18 30
1. 19 58
1. 20 97
1. 21 111
1. 22 97
1. 23 95
1. 24 78
1. 25 32
1. 26 73
1. 27 85
1. 28 10
1. 29 26
1. 30 80
1. 31 12
1. 32 102
1. 33 86
1. 34 55
1. 35 4
1. 36 56
1. 37 106
1. 38 104
1. 39 52
1. 40 46
1. 41 6
1. 42 111
1. 43 21
1. 44 111
1. 45 25
1. 46 34
1. 47 95
1. 48 37
1. 49 22
1. 50 31
1. 51 78
1. 52 31
1. 53 61
1. 54 20
1. 55 23
1. 56 79
1. 57 34
1. 58 76
1. 59 66
1. 60 48
1. 61 85
1. 62 98
1. 63 116
1. 64 95
1. 65 12
1. 66 54
1. 67 99
1. 68 17
1. 69 44
1. 70 30
1. 71 27
1. 72 69
1. 73 61
1. 74 74
1. 75 48
1. 76 14
1. 77 50
1. 78 36
1. 79 68
1. 80 86
1. 81 88
1. 82 39
1. 83 17
1. 84 24
1. 85 36
1. 86 62
1. 87 61
1. 88 75
1. 89 66
1. 90 74
1. 91 87
1. 92 43
1. 93 37
1. 94 74
1. 95 33
1. 96 49
1. 97 101
1. 98 34
1. 99 95
1. 100 38
1. 101 78
1. 102 40
1. 103 107
1. 104 69
1. 105 91
1. 106 25
1. 107 86
1. 108 94
1. 109 54
1. 110 63
1. 111 63
1. 112 103
1. 113 90
1. 114 104
1. 115 45
1. 116 61
1. 117 62
1. 118 69
1. 119 49
1. 120 88
1. 121 54
1. 122 52
1. 123 89
1. 124 62
1. 125 101
1. 126 119
1. 127 50
1. 128 54
1. 129 49
1. 130 92
1. 131 66
1. 132 57
1. 133 42
1. 134 48
1. 135 35
1. 136 83
1. 137 78
1. 138 71
1. 139 95
1. 140 72
1. 141 9
1. 142 52
1. 143 64
1. 144 52
1. 145 111
1. 146 71
1. 147 52
1. 148 100
1. 149 107
1. 150 80
1. 151 54
1. 152 72
1. 153 76
1. 154 49
1. 155 37
1. 156 21
1. 157 42
1. 158 69
1. 159 93
1. 160 93
1. 161 56
1. 162 38
1. 163 25
1. 164 89
1. 165 19
1. 166 98
1. 167 59
1. 168 44
1. 169 28
1. 170 19
1. 171 21
1. 172 77
1. 173 72
1. 174 29
1. 175 19
1. 176 92
1. 177 22
1. 178 76
1. 179 37
1. 180 91
1. 181 19
1. 182 62
1. 183 63
1. 184 13
1. 185 106
1. 186 51
1. 187 74
1. 188 106
1. 189 26
1. 190 22
1. 191 27
1. 192 39
1. 193 60
1. 194 35
1. 195 48
1. 196 80
1. 197 28
1. 198 5
1. 199 27
2. 0 51
2. 1 68
2. 2 21
2. 3 51
2. 4 57
2. 5 60
2. 6 33
2. 7 36
2. 8 37
2. 9 97
2. 10 67
2. 11 94
2. 12 17
2. 13 97
2. 14 101
2. 15 27
2. 16 52
2. 17 43
2. 18 21
2. 19 69
2. 20 119
2. 21 102
2. 22 62
2. 23 66
2. 24 81
2. 25 49
2. 26 16
2. 27 54
2. 28 49
2. 29 76
2. 30 79
2. 31 50
2. 32 103
2. 33 27
2. 34 108
2. 35 14
2. 36 5
2. 37 51
2. 38 58
2. 39 48
2. 40 28
2. 41 72
2. 42 108
2. 43 104
2. 44 72
2. 45 111
2. 46 90
2. 47 39
2. 48 39
2. 49 88
2. 50 14
2. 51 73
2. 52 52
2. 53 102
2. 54 46
2. 55 81
2. 56 59
2. 57 30
2. 58 71
2. 59 103
2. 60 108
2. 61 46
2. 62 61
2. 63 43
2. 64 6
2. 65 38
2. 66 59
2. 67 101
2. 68 56
2. 69 91
2. 70 66
2. 71 70
2. 72 100
2. 73 43
2. 74 47
2. 75 88
2. 76 26
2. 77 102
2. 78 18
2. 79 72
2. 80 98
2. 81 43
2. 82 95
2. 83 57
2. 84 52
2. 85 78
2. 86 47
2. 87 109
2. 88 104
2. 89 108
2. 90 100
2. 91 41
2. 92 40
2. 93 33
2. 94 44
2. 95 102
2. 96 21
2. 97 34
2. 98 106
2. 99 48
2. 100 87
2. 101 82
2. 102 56
2. 103 60
2. 104 44
2. 105 11
2. 106 36
2. 107 34
2. 108 55
2. 109 110
2. 110 45
2. 111 105
2. 112 87
2. 113 36
2. 114 66
2. 115 79
2. 116 38
2. 117 47
2. 118 48
2. 119 49
2. 120 81
2. 121 37
2. 122 72
2. 123 32
2. 124 40
2. 125 44
2. 126 58
2. 127 25
2. 128 61
2. 129 35
2. 130 17
2. 131 28
2. 132 74
2. 133 115
2. 134 16
2. 135 15
2. 136 38
2. 137 59
2. 138 51
2. 139 67
2. 140 15
2. 141 38
2. 142 83
2. 143 40
2. 144 96
2. 145 94
2. 146 17
2. 147 94
2. 148 18
2. 149 28
2. 150 24
2. 151 99
2. 152 108
2. 153 33
2. 154 35
2. 155 3
2. 156 100
2. 157 15
2. 158 19
2. 159 75
2. 160 31
2. 161 39
2. 162 48
2. 163 25
2. 164 24
2. 165 35
2. 166 30
2. 167 118
2. 168 40
2. 169 35
2. 170 22
2. 171 78
2. 172 70
2. 173 71
2. 174 20
2. 175 35
2. 176 63
2. 177 89
2. 178 73
2. 179 26
2. 180 99
2. 181 82
2. 182 4
2. 183 106
2. 184 94
2. 185 67
2. 186 27
2. 187 70
2. 188 99
2. 189 64
2. 190 37
2. 191 95
2. 192 50
2. 193 109
2. 194 72
2. 195 97
2. 196 77
2. 197 20
2. 198 92
2. 199 53
3. 0 31
3. 1 42
3. 2 95
3. 3 98
3. 4 17
3. 5 80
3. 6 90
3. 7 1
3. 8 23
3. 9 74
3. 10 49
3. 11 116
3. 12 54
3. 13 93
3. 14 10
3. 15 53
3. 16 61
3. 17 104
3. 18 75
3. 19 63
3. 20 52
3. 21 50
3. 22 21
3. 23 51
3. 24 87
3. 25 87
3. 26 70
3. 27 51
3. 28 25
3. 29 60
3. 30 89
3. 31 9
3. 32 73
3. 33 93
3. 34 25
3. 35 23
3. 36 47
3. 37 12
3. 38 25
3. 39 61
3. 40 67
3. 41 84
3. 42 17
3. 43 29
3. 44 50
3. 45 68
3. 46 92
3. 47 70
3. 48 26
3. 49 23
3. 50 64
3. 51 60
3. 52 65
3. 53 33
3. 54 24
3. 55 54
3. 56 65
3. 57 84
3. 58 79
3. 59 51
3. 60 72
3. 61 76
3. 62 80
3. 63 14
3. 64 16
3. 65 80
3. 66 102
3. 67 90
3. 68 63
3. 69 63
3. 70 87
3. 71 47
3. 72 89
3. 73 19
3. 74 38
3. 75 74
3. 76 90
3. 77 55
3. 78 100
3. 79 107
3. 80 32
3. 81 89
3. 82 68
3. 83 117
3. 84 57
3. 85 19
3. 86 15
3. 87 12
3. 88 40
3. 89 47
3. 90 85
3. 91 69
3. 92 15
3. 93 47
3. 94 78
3. 95 41
3. 96 43
3. 97 60
3. 98 106
3. 99 98
3. 100 58
3. 101 67
3. 102 12
3. 103 12
3. 104 24
3. 105 100
3. 106 85
3. 107 42
3. 108 28
3. 109 25
3. 110 10
3. 111 57
3. 112 25
3. 113 67
3. 114 96
3. 115 17
3. 116 78
3. 117 95
3. 118 96
3. 119 82
3. 120 80
3. 121 10
3. 122 50
3. 123 94
3. 124 44
3. 125 15
3. 126 67
3. 127 25
3. 128 72
3. 129 69
3. 130 30
3. 131 111
3. 132 41
3. 133 62
3. 134 48
3. 135 51
3. 136 75
3. 137 89
3. 138 66
3. 139 105
3. 140 109
3. 141 52
3. 142 92
3. 143 56
3. 144 11
3. 145 46
3. 146 24
3. 147 44
3. 148 14
3. 149 70
3. 150 23
3. 151 59
3. 152 25
3. 153 89
3. 154 28
3. 155 43
3. 156 100
3. 157 45
3. 158 85
3. 159 20
3. 160 28
3. 161 28
3. 162 21
3. 163 13
3. 164 54
3. 165 50
3. 166 56
3. 167 62
3. 168 37
3. 169 33
3. 170 101
3. 171 37
3. 172 49
3. 173 93
3. 174 92
3. 175 43
3. 176 98
3. 177 79
3. 178 27
3. 179 63
3. 180 20
3. 181 55
3. 182 80
3. 183 22
3. 184 47
3. 185 57
3. 186 62
3. 187 90
3. 188 78
3. 189 106
3. 190 60
3. 191 68
3. 192 96
3. 193 19
3. 194 98
3. 195 72
3. 196 106
3. 197 113
3. 198 67
3. 199 43
4. 0 22
4. 1 61
4. 2 100
4. 3 80
4. 4 41
4. 5 66
4. 6 105
4. 7 58
4. 8 24
4. 9 41
4. 10 32
4. 11 84
4. 12 86
4. 13 86
4. 14 46
4. 15 74
4. 16 94
4. 17 76
4. 18 92
4. 19 36
4. 20 104
4. 21 26
4. 22 58
4. 23 70
4. 24 28
4. 25 29
4. 26 13
4. 27 17
4. 28 24
4. 29 96
4. 30 87
4. 31 39
4. 32 9
4. 33 83
4. 34 88
4. 35 111
4. 36 47
4. 37 72
4. 38 58
4. 39 45
4. 40 37
4. 41 66
4. 42 92
4. 43 76
4. 44 111
4. 45 100
4. 46 73
4. 47 35
4. 48 62
4. 49 108
4. 50 68
4. 51 84
4. 52 39
4. 53 59
4. 54 7
4. 55 72
4. 56 28
4. 57 104
4. 58 27
4. 59 59
4. 60 66
4. 61 49
4. 62 94
4. 63 35
4. 64 75
4. 65 52
4. 66 84
4. 67 14
4. 68 25
4. 69 115
4. 70 13
4. 71 29
4. 72 80
4. 73 15
4. 74 100
4. 75 14
4. 76 50
4. 77 95
4. 78 67
4. 79 16
4. 80 102
4. 81 79
4. 82 33
4. 83 15
4. 84 15
4. 85 59
4. 86 61
4. 87 62
4. 88 78
4. 89 76
4. 90 60
4. 91 77
4. 92 80
4. 93 102
4. 94 16
4. 95 78
4. 96 85
4. 97 65
4. 98 93
4. 99 116
4. 100 60
4. 101 22
4. 102 64
4. 103 59
4. 104 69
4. 105 108
4. 106 18
4. 107 35
4. 108 52
4. 109 53
4. 110 81
4. 111 103
4. 112 17
4. 113 53
4. 114 102
4. 115 78
4. 116 76
4. 117 44
4. 118 54
4. 119 65
4. 120 45
4. 121 57
4. 122 57
4. 123 84
4. 124 32
4. 125 47
4. 126 79
4. 127 78
4. 128 78
4. 129 39
4. 130 59
4. 131 102
4. 132 55
4. 133 81
4. 134 35
4. 135 85
4. 136 108
4. 137 31
4. 138 80
4. 139 75
4. 140 12
4. 141 100
4. 142 86
4. 143 69
4. 144 82
4. 145 43
4. 146 45
4. 147 41
4. 148 99
4. 149 34
4. 150 42
4. 151 117
4. 152 76
4. 153 23
4. 154 82
4. 155 64
4. 156 34
4. 157 42
4. 158 58
4. 159 47
4. 160 26
4. 161 97
4. 162 78
4. 163 105
4. 164 62
4. 165 64
4. 166 85
4. 167 81
4. 168 20
4. 169 69
4. 170 114
4. 171 77
4. 172 43
4. 173 41
4. 174 43
4. 175 67
4. 176 25
4. 177 100
4. 178 21
4. 179 16
4. 180 11
4. 181 93
4. 182 49
4. 183 31
4. 184 67
4. 185 30
4. 186 25
4. 187 16
4. 188 36
4. 189 41
4. 190 58
4. 191 42
4. 192 54
4. 193 42
4. 194 56
4. 195 37
4. 196 28
4. 197 103
4. 198 86
4. 199 63
5. 0 95
5. 1 71
5. 2 20
5. 3 46
5. 4 49
5. 5 27
5. 6 68
5. 7 54
5. 8 26
5. 9 59
5. 10 105
5. 11 58
5. 12 98
5. 13 83
5. 14 11
5. 15 65
5. 16 104
5. 17 40
5. 18 56
5. 19 45
5. 20 35
5. 21 90
5. 22 103
5. 23 80
5. 24 77
5. 25 59
5. 26 30
5. 27 113
5. 28 50
5. 29 36
5. 30 2
5. 31 30
5. 32 40
5. 33 49
5. 34 91
5. 35 44
5. 36 6
5. 37 88
5. 38 44
5. 39 68
5. 40 18
5. 41 15
5. 42 79
5. 43 64
5. 44 94
5. 45 53
5. 46 97
5. 47 38
5. 48 69
5. 49 55
5. 50 54
5. 51 60
5. 52 67
5. 53 88
5. 54 42
5. 55 102
5. 56 45
5. 57 76
5. 58 54
5. 59 33
5. 60 40
5. 61 62
5. 62 46
5. 63 20
5. 64 89
5. 65 38
5. 66 71
5. 67 22
5. 68 23
5. 69 80
5. 70 93
5. 71 12
5. 72 108
5. 73 92
5. 74 83
5. 75 31
5. 76 103
5. 77 13
5. 78 92
5. 79 72
5. 80 36
5. 81 82
5. 82 46
5. 83 72
5. 84 35
5. 85 103
5. 86 23
5. 87 49
5. 88 40
5. 89 26
5. 90 11
5. 91 34
5. 92 98
5. 93 60
5. 94 8
5. 95 78
5. 96 77
5. 97 34
5. 98 58
5. 99 93
5. 100 41
5. 101 79
5. 102 106
5. 103 8
5. 104 32
5. 105 28
5. 106 8
5. 107 24
5. 108 47
5. 109 57
5. 110 89
5. 111 31
5. 112 93
5. 113 7
5. 114 59
5. 115 110
5. 116 97
5. 117 42
5. 118 41
5. 119 26
5. 120 76
5. 121 20
5. 122 79
5. 123 63
5. 124 105
5. 125 76
5. 126 50
5. 127 10
5. 128 101
5. 129 76
5. 130 62
5. 131 28
5. 132 55
5. 133 66
5. 134 64
5. 135 64
5. 136 41
5. 137 90
5. 138 37
5. 139 65
5. 140 57
5. 141 78
5. 142 73
5. 143 43
5. 144 55
5. 145 82
5. 146 109
5. 147 30
5. 148 64
5. 149 96
5. 150 49
5. 151 43
5. 152 19
5. 153 56
5. 154 67
5. 155 23
5. 156 66
5. 157 76
5. 158 64
5. 159 64
5. 160 39
5. 161 5
5. 162 64
5. 163 83
5. 164 70
5. 165 100
5. 166 108
5. 167 108
5. 168 58
5. 169 86
5. 170 105
5. 171 61
5. 172 18
5. 173 73
5. 174 107
5. 175 77
5. 176 115
5. 177 17
5. 178 103
5. 179 29
5. 180 97
5. 181 38
5. 182 89
5. 183 87
5. 184 88
5. 185 92
5. 186 56
5. 187 62
5. 188 21
5. 189 49
5. 190 55
5. 191 32
5. 192 37
5. 193 65
5. 194 41
5. 195 78
5. 196 86
5. 197 28
5. 198 63
5. 199 52
6. 0 18
6. 1 22
6. 2 60
6. 3 40
6. 4 25
6. 5 45
6. 6 22
6. 7 45
6. 8 56
6. 9 29
6. 10 64
6. 11 90
6. 12 73
6. 13 103
6. 14 56
6. 15 53
6. 16 37
6. 17 69
6. 18 22
6. 19 91
6. 20 44
6. 21 104
6. 22 64
6. 23 65
6. 24 14
6. 25 45
6. 26 99
6. 27 14
6. 28 73
6. 29 16
6. 30 72
6. 31 29
6. 32 51
6. 33 93
6. 34 43
6. 35 78
6. 36 52
6. 37 34
6. 38 41
6. 39 64
6. 40 54
6. 41 37
6. 42 84
6. 43 53
6. 44 16
6. 45 30
6. 46 98
6. 47 77
6. 48 29
6. 49 110
6. 50 92
6. 51 85
6. 52 81
6. 53 97
6. 54 100
6. 55 61
6. 56 4
6. 57 31
6. 58 39
6. 59 54
6. 60 15
6. 61 34
6. 62 51
6. 63 77
6. 64 54
6. 65 75
6. 66 27
6. 67 105
6. 68 96
6. 69 66
6. 70 84
6. 71 6
6. 72 98
6. 73 80
6. 74 32
6. 75 101
6. 76 11
6. 77 41
6. 78 54
6. 79 114
6. 80 98
6. 81 101
6. 82 101
6. 83 55
6. 84 91
6. 85 104
6. 86 45
6. 87 96
6. 88 33
6. 89 56
6. 90 114
6. 91 84
6. 92 90
6. 93 72
6. 94 24
6. 95 55
6. 96 23
6. 97 62
6. 98 38
6. 99 39
6. 100 74
6. 101 88
6. 102 98
6. 103 15
6. 104 88
6. 105 100
6. 106 64
6. 107 45
6. 108 69
6. 109 77
6. 110 99
6. 111 105
6. 112 17
6. 113 30
6. 114 87
6. 115 63
6. 116 84
6. 117 24
6. 118 58
6. 119 74
6. 120 54
6. 121 74
6. 122 26
6. 123 52
6. 124 26
6. 125 26
6. 126 31
6. 127 41
6. 128 41
6. 129 97
6. 130 113
6. 131 40
6. 132 72
6. 133 29
6. 134 27
6. 135 91
6. 136 59
6. 137 25
6. 138 92
6. 139 52
6. 140 11
6. 141 44
6. 142 16
6. 143 74
6. 144 104
6. 145 49
6. 146 90
6. 147 47
6. 148 3
6. 149 77
6. 150 47
6. 151 34
6. 152 21
6. 153 102
6. 154 74
6. 155 32
6. 156 82
6. 157 93
6. 158 84
6. 159 102
6. 160 87
6. 161 58
6. 162 83
6. 163 69
6. 164 31
6. 165 45
6. 166 44
6. 167 40
6. 168 76
6. 169 81
6. 170 39
6. 171 95
6. 172 60
6. 173 29
6. 174 105
6. 175 4
6. 176 76
6. 177 111
6. 178 28
6. 179 71
6. 180 65
6. 181 27
6. 182 71
6. 183 25
6. 184 72
6. 185 97
6. 186 110
6. 187 114
6. 188 95
6. 189 91
6. 190 85
6. 191 105
6. 192 52
6. 193 33
6. 194 50
6. 195 70
6. 196 102
6. 197 7
6. 198 38
6. 199 86
7. 0 18
7. 1 118
7. 2 63
7. 3 91
7. 4 45
7. 5 106
7. 6 74
7. 7 45
7. 8 80
7. 9 91
7. 10 71
7. 11 82
7. 12 56
7. 13 62
7. 14 83
7. 15 16
7. 16 27
7. 17 64
7. 18 53
7. 19 56
7. 20 112
7. 21 104
7. 22 112
7. 23 56
7. 24 57
7. 25 69
7. 26 93
7. 27 90
7. 28 68
7. 29 95
7. 30 107
7. 31 62
7. 32 55
7. 33 89
7. 34 70
7. 35 35
7. 36 26
7. 37 25
7. 38 46
7. 39 26
7. 40 72
7. 41 9
7. 42 100
7. 43 45
7. 44 57
7. 45 109
7. 46 92
7. 47 36
7. 48 109
7. 49 45
7. 50 82
7. 51 17
7. 52 107
7. 53 74
7. 54 115
7. 55 30
7. 56 100
7. 57 95
7. 58 97
7. 59 20
7. 60 68
7. 61 68
7. 62 44
7. 63 99
7. 64 72
7. 65 50
7. 66 65
7. 67 87
7. 68 20
7. 69 104
7. 70 78
7. 71 41
7. 72 106
7. 73 26
7. 74 109
7. 75 92
7. 76 3
7. 77 79
7. 78 74
7. 79 17
7. 80 100
7. 81 46
7. 82 40
7. 83 37
7. 84 36
7. 85 50
7. 86 53
7. 87 99
7. 88 108
7. 89 23
7. 90 63
7. 91 88
7. 92 112
7. 93 50
7. 94 14
7. 95 90
7. 96 85
7. 97 99
7. 98 77
7. 99 91
7. 100 95
7. 101 39
7. 102 37
7. 103 42
7. 104 26
7. 105 63
7. 106 45
7. 107 36
7. 108 39
7. 109 86
7. 110 81
7. 111 38
7. 112 31
7. 113 77
7. 114 30
7. 115 60
7. 116 62
7. 117 81
7. 118 42
7. 119 58
7. 120 100
7. 121 28
7. 122 45
7. 123 72
7. 124 100
7. 125 64
7. 126 52
7. 127 94
7. 128 61
7. 129 56
7. 130 57
7. 131 30
7. 132 10
7. 133 13
7. 134 62
7. 135 29
7. 136 29
7. 137 90
7. 138 9
7. 139 93
7. 140 43
7. 141 109
7. 142 95
7. 143 75
7. 144 47
7. 145 10
7. 146 63
7. 147 73
7. 148 100
7. 149 97
7. 150 87
7. 151 28
7. 152 90
7. 153 67
7. 154 67
7. 155 25
7. 156 86
7. 157 78
7. 158 31
7. 159 28
7. 160 43
7. 161 63
7. 162 101
7. 163 33
7. 164 39
7. 165 85
7. 166 108
7. 167 104
7. 168 83
7. 169 51
7. 170 10
7. 171 79
7. 172 46
7. 173 63
7. 174 72
7. 175 29
7. 176 87
7. 177 38
7. 178 45
7. 179 82
7. 180 99
7. 181 114
7. 182 29
7. 183 31
7. 184 23
7. 185 100
7. 186 10
7. 187 51
7. 188 100
7. 189 83
7. 190 90
7. 191 58
7. 192 22
7. 193 67
7. 194 99
7. 195 68
7. 196 45
7. 197 86
7. 198 18
7. 199 25
8. 0 52
8. 1 81
8. 2 55
8. 3 38
8. 4 51
8. 5 11
8. 6 103
8. 7 24
8. 8 58
8. 9 59
8. 10 12
8. 11 102
8. 12 82
8. 13 49
8. 14 78
8. 15 48
8. 16 98
8. 17 29
8. 18 42
8. 19 8
8. 20 81
8. 21 111
8. 22 86
8. 23 106
8. 24 26
8. 25 114
8. 26 38
8. 27 89
8. 28 47
8. 29 61
8. 30 52
8. 31 100
8. 32 66
8. 33 110
8. 34 100
8. 35 50
8. 36 32
8. 37 58
8. 38 46
8. 39 107
8. 40 85
8. 41 10
8. 42 35
8. 43 64
8. 44 40
8. 45 61
8. 46 98
8. 47 28
8. 48 85
8. 49 59
8. 50 66
8. 51 81
8. 52 98
8. 53 76
8. 54 64
8. 55 19
8. 56 73
8. 57 96
8. 58 71
8. 59 70
8. 60 95
8. 61 41
8. 62 38
8. 63 17
8. 64 75
8. 65 77
8. 66 74
8. 67 101
8. 68 81
8. 69 88
8. 70 74
8. 71 44
8. 72 62
8. 73 75
8. 74 57
8. 75 44
8. 76 103
8. 77 52
8. 78 66
8. 79 100
8. 80 86
8. 81 56
8. 82 59
8. 83 38
8. 84 77
8. 85 98
8. 86 105
8. 87 48
8. 88 55
8. 89 84
8. 90 49
8. 91 68
8. 92 91
8. 93 59
8. 94 19
8. 95 85
8. 96 17
8. 97 99
8. 98 37
8. 99 79
8. 100 55
8. 101 50
8. 102 35
8. 103 107
8. 104 54
8. 105 37
8. 106 72
8. 107 100
8. 108 68
8. 109 86
8. 110 70
8. 111 52
8. 112 98
8. 113 92
8. 114 88
8. 115 46
8. 116 96
8. 117 34
8. 118 101
8. 119 44
8. 120 55
8. 121 55
8. 122 92
8. 123 106
8. 124 71
8. 125 32
8. 126 93
8. 127 98
8. 128 104
8. 129 77
8. 130 65
8. 131 35
8. 132 31
8. 133 96
8. 134 7
8. 135 68
8. 136 84
8. 137 42
8. 138 67
8. 139 36
8. 140 64
8. 141 52
8. 142 14
8. 143 43
8. 144 47
8. 145 77
8. 146 54
8. 147 38
8. 148 43
8. 149 69
8. 150 36
8. 151 20
8. 152 48
8. 153 47
8. 154 74
8. 155 82
8. 156 101
8. 157 97
8. 158 25
8. 159 50
8. 160 40
8. 161 53
8. 162 87
8. 163 3
8. 164 51
8. 165 61
8. 166 80
8. 167 25
8. 168 104
8. 169 100
8. 170 62
8. 171 14
8. 172 39
8. 173 77
8. 174 10
8. 175 86
8. 176 14
8. 177 47
8. 178 9
8. 179 89
8. 180 101
8. 181 7
8. 182 88
8. 183 117
8. 184 104
8. 185 78
8. 186 42
8. 187 42
8. 188 23
8. 189 35
8. 190 16
8. 191 79
8. 192 62
8. 193 15
8. 194 100
8. 195 77
8. 196 55
8. 197 39
8. 198 78
8. 199 55
9. 0 54
9. 1 42
9. 2 91
9. 3 20
9. 4 107
9. 5 73
9. 6 105
9. 7 21
9. 8 31
9. 9 58
9. 10 60
9. 11 75
9. 12 24
9. 13 75
9. 14 46
9. 15 111
9. 16 62
9. 17 33
9. 18 13
9. 19 15
9. 20 89
9. 21 48
9. 22 99
9. 23 65
9. 24 38
9. 25 72
9. 26 35
9. 27 94
9. 28 93
9. 29 110
9. 30 77
9. 31 38
9. 32 38
9. 33 42
9. 34 98
9. 35 23
9. 36 37
9. 37 54
9. 38 16
9. 39 110
9. 40 67
9. 41 12
9. 42 87
9. 43 95
9. 44 39
9. 45 84
9. 46 72
9. 47 104
9. 48 97
9. 49 98
9. 50 39
9. 51 51
9. 52 104
9. 53 103
9. 54 79
9. 55 31
9. 56 52
9. 57 13
9. 58 17
9. 59 17
9. 60 70
9. 61 116
9. 62 45
9. 63 59
9. 64 62
9. 65 36
9. 66 19
9. 67 12
9. 68 91
9. 69 80
9. 70 38
9. 71 35
9. 72 38
9. 73 29
9. 74 56
9. 75 72
9. 76 26
9. 77 66
9. 78 42
9. 79 63
9. 80 55
9. 81 18
9. 82 25
9. 83 60
9. 84 106
9. 85 27
9. 86 33
9. 87 82
9. 88 74
9. 89 52
9. 90 24
9. 91 7
9. 92 21
9. 93 78
9. 94 22
9. 95 23
9. 96 89
9. 97 25
9. 98 67
9. 99 85
9. 100 82
9. 101 7
9. 102 75
9. 103 105
9. 104 32
9. 105 35
9. 106 113
9. 107 87
9. 108 117
9. 109 96
9. 110 41
9. 111 55
9. 112 35
9. 113 26
9. 114 106
9. 115 77
9. 116 63
9. 117 32
9. 118 114
9. 119 66
9. 120 96
9. 121 26
9. 122 24
9. 123 92
9. 124 113
9. 125 44
9. 126 104
9. 127 38
9. 128 14
9. 129 69
9. 130 22
9. 131 33
9. 132 37
9. 133 79
9. 134 59
9. 135 106
9. 136 14
9. 137 36
9. 138 72
9. 139 51
9. 140 14
9. 141 91
9. 142 71
9. 143 26
9. 144 66
9. 145 13
9. 146 110
9. 147 103
9. 148 41
9. 149 51
9. 150 81
9. 151 94
9. 152 34
9. 153 72
9. 154 20
9. 155 57
9. 156 66
9. 157 84
9. 158 13
9. 159 55
9. 160 64
9. 161 93
9. 162 59
9. 163 59
9. 164 115
9. 165 78
9. 166 43
9. 167 32
9. 168 39
9. 169 102
9. 170 101
9. 171 70
9. 172 58
9. 173 73
9. 174 42
9. 175 92
9. 176 95
9. 177 75
9. 178 38
9. 179 14
9. 180 53
9. 181 98
9. 182 51
9. 183 77
9. 184 80
9. 185 32
9. 186 105
9. 187 33
9. 188 76
9. 189 88
9. 190 11
9. 191 28
9. 192 59
9. 193 63
9. 194 48
9. 195 42
9. 196 67
9. 197 13
9. 198 47
9. 199 94
10. 0 36
10. 1 86
10. 2 64
10. 3 78
10. 4 35
10. 5 83
10. 6 79
10. 7 106
10. 8 74
10. 9 90
10. 10 25
10. 11 14
10. 12 26
10. 13 73
10. 14 53
10. 15 50
10. 16 38
10. 17 88
10. 18 86
10. 19 35
10. 20 107
10. 21 49
10. 22 88
10. 23 11
10. 24 91
10. 25 28
10. 26 106
10. 27 6
10. 28 37
10. 29 53
10. 30 26
10. 31 113
10. 32 65
10. 33 43
10. 34 31
10. 35 67
10. 36 49
10. 37 5
10. 38 60
10. 39 64
10. 40 35
10. 41 78
10. 42 17
10. 43 49
10. 44 101
10. 45 97
10. 46 66
10. 47 52
10. 48 45
10. 49 8
10. 50 44
10. 51 56
10. 52 18
10. 53 45
10. 54 66
10. 55 85
10. 56 24
10. 57 40
10. 58 66
10. 59 57
10. 60 80
10. 61 29
10. 62 106
10. 63 84
10. 64 98
10. 65 68
10. 66 87
10. 67 55
10. 68 94
10. 69 89
10. 70 94
10. 71 28
10. 72 37
10. 73 62
10. 74 72
10. 75 42
10. 76 50
10. 77 50
10. 78 62
10. 79 23
10. 80 10
10. 81 60
10. 82 89
10. 83 36
10. 84 79
10. 85 54
10. 86 102
10. 87 69
10. 88 79
10. 89 93
10. 90 35
10. 91 63
10. 92 7
10. 93 78
10. 94 106
10. 95 90
10. 96 100
10. 97 63
10. 98 51
10. 99 83
10. 100 37
10. 101 43
10. 102 24
10. 103 18
10. 104 54
10. 105 68
10. 106 82
10. 107 89
10. 108 40
10. 109 42
10. 110 87
10. 111 105
10. 112 75
10. 113 53
10. 114 105
10. 115 95
10. 116 33
10. 117 56
10. 118 44
10. 119 67
10. 120 100
10. 121 63
10. 122 88
10. 123 96
10. 124 79
10. 125 73
10. 126 55
10. 127 94
10. 128 52
10. 129 90
10. 130 74
10. 131 49
10. 132 56
10. 133 40
10. 134 104
10. 135 100
10. 136 73
10. 137 23
10. 138 31
10. 139 17
10. 140 87
10. 141 57
10. 142 19
10. 143 103
10. 144 93
10. 145 24
10. 146 91
10. 147 75
10. 148 36
10. 149 17
10. 150 94
10. 151 24
10. 152 34
10. 153 30
10. 154 95
10. 155 29
10. 156 49
10. 157 37
10. 158 42
10. 159 83
10. 160 61
10. 161 91
10. 162 59
10. 163 99
10. 164 7
10. 165 96
10. 166 40
10. 167 79
10. 168 30
10. 169 16
10. 170 13
10. 171 44
10. 172 41
10. 173 69
10. 174 48
10. 175 105
10. 176 94
10. 177 25
10. 178 14
10. 179 63
10. 180 98
10. 181 82
10. 182 23
10. 183 109
10. 184 54
10. 185 36
10. 186 120
10. 187 79
10. 188 83
10. 189 70
10. 190 20
10. 191 107
10. 192 70
10. 193 18
10. 194 81
10. 195 60
10. 196 50
10. 197 107
10. 198 75
10. 199 26
11. 0 58
11. 1 84
11. 2 80
11. 3 86
11. 4 25
11. 5 89
11. 6 78
11. 7 43
11. 8 33
11. 9 38
11. 10 38
11. 11 25
11. 12 58
11. 13 40
11. 14 18
11. 15 11
11. 16 86
11. 17 102
11. 18 58
11. 19 83
11. 20 21
11. 21 56
11. 22 59
11. 23 55
11. 24 38
11. 25 37
11. 26 29
11. 27 83
11. 28 104
11. 29 54
11. 30 36
11. 31 94
11. 32 42
11. 33 19
11. 34 50
11. 35 64
11. 36 35
11. 37 32
11. 38 43
11. 39 67
11. 40 104
11. 41 21
11. 42 35
11. 43 94
11. 44 89
11. 45 23
11. 46 58
11. 47 86
11. 48 93
11. 49 18
11. 50 54
11. 51 85
11. 52 73
11. 53 62
11. 54 101
11. 55 83
11. 56 48
11. 57 61
11. 58 63
11. 59 75
11. 60 39
11. 61 100
11. 62 92
11. 63 36
11. 64 54
11. 65 18
11. 66 99
11. 67 19
11. 68 97
11. 69 40
11. 70 50
11. 71 12
11. 72 50
11. 73 59
11. 74 114
11. 75 101
11. 76 37
11. 77 43
11. 78 55
11. 79 49
11. 80 65
11. 81 72
11. 82 111
11. 83 66
11. 84 105
11. 85 40
11. 86 99
11. 87 107
11. 88 4
11. 89 24
11. 90 116
11. 91 95
11. 92 15
11. 93 90
11. 94 19
11. 95 89
11. 96 46
11. 97 44
11. 98 72
11. 99 37
11. 100 92
11. 101 10
11. 102 61
11. 103 79
11. 104 28
11. 105 77
11. 106 73
11. 107 102
11. 108 60
11. 109 17
11. 110 50
11. 111 38
11. 112 7
11. 113 16
11. 114 80
11. 115 71
11. 116 91
11. 117 78
11. 118 80
11. 119 66
11. 120 38
11. 121 86
11. 122 73
11. 123 98
11. 124 108
11. 125 9
11. 126 86
11. 127 33
11. 128 117
11. 129 38
11. 130 67
11. 131 104
11. 132 111
11. 133 26
11. 134 47
11. 135 84
11. 136 88
11. 137 46
11. 138 43
11. 139 16
11. 140 69
11. 141 25
11. 142 19
11. 143 73
11. 144 56
11. 145 103
11. 146 46
11. 147 53
11. 148 61
11. 149 93
11. 150 103
11. 151 100
11. 152 115
11. 153 63
11. 154 114
11. 155 102
11. 156 65
11. 157 70
11. 158 15
11. 159 30
11. 160 63
11. 161 48
11. 162 77
11. 163 91
11. 164 102
11. 165 53
11. 166 74
11. 167 33
11. 168 71
11. 169 34
11. 170 90
11. 171 2
11. 172 8
11. 173 86
11. 174 71
11. 175 18
11. 176 104
11. 177 10
11. 178 47
11. 179 40
11. 180 117
11. 181 82
11. 182 78
11. 183 34
11. 184 113
11. 185 20
11. 186 46
11. 187 70
11. 188 45
11. 189 45
11. 190 101
11. 191 25
11. 192 67
11. 193 38
11. 194 46
11. 195 11
11. 196 81
11. 197 42
11. 198 80
11. 199 49
12. 0 72
12. 1 56
12. 2 51
12. 3 44
12. 4 92
12. 5 87
12. 6 88
12. 7 100
12. 8 90
12. 9 56
12. 10 70
12. 11 65
12. 12 32
12. 13 42
12. 14 92
12. 15 14
12. 16 102
12. 17 61
12. 18 77
12. 19 47
12. 20 59
12. 21 47
12. 22 12
12. 23 4
12. 24 30
12. 25 21
12. 26 87
12. 27 58
12. 28 77
12. 29 80
12. 30 36
12. 31 42
12. 32 36
12. 33 7
12. 34 114
12. 35 46
12. 36 9
12. 37 91
12. 38 102
12. 39 85
12. 40 51
12. 41 104
12. 42 102
12. 43 67
12. 44 71
12. 45 78
12. 46 20
12. 47 11
12. 48 66
12. 49 12
12. 50 58
12. 51 18
12. 52 54
12. 53 55
12. 54 66
12. 55 58
12. 56 100
12. 57 28
12. 58 51
12. 59 88
12. 60 35
12. 61 83
12. 62 103
12. 63 61
12. 64 64
12. 65 27
12. 66 21
12. 67 77
12. 68 61
12. 69 28
12. 70 20
12. 71 85
12. 72 114
12. 73 76
12. 74 75
12. 75 23
12. 76 35
12. 77 11
12. 78 91
12. 79 54
12. 80 19
12. 81 24
12. 82 100
12. 83 92
12. 84 25
12. 85 30
12. 86 56
12. 87 18
12. 88 44
12. 89 95
12. 90 21
12. 91 44
12. 92 109
12. 93 46
12. 94 97
12. 95 77
12. 96 46
12. 97 35
12. 98 67
12. 99 28
12. 100 39
12. 101 30
12. 102 118
12. 103 74
12. 104 38
12. 105 19
12. 106 58
12. 107 33
12. 108 54
12. 109 11
12. 110 26
12. 111 98
12. 112 31
12. 113 111
12. 114 22
12. 115 83
12. 116 82
12. 117 72
12. 118 47
12. 119 19
12. 120 37
12. 121 62
12. 122 47
12. 123 86
12. 124 105
12. 125 65
12. 126 86
12. 127 88
12. 128 67
12. 129 95
12. 130 99
12. 131 32
12. 132 10
12. 133 71
12. 134 30
12. 135 106
12. 136 75
12. 137 42
12. 138 49
12. 139 82
12. 140 94
12. 141 107
12. 142 59
12. 143 99
12. 144 21
12. 145 23
12. 146 37
12. 147 44
12. 148 67
12. 149 28
12. 150 34
12. 151 79
12. 152 85
12. 153 107
12. 154 36
12. 155 38
12. 156 66
12. 157 103
12. 158 71
12. 159 69
12. 160 103
12. 161 55
12. 162 95
12. 163 85
12. 164 53
12. 165 65
12. 166 78
12. 167 40
12. 168 71
12. 169 19
12. 170 42
12. 171 16
12. 172 89
12. 173 28
12. 174 57
12. 175 37
12. 176 21
12. 177 40
12. 178 13
12. 179 111
12. 180 95
12. 181 65
12. 182 30
12. 183 13
12. 184 53
12. 185 93
12. 186 8
12. 187 111
12. 188 82
12. 189 62
12. 190 24
12. 191 81
12. 192 24
12. 193 61
12. 194 67
12. 195 22
12. 196 17
12. 197 13
12. 198 116
12. 199 39
13. 0 63
13. 1 102
13. 2 82
13. 3 83
13. 4 68
13. 5 11
13. 6 101
13. 7 10
13. 8 38
13. 9 102
13. 10 105
13. 11 85
13. 12 91
13. 13 74
13. 14 95
13. 15 30
13. 16 52
13. 17 66
13. 18 94
13. 19 112
13. 20 80
13. 21 49
13. 22 28
13. 23 47
13. 24 112
13. 25 44
13. 26 42
13. 27 47
13. 28 67
13. 29 95
13. 30 75
13. 31 63
13. 32 42
13. 33 26
13. 34 65
13. 35 75
13. 36 54
13. 37 73
13. 38 78
13. 39 66
13. 40 69
13. 41 31
13. 42 65
13. 43 46
13. 44 97
13. 45 66
13. 46 24
13. 47 90
13. 48 89
13. 49 73
13. 50 18
13. 51 32
13. 52 36
13. 53 111
13. 54 65
13. 55 54
13. 56 80
13. 57 39
13. 58 53
13. 59 21
13. 60 17
13. 61 75
13. 62 96
13. 63 81
13. 64 27
13. 65 14
13. 66 62
13. 67 46
13. 68 59
13. 69 73
13. 70 75
13. 71 110
13. 72 46
13. 73 31
13. 74 15
13. 75 39
13. 76 25
13. 77 98
13. 78 25
13. 79 80
13. 80 82
13. 81 85
13. 82 55
13. 83 30
13. 84 22
13. 85 78
13. 86 23
13. 87 87
13. 88 95
13. 89 101
13. 90 53
13. 91 30
13. 92 17
13. 93 81
13. 94 91
13. 95 57
13. 96 34
13. 97 64
13. 98 57
13. 99 30
13. 100 91
13. 101 71
13. 102 50
13. 103 50
13. 104 110
13. 105 50
13. 106 52
13. 107 71
13. 108 57
13. 109 23
13. 110 14
13. 111 31
13. 112 22
13. 113 35
13. 114 74
13. 115 101
13. 116 19
13. 117 86
13. 118 64
13. 119 38
13. 120 77
13. 121 30
13. 122 80
13. 123 43
13. 124 66
13. 125 38
13. 126 46
13. 127 66
13. 128 53
13. 129 42
13. 130 102
13. 131 47
13. 132 27
13. 133 94
13. 134 107
13. 135 39
13. 136 57
13. 137 77
13. 138 104
13. 139 30
13. 140 71
13. 141 66
13. 142 49
13. 143 16
13. 144 93
13. 145 17
13. 146 78
13. 147 44
13. 148 104
13. 149 26
13. 150 85
13. 151 38
13. 152 56
13. 153 103
13. 154 31
13. 155 46
13. 156 98
13. 157 42
13. 158 19
13. 159 99
13. 160 41
13. 161 95
13. 162 105
13. 163 18
13. 164 59
13. 165 68
13. 166 13
13. 167 69
13. 168 55
13. 169 24
13. 170 91
13. 171 111
13. 172 98
13. 173 68
13. 174 91
13. 175 68
13. 176 71
13. 177 31
13. 178 38
13. 179 45
13. 180 101
13. 181 59
13. 182 52
13. 183 43
13. 184 38
13. 185 8
13. 186 32
13. 187 59
13. 188 98
13. 189 43
13. 190 83
13. 191 13
13. 192 112
13. 193 49
13. 194 88
13. 195 87
13. 196 94
13. 197 83
13. 198 17
13. 199 20
14. 0 44
14. 1 7
14. 2 86
14. 3 64
14. 4 37
14. 5 73
14. 6 77
14. 7 43
14. 8 45
14. 9 56
14. 10 101
14. 11 64
14. 12 94
14. 13 87
14. 14 46
14. 15 112
14. 16 19
14. 17 109
14. 18 41
14. 19 32
14. 20 86
14. 21 98
14. 22 100
14. 23 26
14. 24 88
14. 25 20
14. 26 62
14. 27 59
14. 28 22
14. 29 88
14. 30 50
14. 31 66
14. 32 98
14. 33 23
14. 34 53
14. 35 107
14. 36 25
14. 37 69
14. 38 38
14. 39 102
14. 40 34
14. 41 115
14. 42 106
14. 43 92
14. 44 93
14. 45 112
14. 46 42
14. 47 102
14. 48 87
14. 49 114
14. 50 33
14. 51 107
14. 52 112
14. 53 68
14. 54 24
14. 55 77
14. 56 29
14. 57 78
14. 58 92
14. 59 84
14. 60 78
14. 61 41
14. 62 68
14. 63 92
14. 64 62
14. 65 110
14. 66 94
14. 67 41
14. 68 69
14. 69 87
14. 70 34
14. 71 27
14. 72 14
14. 73 54
14. 74 84
14. 75 17
14. 76 4
14. 77 37
14. 78 101
14. 79 79
14. 80 66
14. 81 13
14. 82 30
14. 83 41
14. 84 58
14. 85 92
14. 86 27
14. 87 113
14. 88 104
14. 89 103
14. 90 14
14. 91 13
14. 92 60
14. 93 98
14. 94 105
14. 95 100
14. 96 13
14. 97 32
14. 98 77
14. 99 66
14. 100 47
14. 101 37
14. 102 22
14. 103 64
14. 104 30
14. 105 39
14. 106 40
14. 107 112
14. 108 105
14. 109 54
14. 110 24
14. 111 5
14. 112 88
14. 113 23
14. 114 89
14. 115 38
14. 116 80
14. 117 35
14. 118 47
14. 119 56
14. 120 15
14. 121 11
14. 122 21
14. 123 37
14. 124 22
14. 125 118
14. 126 62
14. 127 57
14. 128 22
14. 129 113
14. 130 65
14. 131 87
14. 132 51
14. 133 38
14. 134 28
14. 135 98
14. 136 80
14. 137 81
14. 138 109
14. 139 91
14. 140 46
14. 141 51
14. 142 61
14. 143 72
14. 144 20
14. 145 98
14. 146 100
14. 147 24
14. 148 68
14. 149 81
14. 150 79
14. 151 57
14. 152 17
14. 153 47
14. 154 13
14. 155 56
14. 156 71
14. 157 102
14. 158 37
14. 159 13
14. 160 93
14. 161 39
14. 162 33
14. 163 92
14. 164 48
14. 165 64
14. 166 92
14. 167 57
14. 168 15
14. 169 15
14. 170 19
14. 171 13
14. 172 49
14. 173 63
14. 174 71
14. 175 25
14. 176 41
14. 177 55
14. 178 23
14. 179 109
14. 180 43
14. 181 21
14. 182 68
14. 183 105
14. 184 117
14. 185 92
14. 186 88
14. 187 67
14. 188 67
14. 189 95
14. 190 60
14. 191 19
14. 192 20
14. 193 103
14. 194 71
14. 195 107
14. 196 112
14. 197 36
14. 198 87
14. 199 77
15. 0 40
15. 1 14
15. 2 92
15. 3 37
15. 4 90
15. 5 104
15. 6 76
15. 7 41
15. 8 105
15. 9 36
15. 10 116
15. 11 80
15. 12 34
15. 13 47
15. 14 53
15. 15 74
15. 16 115
15. 17 34
15. 18 49
15. 19 69
15. 20 79
15. 21 43
15. 22 11
15. 23 108
15. 24 70
15. 25 54
15. 26 38
15. 27 26
15. 28 72
15. 29 16
15. 30 75
15. 31 90
15. 32 50
15. 33 36
15. 34 42
15. 35 85
15. 36 54
15. 37 74
15. 38 78
15. 39 33
15. 40 13
15. 41 6
15. 42 41
15. 43 50
15. 44 71
15. 45 70
15. 46 105
15. 47 100
15. 48 104
15. 49 102
15. 50 58
15. 51 70
15. 52 33
15. 53 78
15. 54 84
15. 55 37
15. 56 66
15. 57 27
15. 58 108
15. 59 104
15. 60 34
15. 61 11
15. 62 96
15. 63 14
15. 64 53
15. 65 43
15. 66 15
15. 67 43
15. 68 26
15. 69 71
15. 70 78
15. 71 39
15. 72 25
15. 73 89
15. 74 82
15. 75 77
15. 76 90
15. 77 48
15. 78 87
15. 79 82
15. 80 88
15. 81 47
15. 82 69
15. 83 51
15. 84 83
15. 85 70
15. 86 86
15. 87 85
15. 88 60
15. 89 63
15. 90 67
15. 91 115
15. 92 90
15. 93 28
15. 94 17
15. 95 108
15. 96 111
15. 97 15
15. 98 90
15. 99 37
15. 100 54
15. 101 42
15. 102 72
15. 103 79
15. 104 26
15. 105 95
15. 106 67
15. 107 38
15. 108 62
15. 109 60
15. 110 13
15. 111 19
15. 112 22
15. 113 64
15. 114 46
15. 115 45
15. 116 61
15. 117 115
15. 118 57
15. 119 113
15. 120 16
15. 121 96
15. 122 52
15. 123 101
15. 124 65
15. 125 97
15. 126 102
15. 127 75
15. 128 118
15. 129 101
15. 130 38
15. 131 37
15. 132 64
15. 133 29
15. 134 63
15. 135 95
15. 136 62
15. 137 53
15. 138 83
15. 139 74
15. 140 32
15. 141 7
15. 142 96
15. 143 55
15. 144 21
15. 145 70
15. 146 65
15. 147 61
15. 148 85
15. 149 48
15. 150 6
15. 151 45
15. 152 93
15. 153 32
15. 154 53
15. 155 81
15. 156 101
15. 157 88
15. 158 65
15. 159 77
15. 160 19
15. 161 25
15. 162 20
15. 163 17
15. 164 56
15. 165 21
15. 166 48
15. 167 55
15. 168 24
15. 169 98
15. 170 106
15. 171 106
15. 172 53
15. 173 32
15. 174 53
15. 175 57
15. 176 104
15. 177 81
15. 178 37
15. 179 93
15. 180 71
15. 181 88
15. 182 20
15. 183 108
15. 184 42
15. 185 35
15. 186 55
15. 187 81
15. 188 11
15. 189 78
15. 190 94
15. 191 44
15. 192 71
15. 193 100
15. 194 97
15. 195 51
15. 196 98
15. 197 50
15. 198 19
15. 199 84
16. 0 80
16. 1 105
16. 2 25
16. 3 61
16. 4 35
16. 5 82
16. 6 18
16. 7 112
16. 8 26
16. 9 82
16. 10 64
16. 11 76
16. 12 25
16. 13 58
16. 14 74
16. 15 30
16. 16 85
16. 17 92
16. 18 71
16. 19 48
16. 20 77
16. 21 45
16. 22 47
16. 23 45
16. 24 50
16. 25 97
16. 26 54
16. 27 75
16. 28 73
16. 29 48
16. 30 78
16. 31 113
16. 32 29
16. 33 34
16. 34 62
16. 35 87
16. 36 20
16. 37 67
16. 38 77
16. 39 71
16. 40 34
16. 41 76
16. 42 102
16. 43 31
16. 44 5
16. 45 22
16. 46 17
16. 47 104
16. 48 58
16. 49 13
16. 50 112
16. 51 12
16. 52 97
16. 53 109
16. 54 118
16. 55 10
16. 56 53
16. 57 74
16. 58 34
16. 59 90
16. 60 36
16. 61 91
16. 62 40
16. 63 14
16. 64 42
16. 65 24
16. 66 52
16. 67 115
16. 68 99
16. 69 75
16. 70 69
16. 71 28
16. 72 69
16. 73 69
16. 74 78
16. 75 98
16. 76 64
16. 77 68
16. 78 90
16. 79 103
16. 80 68
16. 81 88
16. 82 37
16. 83 102
16. 84 40
16. 85 51
16. 86 10
16. 87 17
16. 88 21
16. 89 86
16. 90 11
16. 91 58
16. 92 36
16. 93 98
16. 94 32
16. 95 44
16. 96 85
16. 97 20
16. 98 39
16. 99 56
16. 100 77
16. 101 61
16. 102 25
16. 103 57
16. 104 22
16. 105 31
16. 106 71
16. 107 60
16. 108 104
16. 109 4
16. 110 67
16. 111 22
16. 112 36
16. 113 96
16. 114 58
16. 115 53
16. 116 89
16. 117 77
16. 118 40
16. 119 101
16. 120 81
16. 121 36
16. 122 49
16. 123 44
16. 124 31
16. 125 67
16. 126 16
16. 127 58
16. 128 92
16. 129 87
16. 130 86
16. 131 88
16. 132 34
16. 133 24
16. 134 109
16. 135 39
16. 136 59
16. 137 12
16. 138 56
16. 139 83
16. 140 22
16. 141 104
16. 142 36
16. 143 102
16. 144 35
16. 145 50
16. 146 23
16. 147 24
16. 148 96
16. 149 55
16. 150 80
16. 151 20
16. 152 33
16. 153 23
16. 154 50
16. 155 77
16. 156 54
16. 157 84
16. 158 85
16. 159 100
16. 160 34
16. 161 13
16. 162 83
16. 163 47
16. 164 101
16. 165 40
16. 166 54
16. 167 73
16. 168 36
16. 169 68
16. 170 14
16. 171 96
16. 172 87
16. 173 99
16. 174 15
16. 175 84
16. 176 90
16. 177 71
16. 178 27
16. 179 53
16. 180 51
16. 181 34
16. 182 50
16. 183 39
16. 184 93
16. 185 16
16. 186 82
16. 187 105
16. 188 31
16. 189 34
16. 190 62
16. 191 48
16. 192 12
16. 193 71
16. 194 94
16. 195 74
16. 196 78
16. 197 50
16. 198 11
16. 199 23
17. 0 63
17. 1 115
17. 2 65
17. 3 31
17. 4 20
17. 5 30
17. 6 74
17. 7 31
17. 8 59
17. 9 64
17. 10 65
17. 11 80
17. 12 52
17. 13 87
17. 14 25
17. 15 40
17. 16 25
17. 17 101
17. 18 69
17. 19 100
17. 20 60
17. 21 104
17. 22 86
17. 23 71
17. 24 80
17. 25 73
17. 26 57
17. 27 33
17. 28 105
17. 29 20
17. 30 20
17. 31 93
17. 32 44
17. 33 111
17. 34 39
17. 35 21
17. 36 77
17. 37 92
17. 38 101
17. 39 31
17. 40 35
17. 41 89
17. 42 55
17. 43 70
17. 44 73
17. 45 70
17. 46 71
17. 47 73
17. 48 28
17. 49 29
17. 50 70
17. 51 97
17. 52 69
17. 53 65
17. 54 68
17. 55 35
17. 56 25
17. 57 55
17. 58 80
17. 59 48
17. 60 89
17. 61 14
17. 62 55
17. 63 94
17. 64 32
17. 65 39
17. 66 57
17. 67 101
17. 68 81
17. 69 51
17. 70 90
17. 71 92
17. 72 36
17. 73 97
17. 74 17
17. 75 92
17. 76 94
17. 77 18
17. 78 50
17. 79 25
17. 80 53
17. 81 93
17. 82 11
17. 83 75
17. 84 63
17. 85 71
17. 86 29
17. 87 110
17. 88 87
17. 89 76
17. 90 26
17. 91 8
17. 92 89
17. 93 62
17. 94 102
17. 95 16
17. 96 74
17. 97 63
17. 98 17
17. 99 52
17. 100 32
17. 101 88
17. 102 28
17. 103 4
17. 104 41
17. 105 16
17. 106 36
17. 107 74
17. 108 76
17. 109 114
17. 110 114
17. 111 48
17. 112 62
17. 113 7
17. 114 74
17. 115 13
17. 116 115
17. 117 16
17. 118 6
17. 119 69
17. 120 57
17. 121 16
17. 122 29
17. 123 63
17. 124 40
17. 125 15
17. 126 37
17. 127 30
17. 128 71
17. 129 89
17. 130 42
17. 131 92
17. 132 62
17. 133 31
17. 134 79
17. 135 84
17. 136 76
17. 137 58
17. 138 34
17. 139 106
17. 140 108
17. 141 59
17. 142 25
17. 143 59
17. 144 35
17. 145 112
17. 146 33
17. 147 33
17. 148 73
17. 149 40
17. 150 86
17. 151 108
17. 152 99
17. 153 19
17. 154 55
17. 155 88
17. 156 66
17. 157 48
17. 158 115
17. 159 94
17. 160 56
17. 161 25
17. 162 56
17. 163 87
17. 164 56
17. 165 111
17. 166 78
17. 167 25
17. 168 103
17. 169 19
17. 170 23
17. 171 44
17. 172 70
17. 173 77
17. 174 2
17. 175 93
17. 176 97
17. 177 65
17. 178 74
17. 179 40
17. 180 79
17. 181 104
17. 182 30
17. 183 83
17. 184 89
17. 185 32
17. 186 4
17. 187 14
17. 188 87
17. 189 15
17. 190 115
17. 191 88
17. 192 51
17. 193 45
17. 194 49
17. 195 83
17. 196 7
17. 197 78
17. 198 69
17. 199 50
18. 0 13
18. 1 36
18. 2 50
18. 3 44
18. 4 57
18. 5 57
18. 6 54
18. 7 69
18. 8 92
18. 9 69
18. 10 16
18. 11 22
18. 12 45
18. 13 68
18. 14 29
18. 15 95
18. 16 17
18. 17 21
18. 18 88
18. 19 63
18. 20 33
18. 21 96
18. 22 15
18. 23 29
18. 24 97
18. 25 101
18. 26 47
18. 27 27
18. 28 106
18. 29 68
18. 30 33
18. 31 57
18. 32 54
18. 33 67
18. 34 112
18. 35 107
18. 36 77
18. 37 89
18. 38 26
18. 39 71
18. 40 30
18. 41 30
18. 42 89
18. 43 87
18. 44 34
18. 45 61
18. 46 69
18. 47 47
18. 48 44
18. 49 79
18. 50 11
18. 51 74
18. 52 48
18. 53 32
18. 54 65
18. 55 3
18. 56 21
18. 57 70
18. 58 87
18. 59 32
18. 60 15
18. 61 76
18. 62 60
18. 63 50
18. 64 103
18. 65 14
18. 66 40
18. 67 72
18. 68 71
18. 69 85
18. 70 28
18. 71 83
18. 72 18
18. 73 18
18. 74 37
18. 75 69
18. 76 65
18. 77 10
18. 78 9
18. 79 84
18. 80 106
18. 81 79
18. 82 30
18. 83 9
18. 84 86
18. 85 87
18. 86 62
18. 87 73
18. 88 5
18. 89 12
18. 90 98
18. 91 111
18. 92 87
18. 93 62
18. 94 75
18. 95 78
18. 96 48
18. 97 105
18. 98 37
18. 99 46
18. 100 85
18. 101 81
18. 102 50
18. 103 71
18. 104 77
18. 105 21
18. 106 118
18. 107 84
18. 108 8
18. 109 104
18. 110 58
18. 111 53
18. 112 48
18. 113 37
18. 114 54
18. 115 96
18. 116 77
18. 117 88
18. 118 63
18. 119 31
18. 120 85
18. 121 68
18. 122 64
18. 123 39
18. 124 108
18. 125 109
18. 126 73
18. 127 27
18. 128 95
18. 129 85
18. 130 39
18. 131 93
18. 132 111
18. 133 74
18. 134 51
18. 135 86
18. 136 96
18. 137 112
18. 138 78
18. 139 26
18. 140 68
18. 141 98
18. 142 120
18. 143 26
18. 144 88
18. 145 92
18. 146 86
18. 147 82
18. 148 100
18. 149 82
18. 150 33
18. 151 26
18. 152 29
18. 153 83
18. 154 80
18. 155 96
18. 156 77
18. 157 20
18. 158 85
18. 159 50
18. 160 19
18. 161 23
18. 162 33
18. 163 3
18. 164 61
18. 165 42
18. 166 43
18. 167 99
18. 168 79
18. 169 46
18. 170 61
18. 171 58
18. 172 55
18. 173 69
18. 174 86
18. 175 14
18. 176 81
18. 177 102
18. 178 77
18. 179 56
18. 180 28
18. 181 21
18. 182 29
18. 183 52
18. 184 15
18. 185 22
18. 186 113
18. 187 62
18. 188 45
18. 189 43
18. 190 92
18. 191 61
18. 192 86
18. 193 53
18. 194 80
18. 195 69
18. 196 46
18. 197 51
18. 198 91
18. 199 5
19. 0 82
19. 1 103
19. 2 39
19. 3 60
19. 4 80
19. 5 11
19. 6 10
19. 7 113
19. 8 108
19. 9 75
19. 10 58
19. 11 33
19. 12 30
19. 13 99
19. 14 21
19. 15 42
19. 16 37
19. 17 96
19. 18 82
19. 19 22
19. 20 36
19. 21 47
19. 22 47
19. 23 17
19. 24 58
19. 25 89
19. 26 34
19. 27 86
19. 28 48
19. 29 22
19. 30 51
19. 31 41
19. 32 73
19. 33 60
19. 34 17
19. 35 99
19. 36 23
19. 37 49
19. 38 48
19. 39 40
19. 40 88
19. 41 13
19. 42 27
19. 43 67
19. 44 22
19. 45 73
19. 46 76
19. 47 57
19. 48 38
19. 49 34
19. 50 41
19. 51 42
19. 52 88
19. 53 23
19. 54 37
19. 55 95
19. 56 46
19. 57 108
19. 58 60
19. 59 28
19. 60 21
19. 61 66
19. 62 34
19. 63 85
19. 64 35
19. 65 23
19. 66 77
19. 67 60
19. 68 96
19. 69 84
19. 70 76
19. 71 75
19. 72 88
19. 73 107
19. 74 94
19. 75 76
19. 76 33
19. 77 60
19. 78 48
19. 79 18
19. 80 97
19. 81 93
19. 82 13
19. 83 89
19. 84 89
19. 85 67
19. 86 61
19. 87 98
19. 88 39
19. 89 69
19. 90 35
19. 91 95
19. 92 13
19. 93 113
19. 94 42
19. 95 42
19. 96 79
19. 97 56
19. 98 28
19. 99 35
19. 100 43
19. 101 21
19. 102 55
19. 103 82
19. 104 31
19. 105 107
19. 106 25
19. 107 41
19. 108 110
19. 109 42
19. 110 25
19. 111 47
19. 112 23
19. 113 46
19. 114 78
19. 115 75
19. 116 19
19. 117 76
19. 118 31
19. 119 9
19. 120 52
19. 121 16
19. 122 71
19. 123 89
19. 124 83
19. 125 73
19. 126 88
19. 127 74
19. 128 72
19. 129 26
19. 130 73
19. 131 36
19. 132 43
19. 133 70
19. 134 66
19. 135 25
19. 136 71
19. 137 6
19. 138 56
19. 139 86
19. 140 45
19. 141 43
19. 142 8
19. 143 30
19. 144 77
19. 145 35
19. 146 84
19. 147 73
19. 148 72
19. 149 86
19. 150 91
19. 151 15
19. 152 76
19. 153 92
19. 154 70
19. 155 16
19. 156 42
19. 157 42
19. 158 81
19. 159 70
19. 160 32
19. 161 64
19. 162 71
19. 163 98
19. 164 87
19. 165 80
19. 166 79
19. 167 51
19. 168 75
19. 169 101
19. 170 97
19. 171 16
19. 172 49
19. 173 112
19. 174 11
19. 175 56
19. 176 77
19. 177 61
19. 178 34
19. 179 101
19. 180 56
19. 181 23
19. 182 56
19. 183 46
19. 184 54
19. 185 85
19. 186 109
19. 187 100
19. 188 35
19. 189 19
19. 190 19
19. 191 59
19. 192 71
19. 193 64
19. 194 28
19. 195 56
19. 196 56
19. 197 84
19. 198 75
19. 199 92
/;
parameter a(i,j)/
0. 0 62
0. 1 86
0. 2 64
0. 3 12
0. 4 10
0. 5 87
0. 6 10
0. 7 86
0. 8 27
0. 9 16
0. 10 89
0. 11 44
0. 12 21
0. 13 53
0. 14 93
0. 15 16
0. 16 85
0. 17 5
0. 18 24
0. 19 78
0. 20 63
0. 21 75
0. 22 6
0. 23 14
0. 24 87
0. 25 26
0. 26 19
0. 27 93
0. 28 29
0. 29 77
0. 30 88
0. 31 14
0. 32 92
0. 33 79
0. 34 21
0. 35 15
0. 36 87
0. 37 28
0. 38 21
0. 39 84
0. 40 14
0. 41 47
0. 42 60
0. 43 85
0. 44 96
0. 45 94
0. 46 47
0. 47 32
0. 48 97
0. 49 40
0. 50 80
0. 51 12
0. 52 49
0. 53 67
0. 54 7
0. 55 7
0. 56 36
0. 57 25
0. 58 96
0. 59 10
0. 60 60
0. 61 100
0. 62 24
0. 63 79
0. 64 28
0. 65 45
0. 66 100
0. 67 29
0. 68 89
0. 69 11
0. 70 26
0. 71 11
0. 72 65
0. 73 26
0. 74 1
0. 75 69
0. 76 99
0. 77 85
0. 78 98
0. 79 22
0. 80 63
0. 81 67
0. 82 93
0. 83 81
0. 84 57
0. 85 63
0. 86 83
0. 87 27
0. 88 30
0. 89 24
0. 90 80
0. 91 62
0. 92 69
0. 93 15
0. 94 12
0. 95 77
0. 96 69
0. 97 78
0. 98 18
0. 99 28
0. 100 51
0. 101 1
0. 102 71
0. 103 76
0. 104 20
0. 105 88
0. 106 9
0. 107 80
0. 108 43
0. 109 24
0. 110 13
0. 111 93
0. 112 39
0. 113 40
0. 114 22
0. 115 59
0. 116 53
0. 117 63
0. 118 100
0. 119 56
0. 120 15
0. 121 70
0. 122 64
0. 123 84
0. 124 47
0. 125 2
0. 126 87
0. 127 40
0. 128 26
0. 129 90
0. 130 75
0. 131 82
0. 132 68
0. 133 37
0. 134 40
0. 135 32
0. 136 29
0. 137 90
0. 138 68
0. 139 1
0. 140 99
0. 141 80
0. 142 97
0. 143 98
0. 144 88
0. 145 32
0. 146 8
0. 147 13
0. 148 61
0. 149 43
0. 150 57
0. 151 22
0. 152 44
0. 153 29
0. 154 23
0. 155 6
0. 156 47
0. 157 17
0. 158 20
0. 159 44
0. 160 18
0. 161 18
0. 162 54
0. 163 59
0. 164 95
0. 165 29
0. 166 50
0. 167 82
0. 168 51
0. 169 10
0. 170 47
0. 171 11
0. 172 1
0. 173 92
0. 174 87
0. 175 38
0. 176 85
0. 177 40
0. 178 79
0. 179 10
0. 180 66
0. 181 49
0. 182 89
0. 183 98
0. 184 81
0. 185 91
0. 186 17
0. 187 55
0. 188 80
0. 189 87
0. 190 16
0. 191 13
0. 192 72
0. 193 17
0. 194 25
0. 195 23
0. 196 45
0. 197 58
0. 198 51
0. 199 72
1. 0 53
1. 1 48
1. 2 99
1. 3 86
1. 4 40
1. 5 75
1. 6 55
1. 7 61
1. 8 12
1. 9 83
1. 10 44
1. 11 12
1. 12 12
1. 13 97
1. 14 63
1. 15 8
1. 16 100
1. 17 67
1. 18 91
1. 19 56
1. 20 17
1. 21 9
1. 22 15
1. 23 19
1. 24 27
1. 25 69
1. 26 40
1. 27 35
1. 28 93
1. 29 79
1. 30 30
1. 31 99
1. 32 14
1. 33 27
1. 34 59
1. 35 100
1. 36 65
1. 37 11
1. 38 9
1. 39 60
1. 40 63
1. 41 100
1. 42 1
1. 43 80
1. 44 1
1. 45 79
1. 46 82
1. 47 19
1. 48 81
1. 49 91
1. 50 73
1. 51 30
1. 52 90
1. 53 55
1. 54 90
1. 55 79
1. 56 30
1. 57 74
1. 58 38
1. 59 53
1. 60 70
1. 61 18
1. 62 6
1. 63 4
1. 64 20
1. 65 91
1. 66 49
1. 67 20
1. 68 88
1. 69 57
1. 70 89
1. 71 78
1. 72 38
1. 73 54
1. 74 27
1. 75 69
1. 76 95
1. 77 55
1. 78 84
1. 79 47
1. 80 17
1. 81 18
1. 82 78
1. 83 95
1. 84 86
1. 85 65
1. 86 51
1. 87 57
1. 88 37
1. 89 54
1. 90 41
1. 91 32
1. 92 69
1. 93 72
1. 94 34
1. 95 77
1. 96 68
1. 97 6
1. 98 74
1. 99 15
1. 100 77
1. 101 42
1. 102 72
1. 103 1
1. 104 50
1. 105 28
1. 106 88
1. 107 32
1. 108 18
1. 109 60
1. 110 41
1. 111 54
1. 112 9
1. 113 23
1. 114 3
1. 115 66
1. 116 57
1. 117 55
1. 118 39
1. 119 66
1. 120 14
1. 121 56
1. 122 54
1. 123 24
1. 124 41
1. 125 11
1. 126 2
1. 127 52
1. 128 63
1. 129 59
1. 130 25
1. 131 47
1. 132 62
1. 133 65
1. 134 66
1. 135 66
1. 136 18
1. 137 29
1. 138 32
1. 139 20
1. 140 49
1. 141 99
1. 142 58
1. 143 49
1. 144 68
1. 145 7
1. 146 30
1. 147 56
1. 148 9
1. 149 10
1. 150 31
1. 151 63
1. 152 36
1. 153 45
1. 154 68
1. 155 77
1. 156 97
1. 157 75
1. 158 34
1. 159 12
1. 160 21
1. 161 60
1. 162 76
1. 163 77
1. 164 30
1. 165 98
1. 166 16
1. 167 53
1. 168 72
1. 169 85
1. 170 92
1. 171 80
1. 172 29
1. 173 49
1. 174 75
1. 175 88
1. 176 13
1. 177 90
1. 178 26
1. 179 72
1. 180 11
1. 181 89
1. 182 40
1. 183 54
1. 184 89
1. 185 10
1. 186 59
1. 187 36
1. 188 8
1. 189 79
1. 190 86
1. 191 88
1. 192 66
1. 193 42
1. 194 85
1. 195 63
1. 196 29
1. 197 85
1. 198 100
1. 199 92
2. 0 53
2. 1 44
2. 2 85
2. 3 56
2. 4 58
2. 5 59
2. 6 68
2. 7 75
2. 8 73
2. 9 15
2. 10 41
2. 11 21
2. 12 90
2. 13 19
2. 14 10
2. 15 91
2. 16 66
2. 17 62
2. 18 86
2. 19 45
2. 20 2
2. 21 7
2. 22 52
2. 23 55
2. 24 32
2. 25 57
2. 26 96
2. 27 57
2. 28 66
2. 29 41
2. 30 32
2. 31 58
2. 32 8
2. 33 78
2. 34 13
2. 35 88
2. 36 96
2. 37 51
2. 38 44
2. 39 59
2. 40 86
2. 41 45
2. 42 10
2. 43 5
2. 44 33
2. 45 4
2. 46 22
2. 47 72
2. 48 70
2. 49 33
2. 50 92
2. 51 41
2. 52 69
2. 53 17
2. 54 57
2. 55 36
2. 56 62
2. 57 80
2. 58 35
2. 59 12
2. 60 7
2. 61 55
2. 62 59
2. 63 73
2. 64 96
2. 65 81
2. 66 61
2. 67 15
2. 68 60
2. 69 17
2. 70 49
2. 71 37
2. 72 2
2. 73 68
2. 74 54
2. 75 24
2. 76 85
2. 77 17
2. 78 90
2. 79 45
2. 80 15
2. 81 78
2. 82 7
2. 83 63
2. 84 57
2. 85 37
2. 86 62
2. 87 2
2. 88 9
2. 89 10
2. 90 15
2. 91 74
2. 92 78
2. 93 84
2. 94 63
2. 95 7
2. 96 84
2. 97 68
2. 98 1
2. 99 70
2. 100 30
2. 101 23
2. 102 59
2. 103 51
2. 104 77
2. 105 91
2. 106 76
2. 107 73
2. 108 53
2. 109 2
2. 110 64
2. 111 1
2. 112 22
2. 113 72
2. 114 42
2. 115 41
2. 116 73
2. 117 68
2. 118 61
2. 119 69
2. 120 35
2. 121 65
2. 122 32
2. 123 89
2. 124 65
2. 125 61
2. 126 59
2. 127 76
2. 128 49
2. 129 76
2. 130 87
2. 131 86
2. 132 42
2. 133 4
2. 134 87
2. 135 93
2. 136 78
2. 137 45
2. 138 64
2. 139 46
2. 140 100
2. 141 78
2. 142 27
2. 143 80
2. 144 22
2. 145 14
2. 146 94
2. 147 7
2. 148 86
2. 149 83
2. 150 85
2. 151 2
2. 152 10
2. 153 86
2. 154 67
2. 155 99
2. 156 10
2. 157 89
2. 158 98
2. 159 43
2. 160 77
2. 161 63
2. 162 58
2. 163 90
2. 164 93
2. 165 70
2. 166 79
2. 167 1
2. 168 80
2. 169 80
2. 170 92
2. 171 32
2. 172 51
2. 173 33
2. 174 95
2. 175 69
2. 176 58
2. 177 24
2. 178 45
2. 179 87
2. 180 21
2. 181 26
2. 182 97
2. 183 11
2. 184 17
2. 185 37
2. 186 83
2. 187 41
2. 188 19
2. 189 42
2. 190 66
2. 191 18
2. 192 64
2. 193 11
2. 194 37
2. 195 8
2. 196 39
2. 197 100
2. 198 16
2. 199 57
3. 0 70
3. 1 72
3. 2 16
3. 3 20
3. 4 89
3. 5 27
3. 6 22
3. 7 100
3. 8 79
3. 9 43
3. 10 61
3. 11 5
3. 12 63
3. 13 14
3. 14 94
3. 15 53
3. 16 45
3. 17 1
3. 18 32
3. 19 51
3. 20 53
3. 21 67
3. 22 80
3. 23 58
3. 24 14
3. 25 23
3. 26 33
3. 27 61
3. 28 96
3. 29 48
3. 30 13
3. 31 93
3. 32 42
3. 33 16
3. 34 78
3. 35 92
3. 36 57
3. 37 95
3. 38 94
3. 39 56
3. 40 44
3. 41 35
3. 42 91
3. 43 80
3. 44 59
3. 45 34
3. 46 11
3. 47 34
3. 48 93
3. 49 85
3. 50 45
3. 51 61
3. 52 37
3. 53 84
3. 54 96
3. 55 66
3. 56 43
3. 57 23
3. 58 37
3. 59 70
3. 60 38
3. 61 37
3. 62 21
3. 63 87
3. 64 100
3. 65 30
3. 66 3
3. 67 29
3. 68 58
3. 69 39
3. 70 31
3. 71 61
3. 72 24
3. 73 85
3. 74 70
3. 75 31
3. 76 13
3. 77 47
3. 78 12
3. 79 4
3. 80 71
3. 81 18
3. 82 42
3. 83 1
3. 84 51
3. 85 82
3. 86 100
3. 87 94
3. 88 74
3. 89 57
3. 90 27
3. 91 48
3. 92 100
3. 93 64
3. 94 23
3. 95 64
3. 96 58
3. 97 52
3. 98 3
3. 99 9
3. 100 52
3. 101 38
3. 102 89
3. 103 91
3. 104 95
3. 105 1
3. 106 17
3. 107 72
3. 108 89
3. 109 86
3. 110 100
3. 111 62
3. 112 96
3. 113 51
3. 114 24
3. 115 96
3. 116 38
3. 117 25
3. 118 15
3. 119 38
3. 120 39
3. 121 94
3. 122 63
3. 123 10
3. 124 76
3. 125 96
3. 126 38
3. 127 95
3. 128 38
3. 129 44
3. 130 71
3. 131 6
3. 132 62
3. 133 39
3. 134 57
3. 135 66
3. 136 46
3. 137 12
3. 138 35
3. 139 13
3. 140 9
3. 141 53
3. 142 11
3. 143 53
3. 144 96
3. 145 55
3. 146 79
3. 147 69
3. 148 97
3. 149 46
3. 150 98
3. 151 42
3. 152 82
3. 153 23
3. 154 91
3. 155 64
3. 156 18
3. 157 74
3. 158 18
3. 159 100
3. 160 74
3. 161 90
3. 162 87
3. 163 91
3. 164 67
3. 165 63
3. 166 59
3. 167 54
3. 168 74
3. 169 70
3. 170 12
3. 171 64
3. 172 57
3. 173 25
3. 174 14
3. 175 68
3. 176 9
3. 177 25
3. 178 78
3. 179 39
3. 180 88
3. 181 52
3. 182 39
3. 183 99
3. 184 54
3. 185 58
3. 186 40
3. 187 18
3. 188 39
3. 189 8
3. 190 51
3. 191 42
3. 192 6
3. 193 94
3. 194 14
3. 195 32
3. 196 7
3. 197 2
3. 198 53
3. 199 70
4. 0 86
4. 1 47
4. 2 19
4. 3 27
4. 4 75
4. 5 49
4. 6 13
4. 7 47
4. 8 80
4. 9 76
4. 10 75
4. 11 24
4. 12 32
4. 13 21
4. 14 65
4. 15 45
4. 16 16
4. 17 32
4. 18 26
4. 19 74
4. 20 11
4. 21 83
4. 22 57
4. 23 36
4. 24 86
4. 25 83
4. 26 99
4. 27 95
4. 28 80
4. 29 20
4. 30 32
4. 31 75
4. 32 98
4. 33 38
4. 34 13
4. 35 7
4. 36 65
4. 37 45
4. 38 48
4. 39 76
4. 40 65
4. 41 47
4. 42 12
4. 43 37
4. 44 7
4. 45 2
4. 46 36
4. 47 67
4. 48 39
4. 49 1
4. 50 45
4. 51 32
4. 52 65
4. 53 54
4. 54 95
4. 55 39
4. 56 74
4. 57 7
4. 58 75
4. 59 42
4. 60 47
4. 61 52
4. 62 23
4. 63 77
4. 64 34
4. 65 60
4. 66 34
4. 67 100
4. 68 86
4. 69 4
4. 70 91
4. 71 86
4. 72 30
4. 73 97
4. 74 13
4. 75 88
4. 76 51
4. 77 19
4. 78 44
4. 79 95
4. 80 3
4. 81 42
4. 82 81
4. 83 90
4. 84 90
4. 85 48
4. 86 52
4. 87 57
4. 88 40
4. 89 35
4. 90 58
4. 91 30
4. 92 24
4. 93 7
4. 94 88
4. 95 32
4. 96 29
4. 97 52
4. 98 8
4. 99 2
4. 100 60
4. 101 89
4. 102 50
4. 103 58
4. 104 48
4. 105 8
4. 106 85
4. 107 84
4. 108 61
4. 109 64
4. 110 20
4. 111 9
4. 112 97
4. 113 56
4. 114 2
4. 115 42
4. 116 38
4. 117 65
4. 118 55
4. 119 45
4. 120 64
4. 121 61
4. 122 49
4. 123 17
4. 124 88
4. 125 64
4. 126 22
4. 127 42
4. 128 28
4. 129 74
4. 130 45
4. 131 7
4. 132 66
4. 133 36
4. 134 67
4. 135 17
4. 136 5
4. 137 83
4. 138 22
4. 139 30
4. 140 95
4. 141 2
4. 142 26
4. 143 34
4. 144 20
4. 145 63
4. 146 58
4. 147 78
4. 148 17
4. 149 75
4. 150 62
4. 151 1
4. 152 33
4. 153 98
4. 154 33
4. 155 53
4. 156 77
4. 157 75
4. 158 55
4. 159 56
4. 160 84
4. 161 8
4. 162 37
4. 163 2
4. 164 42
4. 165 51
4. 166 19
4. 167 38
4. 168 92
4. 169 48
4. 170 3
4. 171 26
4. 172 69
4. 173 73
4. 174 59
4. 175 42
4. 176 80
4. 177 7
4. 178 87
4. 179 85
4. 180 97
4. 181 21
4. 182 66
4. 183 72
4. 184 45
4. 185 84
4. 186 81
4. 187 89
4. 188 85
4. 189 64
4. 190 52
4. 191 70
4. 192 59
4. 193 59
4. 194 63
4. 195 75
4. 196 87
4. 197 14
4. 198 15
4. 199 39
5. 0 13
5. 1 50
5. 2 87
5. 3 70
5. 4 58
5. 5 84
5. 6 51
5. 7 53
5. 8 95
5. 9 53
5. 10 7
5. 11 50
5. 12 4
5. 13 19
5. 14 96
5. 15 52
5. 16 9
5. 17 76
5. 18 45
5. 19 72
5. 20 70
5. 21 25
5. 22 11
5. 23 26
5. 24 26
5. 25 53
5. 26 86
5. 27 8
5. 28 59
5. 29 75
5. 30 100
5. 31 88
5. 32 79
5. 33 58
5. 34 22
5. 35 57
5. 36 97
5. 37 17
5. 38 68
5. 39 33
5. 40 91
5. 41 89
5. 42 25
5. 43 52
5. 44 26
5. 45 55
5. 46 14
5. 47 81
5. 48 40
5. 49 54
5. 50 64
5. 51 43
5. 52 44
5. 53 25
5. 54 67
5. 55 14
5. 56 66
5. 57 39
5. 58 52
5. 59 80
5. 60 75
5. 61 57
5. 62 55
5. 63 100
5. 64 13
5. 65 63
5. 66 38
5. 67 79
5. 68 82
5. 69 26
5. 70 10
5. 71 95
5. 72 4
5. 73 22
5. 74 30
5. 75 71
5. 76 11
5. 77 88
5. 78 15
5. 79 46
5. 80 65
5. 81 20
5. 82 62
5. 83 43
5. 84 83
5. 85 4
5. 86 86
5. 87 71
5. 88 71
5. 89 85
5. 90 94
5. 91 70
5. 92 12
5. 93 54
5. 94 93
5. 95 34
5. 96 44
5. 97 78
5. 98 50
5. 99 24
5. 100 65
5. 101 35
5. 102 13
5. 103 99
5. 104 81
5. 105 85
5. 106 93
5. 107 80
5. 108 64
5. 109 47
5. 110 32
5. 111 82
5. 112 18
5. 113 98
5. 114 44
5. 115 9
5. 116 20
5. 117 73
5. 118 72
5. 119 80
5. 120 39
5. 121 84
5. 122 26
5. 123 49
5. 124 4
5. 125 33
5. 126 61
5. 127 98
5. 128 13
5. 129 37
5. 130 57
5. 131 76
5. 132 60
5. 133 40
5. 134 46
5. 135 52
5. 136 75
5. 137 30
5. 138 75
5. 139 54
5. 140 51
5. 141 36
5. 142 29
5. 143 69
5. 144 46
5. 145 34
5. 146 3
5. 147 75
5. 148 47
5. 149 14
5. 150 59
5. 151 71
5. 152 82
5. 153 49
5. 154 49
5. 155 90
5. 156 47
5. 157 32
5. 158 43
5. 159 47
5. 160 69
5. 161 98
5. 162 43
5. 163 19
5. 164 39
5. 165 12
5. 166 11
5. 167 7
5. 168 52
5. 169 30
5. 170 16
5. 171 60
5. 172 96
5. 173 29
5. 174 6
5. 175 36
5. 176 2
5. 177 96
5. 178 15
5. 179 72
5. 180 18
5. 181 82
5. 182 19
5. 183 22
5. 184 18
5. 185 16
5. 186 47
5. 187 59
5. 188 97
5. 189 60
5. 190 56
5. 191 81
5. 192 71
5. 193 39
5. 194 76
5. 195 32
5. 196 34
5. 197 90
5. 198 48
5. 199 65
6. 0 85
6. 1 84
6. 2 44
6. 3 64
6. 4 85
6. 5 71
6. 6 98
6. 7 57
6. 8 49
6. 9 72
6. 10 38
6. 11 26
6. 12 42
6. 13 4
6. 14 57
6. 15 56
6. 16 75
6. 17 42
6. 18 89
6. 19 20
6. 20 66
6. 21 1
6. 22 49
6. 23 50
6. 24 88
6. 25 59
6. 26 8
6. 27 90
6. 28 37
6. 29 86
6. 30 29
6. 31 74
6. 32 57
6. 33 9
6. 34 70
6. 35 28
6. 36 59
6. 37 80
6. 38 72
6. 39 53
6. 40 61
6. 41 74
6. 42 20
6. 43 62
6. 44 93
6. 45 78
6. 46 13
6. 47 44
6. 48 91
6. 49 7
6. 50 28
6. 51 34
6. 52 29
6. 53 8
6. 54 10
6. 55 48
6. 56 97
6. 57 82
6. 58 77
6. 59 67
6. 60 99
6. 61 86
6. 62 59
6. 63 27
6. 64 61
6. 65 45
6. 66 88
6. 67 14
6. 68 24
6. 69 47
6. 70 31
6. 71 95
6. 72 19
6. 73 35
6. 74 87
6. 75 2
6. 76 99
6. 77 74
6. 78 60
6. 79 4
6. 80 14
6. 81 11
6. 82 2
6. 83 61
6. 84 17
6. 85 7
6. 86 59
6. 87 18
6. 88 84
6. 89 52
6. 90 2
6. 91 31
6. 92 28
6. 93 45
6. 94 81
6. 95 66
6. 96 98
6. 97 55
6. 98 79
6. 99 76
6. 100 40
6. 101 33
6. 102 13
6. 103 96
6. 104 16
6. 105 11
6. 106 54
6. 107 64
6. 108 50
6. 109 34
6. 110 6
6. 111 1
6. 112 99
6. 113 78
6. 114 32
6. 115 53
6. 116 23
6. 117 95
6. 118 49
6. 119 47
6. 120 47
6. 121 34
6. 122 91
6. 123 50
6. 124 95
6. 125 92
6. 126 70
6. 127 80
6. 128 80
6. 129 21
6. 130 7
6. 131 68
6. 132 30
6. 133 72
6. 134 89
6. 135 19
6. 136 53
6. 137 77
6. 138 18
6. 139 63
6. 140 97
6. 141 73
6. 142 96
6. 143 46
6. 144 14
6. 145 52
6. 146 26
6. 147 64
6. 148 98
6. 149 42
6. 150 69
6. 151 73
6. 152 91
6. 153 16
6. 154 33
6. 155 87
6. 156 29
6. 157 26
6. 158 35
6. 159 2
6. 160 27
6. 161 52
6. 162 20
6. 163 40
6. 164 74
6. 165 68
6. 166 65
6. 167 73
6. 168 40
6. 169 34
6. 170 62
6. 171 10
6. 172 46
6. 173 77
6. 174 4
6. 175 97
6. 176 32
6. 177 1
6. 178 73
6. 179 41
6. 180 53
6. 181 89
6. 182 42
6. 183 77
6. 184 32
6. 185 9
6. 186 1
6. 187 3
6. 188 17
6. 189 19
6. 190 21
6. 191 15
6. 192 69
6. 193 73
6. 194 52
6. 195 40
6. 196 14
6. 197 100
6. 198 82
6. 199 15
7. 0 96
7. 1 1
7. 2 51
7. 3 14
7. 4 66
7. 5 2
7. 6 44
7. 7 61
7. 8 39
7. 9 13
7. 10 49
7. 11 30
7. 12 59
7. 13 49
7. 14 27
7. 15 88
7. 16 93
7. 17 43
7. 18 56
7. 19 54
7. 20 7
7. 21 16
7. 22 7
7. 23 48
7. 24 46
7. 25 34
7. 26 19
7. 27 11
7. 28 50
7. 29 17
7. 30 14
7. 31 47
7. 32 51
7. 33 22
7. 34 38
7. 35 82
7. 36 85
7. 37 80
7. 38 60
7. 39 88
7. 40 29
7. 41 99
7. 42 13
7. 43 74
7. 44 45
7. 45 8
7. 46 14
7. 47 84
7. 48 8
7. 49 72
7. 50 39
7. 51 94
7. 52 7
7. 53 31
7. 54 5
7. 55 75
7. 56 6
7. 57 8
7. 58 23
7. 59 94
7. 60 39
7. 61 39
7. 62 69
7. 63 19
7. 64 44
7. 65 60
7. 66 56
7. 67 14
7. 68 88
7. 69 11
7. 70 33
7. 71 77
7. 72 5
7. 73 90
7. 74 10
7. 75 12
7. 76 99
7. 77 23
7. 78 30
7. 79 87
7. 80 21
7. 81 72
7. 82 78
7. 83 76
7. 84 82
7. 85 52
7. 86 62
7. 87 20
7. 88 7
7. 89 87
7. 90 50
7. 91 27
7. 92 2
7. 93 60
7. 94 92
7. 95 28
7. 96 22
7. 97 2
7. 98 26
7. 99 12
7. 100 22
7. 101 69
7. 102 77
7. 103 76
7. 104 80
7. 105 42
7. 106 67
7. 107 80
7. 108 71
7. 109 23
7. 110 36
7. 111 68
7. 112 85
7. 113 40
7. 114 85
7. 115 45
7. 116 57
7. 117 39
7. 118 61
7. 119 52
7. 120 17
7. 121 86
7. 122 71
7. 123 44
7. 124 15
7. 125 44
7. 126 61
7. 127 16
7. 128 43
7. 129 56
7. 130 51
7. 131 71
7. 132 92
7. 133 98
7. 134 41
7. 135 76
7. 136 75
7. 137 29
7. 138 96
7. 139 10
7. 140 67
7. 141 7
7. 142 26
7. 143 44
7. 144 61
7. 145 94
7. 146 57
7. 147 48
7. 148 19
7. 149 23
7. 150 18
7. 151 87
7. 152 12
7. 153 43
7. 154 40
7. 155 77
7. 156 18
7. 157 29
7. 158 87
7. 159 76
7. 160 73
7. 161 53
7. 162 20
7. 163 84
7. 164 62
7. 165 18
7. 166 9
7. 167 17
7. 168 24
7. 169 52
7. 170 96
7. 171 34
7. 172 55
7. 173 50
7. 174 31
7. 175 77
7. 176 21
7. 177 77
7. 178 73
7. 179 26
7. 180 11
7. 181 6
7. 182 82
7. 183 87
7. 184 80
7. 185 17
7. 186 96
7. 187 53
7. 188 5
7. 189 22
7. 190 17
7. 191 43
7. 192 89
7. 193 43
7. 194 6
7. 195 42
7. 196 58
7. 197 15
7. 198 98
7. 199 86
8. 0 65
8. 1 28
8. 2 46
8. 3 76
8. 4 62
8. 5 95
8. 6 13
8. 7 80
8. 8 45
8. 9 50
8. 10 99
8. 11 16
8. 12 37
8. 13 64
8. 14 40
8. 15 64
8. 16 15
8. 17 88
8. 18 63
8. 19 99
8. 20 33
8. 21 4
8. 22 32
8. 23 2
8. 24 76
8. 25 2
8. 26 65
8. 27 31
8. 28 62
8. 29 52
8. 30 59
8. 31 16
8. 32 51
8. 33 1
8. 34 13
8. 35 62
8. 36 73
8. 37 59
8. 38 71
8. 39 10
8. 40 24
8. 41 99
8. 42 84
8. 43 55
8. 44 61
8. 45 44
8. 46 9
8. 47 73
8. 48 22
8. 49 59
8. 50 49
8. 51 36
8. 52 19
8. 53 28
8. 54 48
8. 55 84
8. 56 28
8. 57 24
8. 58 40
8. 59 34
8. 60 17
8. 61 60
8. 62 81
8. 63 87
8. 64 39
8. 65 33
8. 66 47
8. 67 11
8. 68 33
8. 69 29
8. 70 38
8. 71 70
8. 72 57
8. 73 30
8. 74 61
8. 75 75
8. 76 5
8. 77 64
8. 78 44
8. 79 19
8. 80 15
8. 81 55
8. 82 46
8. 83 83
8. 84 36
8. 85 17
8. 86 14
8. 87 67
8. 88 50
8. 89 27
8. 90 56
8. 91 34
8. 92 26
8. 93 46
8. 94 83
8. 95 27
8. 96 100
8. 97 10
8. 98 83
8. 99 42
8. 100 47
8. 101 68
8. 102 80
8. 103 13
8. 104 53
8. 105 71
8. 106 49
8. 107 5
8. 108 50
8. 109 15
8. 110 33
8. 111 52
8. 112 19
8. 113 22
8. 114 31
8. 115 56
8. 116 19
8. 117 68
8. 118 13
8. 119 76
8. 120 55
8. 121 51
8. 122 23
8. 123 6
8. 124 50
8. 125 84
8. 126 20
8. 127 8
8. 128 12
8. 129 40
8. 130 39
8. 131 67
8. 132 78
8. 133 5
8. 134 98
8. 135 37
8. 136 30
8. 137 74
8. 138 50
8. 139 70
8. 140 39
8. 141 59
8. 142 97
8. 143 69
8. 144 67
8. 145 28
8. 146 65
8. 147 68
8. 148 61
8. 149 49
8. 150 65
8. 151 82
8. 152 67
8. 153 56
8. 154 36
8. 155 26
8. 156 10
8. 157 24
8. 158 82
8. 159 53
8. 160 62
8. 161 52
8. 162 17
8. 163 98
8. 164 51
8. 165 45
8. 166 28
8. 167 86
8. 168 15
8. 169 9
8. 170 51
8. 171 94
8. 172 71
8. 173 31
8. 174 94
8. 175 15
8. 176 100
8. 177 65
8. 178 92
8. 179 28
8. 180 17
8. 181 99
8. 182 23
8. 183 4
8. 184 17
8. 185 27
8. 186 74
8. 187 65
8. 188 86
8. 189 86
8. 190 93
8. 191 29
8. 192 48
8. 193 97
8. 194 7
8. 195 44
8. 196 48
8. 197 64
8. 198 41
8. 199 53
9. 0 47
9. 1 72
9. 2 23
9. 3 96
9. 4 7
9. 5 37
9. 6 15
9. 7 81
9. 8 72
9. 9 43
9. 10 44
9. 11 42
9. 12 97
9. 13 30
9. 14 73
9. 15 7
9. 16 48
9. 17 68
9. 18 100
9. 19 91
9. 20 18
9. 21 62
9. 22 11
9. 23 51
9. 24 76
9. 25 48
9. 26 80
9. 27 9
9. 28 11
9. 29 10
9. 30 40
9. 31 77
9. 32 71
9. 33 79
9. 34 21
9. 35 92
9. 36 66
9. 37 56
9. 38 85
9. 39 5
9. 40 42
9. 41 96
9. 42 33
9. 43 14
9. 44 74
9. 45 26
9. 46 37
9. 47 4
9. 48 10
9. 49 5
9. 50 62
9. 51 68
9. 52 5
9. 53 16
9. 54 29
9. 55 80
9. 56 62
9. 57 99
9. 58 92
9. 59 95
9. 60 41
9. 61 1
9. 62 64
9. 63 43
9. 64 42
9. 65 66
9. 66 86
9. 67 98
9. 68 28
9. 69 36
9. 70 64
9. 71 72
9. 72 81
9. 73 82
9. 74 59
9. 75 44
9. 76 78
9. 77 42
9. 78 70
9. 79 54
9. 80 64
9. 81 89
9. 82 92
9. 83 60
9. 84 6
9. 85 85
9. 86 74
9. 87 24
9. 88 32
9. 89 69
9. 90 84
9. 91 100
9. 92 99
9. 93 30
9. 94 87
9. 95 84
9. 96 27
9. 97 95
9. 98 42
9. 99 21
9. 100 29
9. 101 100
9. 102 46
9. 103 13
9. 104 70
9. 105 76
9. 106 4
9. 107 30
9. 108 1
9. 109 6
9. 110 65
9. 111 62
9. 112 79
9. 113 89
9. 114 6
9. 115 24
9. 116 39
9. 117 75
9. 118 7
9. 119 39
9. 120 19
9. 121 95
9. 122 81
9. 123 20
9. 124 5
9. 125 60
9. 126 15
9. 127 80
9. 128 99
9. 129 46
9. 130 97
9. 131 71
9. 132 68
9. 133 42
9. 134 61
9. 135 8
9. 136 98
9. 137 80
9. 138 36
9. 139 64
9. 140 92
9. 141 17
9. 142 44
9. 143 82
9. 144 35
9. 145 98
9. 146 6
9. 147 16
9. 148 80
9. 149 66
9. 150 24
9. 151 27
9. 152 68
9. 153 37
9. 154 92
9. 155 47
9. 156 40
9. 157 25
9. 158 91
9. 159 56
9. 160 42
9. 161 23
9. 162 45
9. 163 50
9. 164 2
9. 165 27
9. 166 69
9. 167 82
9. 168 64
9. 169 14
9. 170 7
9. 171 38
9. 172 61
9. 173 45
9. 174 67
9. 175 14
9. 176 20
9. 177 31
9. 178 77
9. 179 89
9. 180 66
9. 181 11
9. 182 56
9. 183 36
9. 184 33
9. 185 79
9. 186 12
9. 187 71
9. 188 41
9. 189 33
9. 190 91
9. 191 86
9. 192 50
9. 193 52
9. 194 62
9. 195 60
9. 196 46
9. 197 93
9. 198 71
9. 199 8
10. 0 75
10. 1 21
10. 2 51
10. 3 39
10. 4 76
10. 5 34
10. 6 28
10. 7 3
10. 8 33
10. 9 23
10. 10 88
10. 11 92
10. 12 94
10. 13 32
10. 14 66
10. 15 64
10. 16 76
10. 17 25
10. 18 18
10. 19 78
10. 20 8
10. 21 63
10. 22 26
10. 23 90
10. 24 25
10. 25 79
10. 26 11
10. 27 99
10. 28 77
10. 29 49
10. 30 95
10. 31 4
10. 32 49
10. 33 67
10. 34 90
10. 35 53
10. 36 65
10. 37 98
10. 38 54
10. 39 45
10. 40 80
10. 41 34
10. 42 93
10. 43 71
10. 44 18
10. 45 24
10. 46 53
10. 47 51
10. 48 69
10. 49 100
10. 50 73
10. 51 50
10. 52 97
10. 53 65
10. 54 40
10. 55 35
10. 56 80
10. 57 74
10. 58 38
10. 59 61
10. 60 30
10. 61 77
10. 62 10
10. 63 37
10. 64 13
10. 65 40
10. 66 29
10. 67 60
10. 68 15
10. 69 25
10. 70 7
10. 71 78
10. 72 78
10. 73 42
10. 74 31
10. 75 71
10. 76 54
10. 77 56
10. 78 52
10. 79 89
10. 80 94
10. 81 53
10. 82 24
10. 83 67
10. 84 26
10. 85 62
10. 86 13
10. 87 34
10. 88 34
10. 89 28
10. 90 73
10. 91 38
10. 92 99
10. 93 28
10. 94 15
10. 95 20
10. 96 3
10. 97 47
10. 98 56
10. 99 38
10. 100 74
10. 101 72
10. 102 85
10. 103 91
10. 104 53
10. 105 51
10. 106 24
10. 107 29
10. 108 75
10. 109 65
10. 110 29
10. 111 14
10. 112 42
10. 113 54
10. 114 2
10. 115 7
10. 116 72
10. 117 49
10. 118 59
10. 119 50
10. 120 21
10. 121 53
10. 122 32
10. 123 19
10. 124 37
10. 125 30
10. 126 46
10. 127 13
10. 128 65
10. 129 20
10. 130 46
10. 131 64
10. 132 47
10. 133 71
10. 134 17
10. 135 17
10. 136 41
10. 137 83
10. 138 79
10. 139 84
10. 140 15
10. 141 64
10. 142 86
10. 143 8
10. 144 13
10. 145 94
10. 146 23
10. 147 43
10. 148 70
10. 149 91
10. 150 25
10. 151 88
10. 152 78
10. 153 85
10. 154 13
10. 155 88
10. 156 58
10. 157 77
10. 158 71
10. 159 23
10. 160 53
10. 161 12
10. 162 55
10. 163 8
10. 164 99
10. 165 23
10. 166 70
10. 167 38
10. 168 87
10. 169 85
10. 170 88
10. 171 69
10. 172 67
10. 173 33
10. 174 61
10. 175 3
10. 176 16
10. 177 87
10. 178 87
10. 179 44
10. 180 15
10. 181 28
10. 182 95
10. 183 4
10. 184 56
10. 185 79
10. 186 1
10. 187 28
10. 188 35
10. 189 39
10. 190 94
10. 191 3
10. 192 32
10. 193 96
10. 194 27
10. 195 41
10. 196 57
10. 197 3
10. 198 42
10. 199 81
11. 0 44
11. 1 23
11. 2 27
11. 3 15
11. 4 83
11. 5 30
11. 6 23
11. 7 75
11. 8 71
11. 9 68
11. 10 79
11. 11 80
11. 12 62
11. 13 69
11. 14 85
11. 15 100
11. 16 15
11. 17 16
11. 18 62
11. 19 18
11. 20 99
11. 21 57
11. 22 53
11. 23 54
11. 24 76
11. 25 70
11. 26 87
11. 27 26
11. 28 3
11. 29 57
11. 30 69
11. 31 21
11. 32 76
11. 33 88
11. 34 56
11. 35 50
11. 36 74
11. 37 79
11. 38 78
11. 39 48
11. 40 6
11. 41 96
11. 42 67
11. 43 13
11. 44 25
11. 45 96
11. 46 47
11. 47 22
11. 48 21
11. 49 94
11. 50 51
11. 51 34
11. 52 42
11. 53 43
11. 54 20
11. 55 24
11. 56 68
11. 57 52
11. 58 47
11. 59 29
11. 60 82
11. 61 2
11. 62 18
11. 63 80
11. 64 57
11. 65 91
11. 66 20
11. 67 97
11. 68 12
11. 69 79
11. 70 65
11. 71 94
11. 72 59
11. 73 48
11. 74 5
11. 75 5
11. 76 77
11. 77 63
11. 78 65
11. 79 66
11. 80 52
11. 81 36
11. 82 3
11. 83 49
11. 84 14
11. 85 81
11. 86 2
11. 87 6
11. 88 100
11. 89 82
11. 90 3
11. 91 7
11. 92 97
11. 93 29
11. 94 92
11. 95 27
11. 96 68
11. 97 65
11. 98 47
11. 99 78
11. 100 27
11. 101 100
11. 102 59
11. 103 29
11. 104 77
11. 105 28
11. 106 29
11. 107 15
11. 108 52
11. 109 97
11. 110 60
11. 111 75
11. 112 96
11. 113 86
11. 114 40
11. 115 33
11. 116 25
11. 117 28
11. 118 41
11. 119 42
11. 120 74
11. 121 22
11. 122 34
11. 123 17
11. 124 10
11. 125 100
11. 126 29
11. 127 76
11. 128 1
11. 129 65
11. 130 51
11. 131 12
11. 132 9
11. 133 86
11. 134 67
11. 135 20
11. 136 16
11. 137 56
11. 138 63
11. 139 96
11. 140 40
11. 141 94
11. 142 87
11. 143 37
11. 144 50
11. 145 11
11. 146 66
11. 147 51
11. 148 45
11. 149 12
11. 150 11
11. 151 21
11. 152 1
11. 153 57
11. 154 3
11. 155 13
11. 156 42
11. 157 47
11. 158 99
11. 159 91
11. 160 57
11. 161 67
11. 162 29
11. 163 12
11. 164 6
11. 165 49
11. 166 33
11. 167 76
11. 168 43
11. 169 79
11. 170 12
11. 171 100
11. 172 93
11. 173 24
11. 174 34
11. 175 87
11. 176 17
11. 177 97
11. 178 73
11. 179 68
11. 180 3
11. 181 32
11. 182 23
11. 183 76
11. 184 2
11. 185 91
11. 186 61
11. 187 45
11. 188 76
11. 189 76
11. 190 10
11. 191 79
11. 192 46
11. 193 71
11. 194 64
11. 195 92
11. 196 27
11. 197 76
11. 198 33
11. 199 57
12. 0 32
12. 1 63
12. 2 68
12. 3 77
12. 4 23
12. 5 28
12. 6 25
12. 7 9
12. 8 15
12. 9 56
12. 10 35
12. 11 44
12. 12 86
12. 13 61
12. 14 20
12. 15 90
12. 16 7
12. 17 53
12. 18 39
12. 19 59
12. 20 51
12. 21 65
12. 22 100
12. 23 98
12. 24 89
12. 25 98
12. 26 23
12. 27 59
12. 28 41
12. 29 24
12. 30 78
12. 31 67
12. 32 68
12. 33 96
12. 34 4
12. 35 72
12. 36 99
12. 37 21
12. 38 16
12. 39 32
12. 40 67
12. 41 17
12. 42 9
12. 43 35
12. 44 43
12. 45 42
12. 46 81
12. 47 91
12. 48 55
12. 49 92
12. 50 55
12. 51 100
12. 52 67
12. 53 63
12. 54 46
12. 55 50
12. 56 15
12. 57 90
12. 58 56
12. 59 20
12. 60 73
12. 61 23
12. 62 15
12. 63 59
12. 64 46
12. 65 90
12. 66 81
12. 67 26
12. 68 51
12. 69 86
12. 70 99
12. 71 32
12. 72 7
12. 73 36
12. 74 40
12. 75 97
12. 76 80
12. 77 91
12. 78 20
12. 79 55
12. 80 95
12. 81 80
12. 82 10
12. 83 9
12. 84 83
12. 85 91
12. 86 55
12. 87 85
12. 88 61
12. 89 11
12. 90 97
12. 91 77
12. 92 12
12. 93 75
12. 94 24
12. 95 32
12. 96 68
12. 97 76
12. 98 42
12. 99 80
12. 100 68
12. 101 81
12. 102 2
12. 103 32
12. 104 78
12. 105 87
12. 106 54
12. 107 80
12. 108 63
12. 109 95
12. 110 83
12. 111 5
12. 112 84
12. 113 9
12. 114 91
12. 115 23
12. 116 19
12. 117 42
12. 118 72
12. 119 100
12. 120 77
12. 121 47
12. 122 68
12. 123 29
12. 124 2
12. 125 53
12. 126 18
12. 127 32
12. 128 48
12. 129 10
12. 130 16
12. 131 69
12. 132 98
12. 133 34
12. 134 84
12. 135 3
12. 136 34
12. 137 68
12. 138 64
12. 139 32
12. 140 18
12. 141 14
12. 142 53
12. 143 9
12. 144 91
12. 145 97
12. 146 67
12. 147 77
12. 148 52
12. 149 80
12. 150 75
12. 151 37
12. 152 19
12. 153 8
12. 154 72
12. 155 73
12. 156 50
12. 157 2
12. 158 48
12. 159 51
12. 160 8
12. 161 66
12. 162 15
12. 163 26
12. 164 49
12. 165 48
12. 166 40
12. 167 62
12. 168 35
12. 169 97
12. 170 65
12. 171 97
12. 172 30
12. 173 79
12. 174 45
12. 175 84
12. 176 93
12. 177 78
12. 178 94
12. 179 2
12. 180 19
12. 181 43
12. 182 74
12. 183 89
12. 184 54
12. 185 22
12. 186 97
12. 187 1
12. 188 19
12. 189 40
12. 190 96
12. 191 30
12. 192 78
12. 193 43
12. 194 37
12. 195 82
12. 196 88
12. 197 93
12. 198 1
12. 199 71
13. 0 54
13. 1 15
13. 2 38
13. 3 18
13. 4 44
13. 5 93
13. 6 9
13. 7 94
13. 8 74
13. 9 13
13. 10 11
13. 11 26
13. 12 18
13. 13 38
13. 14 17
13. 15 91
13. 16 58
13. 17 42
13. 18 16
13. 19 4
13. 20 35
13. 21 55
13. 22 80
13. 23 54
13. 24 1
13. 25 62
13. 26 61
13. 27 62
13. 28 41
13. 29 15
13. 30 29
13. 31 43
13. 32 70
13. 33 87
13. 34 48
13. 35 32
13. 36 63
13. 37 31
13. 38 32
13. 39 47
13. 40 32
13. 41 81
13. 42 41
13. 43 75
13. 44 4
13. 45 47
13. 46 86
13. 47 28
13. 48 16
13. 49 42
13. 50 86
13. 51 70
13. 52 80
13. 53 9
13. 54 52
13. 55 57
13. 56 26
13. 57 63
13. 58 55
13. 59 91
13. 60 95
13. 61 30
13. 62 23
13. 63 34
13. 64 75
13. 65 95
13. 66 45
13. 67 75
13. 68 51
13. 69 40
13. 70 31
13. 71 1
13. 72 70
13. 73 87
13. 74 93
13. 75 70
13. 76 92
13. 77 21
13. 78 94
13. 79 31
13. 80 24
13. 81 17
13. 82 48
13. 83 80
13. 84 97
13. 85 34
13. 86 98
13. 87 19
13. 88 13
13. 89 11
13. 90 68
13. 91 89
13. 92 94
13. 93 26
13. 94 14
13. 95 50
13. 96 68
13. 97 47
13. 98 61
13. 99 79
13. 100 29
13. 101 39
13. 102 60
13. 103 59
13. 104 4
13. 105 54
13. 106 58
13. 107 31
13. 108 59
13. 109 86
13. 110 93
13. 111 78
13. 112 85
13. 113 85
13. 114 29
13. 115 17
13. 116 89
13. 117 34
13. 118 39
13. 119 67
13. 120 30
13. 121 90
13. 122 35
13. 123 73
13. 124 43
13. 125 64
13. 126 71
13. 127 41
13. 128 57
13. 129 72
13. 130 15
13. 131 74
13. 132 81
13. 133 17
13. 134 9
13. 135 72
13. 136 56
13. 137 29
13. 138 12
13. 139 74
13. 140 38
13. 141 36
13. 142 65
13. 143 93
13. 144 13
13. 145 85
13. 146 38
13. 147 57
13. 148 16
13. 149 88
13. 150 31
13. 151 76
13. 152 58
13. 153 9
13. 154 74
13. 155 59
13. 156 6
13. 157 75
13. 158 95
13. 159 5
13. 160 61
13. 161 19
13. 162 10
13. 163 84
13. 164 47
13. 165 38
13. 166 97
13. 167 38
13. 168 61
13. 169 80
13. 170 18
13. 171 10
13. 172 22
13. 173 40
13. 174 29
13. 175 49
13. 176 31
13. 177 79
13. 178 71
13. 179 75
13. 180 1
13. 181 42
13. 182 63
13. 183 66
13. 184 82
13. 185 96
13. 186 89
13. 187 55
13. 188 7
13. 189 63
13. 190 20
13. 191 88
13. 192 7
13. 193 62
13. 194 32
13. 195 34
13. 196 27
13. 197 36
13. 198 84
13. 199 100
14. 0 60
14. 1 98
14. 2 20
14. 3 50
14. 4 65
14. 5 38
14. 6 39
14. 7 64
14. 8 71
14. 9 49
14. 10 6
14. 11 42
14. 12 24
14. 13 17
14. 14 58
14. 15 5
14. 16 100
14. 17 3
14. 18 68
14. 19 72
14. 20 27
14. 21 5
14. 22 17
14. 23 82
14. 24 33
14. 25 93
14. 26 52
14. 27 42
14. 28 83
14. 29 18
14. 30 59
14. 31 51
14. 32 6
14. 33 94
14. 34 49
14. 35 1
14. 36 80
14. 37 41
14. 38 81
14. 39 3
14. 40 75
14. 41 2
14. 42 7
14. 43 27
14. 44 23
14. 45 5
14. 46 75
14. 47 7
14. 48 19
14. 49 3
14. 50 81
14. 51 13
14. 52 9
14. 53 47
14. 54 91
14. 55 26
14. 56 84
14. 57 30
14. 58 26
14. 59 26
14. 60 32
14. 61 61
14. 62 48
14. 63 27
14. 64 59
14. 65 2
14. 66 18
14. 67 64
14. 68 36
14. 69 33
14. 70 77
14. 71 79
14. 72 94
14. 73 63
14. 74 21
14. 75 94
14. 76 99
14. 77 71
14. 78 7
14. 79 35
14. 80 55
14. 81 91
14. 82 86
14. 83 80
14. 84 55
14. 85 9
14. 86 79
14. 87 5
14. 88 17
14. 89 9
14. 90 94
14. 91 98
14. 92 55
14. 93 15
14. 94 10
14. 95 14
14. 96 90
14. 97 79
14. 98 25
14. 99 41
14. 100 67
14. 101 70
14. 102 83
14. 103 50
14. 104 88
14. 105 82
14. 106 80
14. 107 5
14. 108 10
14. 109 50
14. 110 80
14. 111 96
14. 112 33
14. 113 82
14. 114 23
14. 115 72
14. 116 25
14. 117 83
14. 118 56
14. 119 51
14. 120 96
14. 121 91
14. 122 80
14. 123 70
14. 124 89
14. 125 2
14. 126 41
14. 127 44
14. 128 79
14. 129 2
14. 130 55
14. 131 29
14. 132 63
14. 133 78
14. 134 89
14. 135 23
14. 136 27
14. 137 29
14. 138 1
14. 139 20
14. 140 73
14. 141 50
14. 142 57
14. 143 45
14. 144 87
14. 145 17
14. 146 18
14. 147 85
14. 148 39
14. 149 32
14. 150 29
14. 151 45
14. 152 97
14. 153 57
14. 154 93
14. 155 47
14. 156 32
14. 157 16
14. 158 69
14. 159 95
14. 160 16
14. 161 71
14. 162 73
14. 163 20
14. 164 72
14. 165 57
14. 166 20
14. 167 51
14. 168 91
14. 169 96
14. 170 85
14. 171 93
14. 172 66
14. 173 51
14. 174 33
14. 175 86
14. 176 62
14. 177 56
14. 178 79
14. 179 10
14. 180 77
14. 181 91
14. 182 39
14. 183 13
14. 184 2
14. 185 11
14. 186 25
14. 187 35
14. 188 40
14. 189 22
14. 190 56
14. 191 93
14. 192 99
14. 193 6
14. 194 32
14. 195 8
14. 196 5
14. 197 79
14. 198 34
14. 199 33
15. 0 68
15. 1 99
15. 2 17
15. 3 78
15. 4 25
15. 5 4
15. 6 37
15. 7 66
15. 8 11
15. 9 81
15. 10 1
15. 11 37
15. 12 79
15. 13 66
15. 14 63
15. 15 27
15. 16 6
15. 17 78
15. 18 55
15. 19 35
15. 20 31
15. 21 59
15. 22 100
15. 23 11
15. 24 36
15. 25 52
15. 26 68
15. 27 78
15. 28 31
15. 29 85
15. 30 26
15. 31 16
15. 32 55
15. 33 74
15. 34 66
15. 35 23
15. 36 47
15. 37 32
15. 38 35
15. 39 82
15. 40 97
15. 41 95
15. 42 62
15. 43 52
15. 44 41
15. 45 38
15. 46 11
15. 47 9
15. 48 10
15. 49 6
15. 50 44
15. 51 43
15. 52 79
15. 53 35
15. 54 33
15. 55 67
15. 56 44
15. 57 74
15. 58 1
15. 59 15
15. 60 76
15. 61 91
15. 62 23
15. 63 94
15. 64 61
15. 65 78
15. 66 87
15. 67 74
15. 68 86
15. 69 32
15. 70 26
15. 71 76
15. 72 91
15. 73 27
15. 74 24
15. 75 39
15. 76 23
15. 77 56
15. 78 28
15. 79 24
15. 80 27
15. 81 63
15. 82 38
15. 83 56
15. 84 20
15. 85 31
15. 86 21
15. 87 28
15. 88 51
15. 89 58
15. 90 35
15. 91 2
15. 92 29
15. 93 83
15. 94 87
15. 95 7
15. 96 1
15. 97 92
15. 98 18
15. 99 76
15. 100 58
15. 101 69
15. 102 42
15. 103 39
15. 104 76
15. 105 22
15. 106 35
15. 107 76
15. 108 40
15. 109 43
15. 110 95
15. 111 88
15. 112 79
15. 113 40
15. 114 67
15. 115 63
15. 116 47
15. 117 1
15. 118 64
15. 119 8
15. 120 93
15. 121 14
15. 122 60
15. 123 15
15. 124 37
15. 125 20
15. 126 16
15. 127 42
15. 128 2
15. 129 17
15. 130 81
15. 131 68
15. 132 37
15. 133 84
15. 134 51
15. 135 6
15. 136 42
15. 137 52
15. 138 25
15. 139 41
15. 140 70
15. 141 94
15. 142 24
15. 143 60
15. 144 95
15. 145 51
15. 146 48
15. 147 55
15. 148 16
15. 149 69
15. 150 97
15. 151 65
15. 152 15
15. 153 72
15. 154 50
15. 155 31
15. 156 5
15. 157 33
15. 158 39
15. 159 34
15. 160 99
15. 161 78
15. 162 85
15. 163 87
15. 164 55
15. 165 87
15. 166 56
15. 167 61
15. 168 90
15. 169 8
15. 170 10
15. 171 7
15. 172 49
15. 173 76
15. 174 63
15. 175 47
15. 176 16
15. 177 30
15. 178 78
15. 179 15
15. 180 39
15. 181 33
15. 182 89
15. 183 7
15. 184 72
15. 185 86
15. 186 62
15. 187 22
15. 188 98
15. 189 23
15. 190 22
15. 191 63
15. 192 38
15. 193 21
15. 194 19
15. 195 66
15. 196 6
15. 197 61
15. 198 93
15. 199 34
16. 0 29
16. 1 4
16. 2 91
16. 3 45
16. 4 71
16. 5 25
16. 6 96
16. 7 6
16. 8 91
16. 9 34
16. 10 42
16. 11 28
16. 12 88
16. 13 62
16. 14 44
16. 15 87
16. 16 29
16. 17 29
16. 18 39
16. 19 56
16. 20 43
16. 21 66
16. 22 65
16. 23 57
16. 24 71
16. 25 12
16. 26 61
16. 27 37
16. 28 43
16. 29 60
16. 30 32
16. 31 3
16. 32 78
16. 33 75
16. 34 51
16. 35 23
16. 36 90
16. 37 53
16. 38 39
16. 39 36
16. 40 80
16. 41 41
16. 42 8
16. 43 70
16. 44 96
16. 45 95
16. 46 100
16. 47 6
16. 48 59
16. 49 98
16. 50 7
16. 51 98
16. 52 23
16. 53 6
16. 54 1
16. 55 92
16. 56 64
16. 57 41
16. 58 70
16. 59 27
16. 60 76
16. 61 11
16. 62 79
16. 63 91
16. 64 66
16. 65 79
16. 66 60
16. 67 3
16. 68 22
16. 69 42
16. 70 43
16. 71 87
16. 72 51
16. 73 51
16. 74 27
16. 75 19
16. 76 53
16. 77 45
16. 78 29
16. 79 11
16. 80 45
16. 81 13
16. 82 77
16. 83 13
16. 84 81
16. 85 63
16. 86 100
16. 87 88
16. 88 88
16. 89 19
16. 90 90
16. 91 60
16. 92 76
16. 93 12
16. 94 74
16. 95 69
16. 96 30
16. 97 95
16. 98 72
16. 99 48
16. 100 39
16. 101 45
16. 102 94
16. 103 53
16. 104 80
16. 105 87
16. 106 38
16. 107 47
16. 108 11
16. 109 97
16. 110 38
16. 111 98
16. 112 81
16. 113 11
16. 114 45
16. 115 59
16. 116 21
16. 117 25
16. 118 64
16. 119 15
16. 120 26
16. 121 80
16. 122 52
16. 123 57
16. 124 75
16. 125 35
16. 126 89
16. 127 55
16. 128 18
16. 129 24
16. 130 22
16. 131 15
16. 132 74
16. 133 88
16. 134 11
16. 135 76
16. 136 56
16. 137 93
16. 138 60
16. 139 24
16. 140 79
16. 141 6
16. 142 68
16. 143 6
16. 144 66
16. 145 57
16. 146 90
16. 147 93
16. 148 6
16. 149 55
16. 150 30
16. 151 88
16. 152 70
16. 153 79
16. 154 68
16. 155 37
16. 156 62
16. 157 20
16. 158 34
16. 159 13
16. 160 86
16. 161 89
16. 162 34
16. 163 60
16. 164 19
16. 165 69
16. 166 50
16. 167 45
16. 168 74
16. 169 35
16. 170 100
16. 171 17
16. 172 27
16. 173 2
16. 174 95
16. 175 24
16. 176 14
16. 177 34
16. 178 77
16. 179 67
16. 180 56
16. 181 86
16. 182 70
16. 183 68
16. 184 20
16. 185 93
16. 186 36
16. 187 14
16. 188 85
16. 189 82
16. 190 51
16. 191 56
16. 192 100
16. 193 35
16. 194 14
16. 195 34
16. 196 26
16. 197 58
16. 198 99
16. 199 95
17. 0 41
17. 1 1
17. 2 48
17. 3 89
17. 4 84
17. 5 83
17. 6 28
17. 7 87
17. 8 44
17. 9 47
17. 10 53
17. 11 33
17. 12 53
17. 13 23
17. 14 90
17. 15 66
17. 16 88
17. 17 20
17. 18 38
17. 19 1
17. 20 53
17. 21 7
17. 22 17
17. 23 41
17. 24 35
17. 25 28
17. 26 52
17. 27 85
17. 28 5
17. 29 95
17. 30 81
17. 31 10
17. 32 71
17. 33 1
17. 34 77
17. 35 100
17. 36 37
17. 37 23
17. 38 11
17. 39 76
17. 40 86
17. 41 25
17. 42 53
17. 43 38
17. 44 37
17. 45 44
17. 46 30
17. 47 37
17. 48 93
17. 49 81
17. 50 40
17. 51 7
17. 52 35
17. 53 53
17. 54 43
17. 55 73
17. 56 76
17. 57 59
17. 58 23
17. 59 59
17. 60 26
17. 61 94
17. 62 54
17. 63 19
17. 64 89
17. 65 65
17. 66 47
17. 67 7
17. 68 35
17. 69 63
17. 70 23
17. 71 21
17. 72 81
17. 73 16
17. 74 92
17. 75 24
17. 76 9
17. 77 99
17. 78 65
17. 79 84
17. 80 63
17. 81 18
17. 82 94
17. 83 36
17. 84 57
17. 85 49
17. 86 76
17. 87 6
17. 88 17
17. 89 36
17. 90 88
17. 91 99
17. 92 20
17. 93 40
17. 94 9
17. 95 98
17. 96 28
17. 97 48
17. 98 100
17. 99 65
17. 100 84
17. 101 21
17. 102 78
17. 103 97
17. 104 75
17. 105 93
17. 106 74
17. 107 33
17. 108 28
17. 109 7
17. 110 3
17. 111 57
17. 112 39
17. 113 97
17. 114 35
17. 115 92
17. 116 6
17. 117 97
17. 118 95
17. 119 37
17. 120 61
17. 121 92
17. 122 89
17. 123 44
17. 124 74
17. 125 90
17. 126 73
17. 127 71
17. 128 33
17. 129 25
17. 130 64
17. 131 25
17. 132 51
17. 133 84
17. 134 22
17. 135 26
17. 136 28
17. 137 49
17. 138 83
17. 139 3
17. 140 11
17. 141 62
17. 142 89
17. 143 53
17. 144 67
17. 145 3
17. 146 82
17. 147 73
17. 148 28
17. 149 70
17. 150 15
17. 151 13
17. 152 21
17. 153 82
17. 154 55
17. 155 29
17. 156 38
17. 157 73
17. 158 6
17. 159 7
17. 160 55
17. 161 94
17. 162 51
17. 163 34
17. 164 60
17. 165 10
17. 166 37
17. 167 79
17. 168 7
17. 169 99
17. 170 91
17. 171 69
17. 172 38
17. 173 29
17. 174 100
17. 175 14
17. 176 5
17. 177 44
17. 178 39
17. 179 77
17. 180 28
17. 181 13
17. 182 85
17. 183 26
17. 184 19
17. 185 82
17. 186 99
17. 187 88
17. 188 19
17. 189 89
17. 190 4
17. 191 23
17. 192 57
17. 193 72
17. 194 56
17. 195 37
17. 196 98
17. 197 31
17. 198 39
17. 199 69
18. 0 89
18. 1 79
18. 2 51
18. 3 61
18. 4 46
18. 5 45
18. 6 48
18. 7 33
18. 8 19
18. 9 52
18. 10 94
18. 11 96
18. 12 71
18. 13 45
18. 14 89
18. 15 17
18. 16 87
18. 17 90
18. 18 17
18. 19 51
18. 20 84
18. 21 13
18. 22 95
18. 23 84
18. 24 9
18. 25 2
18. 26 61
18. 27 75
18. 28 9
18. 29 51
18. 30 79
18. 31 62
18. 32 60
18. 33 50
18. 34 4
18. 35 7
18. 36 31
18. 37 18
18. 38 79
18. 39 45
18. 40 86
18. 41 77
18. 42 21
18. 43 20
18. 44 81
18. 45 53
18. 46 43
18. 47 71
18. 48 66
18. 49 25
18. 50 91
18. 51 45
18. 52 59
18. 53 87
18. 54 43
18. 55 99
18. 56 93
18. 57 47
18. 58 31
18. 59 88
18. 60 96
18. 61 44
18. 62 41
18. 63 67
18. 64 15
18. 65 92
18. 66 72
18. 67 34
18. 68 49
18. 69 29
18. 70 76
18. 71 35
18. 72 92
18. 73 93
18. 74 77
18. 75 36
18. 76 42
18. 77 98
18. 78 99
18. 79 22
18. 80 5
18. 81 30
18. 82 87
18. 83 92
18. 84 31
18. 85 28
18. 86 48
18. 87 28
18. 88 99
18. 89 90
18. 90 14
18. 91 10
18. 92 22
18. 93 57
18. 94 45
18. 95 40
18. 96 60
18. 97 7
18. 98 64
18. 99 63
18. 100 17
18. 101 29
18. 102 52
18. 103 34
18. 104 30
18. 105 96
18. 106 2
18. 107 28
18. 108 96
18. 109 15
18. 110 45
18. 111 50
18. 112 65
18. 113 68
18. 114 54
18. 115 14
18. 116 44
18. 117 24
18. 118 40
18. 119 73
18. 120 27
18. 121 39
18. 122 44
18. 123 74
18. 124 11
18. 125 9
18. 126 45
18. 127 86
18. 128 8
18. 129 20
18. 130 71
18. 131 13
18. 132 8
18. 133 43
18. 134 58
18. 135 19
18. 136 5
18. 137 3
18. 138 23
18. 139 77
18. 140 45
18. 141 6
18. 142 1
18. 143 82
18. 144 15
18. 145 24
18. 146 27
18. 147 27
18. 148 3
18. 149 37
18. 150 87
18. 151 87
18. 152 84
18. 153 21
18. 154 40
18. 155 8
18. 156 43
18. 157 90
18. 158 27
18. 159 55
18. 160 84
18. 161 78
18. 162 71
18. 163 100
18. 164 58
18. 165 68
18. 166 78
18. 167 17
18. 168 30
18. 169 55
18. 170 50
18. 171 60
18. 172 52
18. 173 49
18. 174 23
18. 175 93
18. 176 32
18. 177 7
18. 178 25
18. 179 47
18. 180 73
18. 181 97
18. 182 90
18. 183 67
18. 184 90
18. 185 89
18. 186 3
18. 187 39
18. 188 61
18. 189 63
18. 190 15
18. 191 44
18. 192 21
18. 193 49
18. 194 24
18. 195 37
18. 196 59
18. 197 70
18. 198 30
18. 199 97
19. 0 29
19. 1 12
19. 2 77
19. 3 51
19. 4 38
19. 5 92
19. 6 98
19. 7 3
19. 8 5
19. 9 45
19. 10 51
19. 11 84
19. 12 75
19. 13 8
19. 14 86
19. 15 59
19. 16 71
19. 17 12
19. 18 21
19. 19 90
19. 20 65
19. 21 62
19. 22 66
19. 23 98
19. 24 61
19. 25 23
19. 26 76
19. 27 32
19. 28 65
19. 29 91
19. 30 67
19. 31 80
19. 32 34
19. 33 58
19. 34 85
19. 35 22
19. 36 81
19. 37 55
19. 38 53
19. 39 80
19. 40 31
19. 41 89
19. 42 93
19. 43 46
19. 44 94
19. 45 47
19. 46 43
19. 47 55
19. 48 66
19. 49 87
19. 50 64
19. 51 79
19. 52 15
19. 53 94
19. 54 70
19. 55 7
19. 56 56
19. 57 12
19. 58 56
19. 59 93
19. 60 88
19. 61 41
19. 62 76
19. 63 30
19. 64 86
19. 65 97
19. 66 35
19. 67 41
19. 68 23
19. 69 31
19. 70 44
19. 71 38
19. 72 16
19. 73 13
19. 74 22
19. 75 38
19. 76 71
19. 77 61
19. 78 66
19. 79 93
19. 80 20
19. 81 28
19. 82 89
19. 83 25
19. 84 30
19. 85 36
19. 86 53
19. 87 11
19. 88 67
19. 89 51
19. 90 80
19. 91 23
19. 92 100
19. 93 4
19. 94 79
19. 95 59
19. 96 37
19. 97 56
19. 98 75
19. 99 73
19. 100 63
19. 101 83
19. 102 65
19. 103 39
19. 104 77
19. 105 11
19. 106 95
19. 107 62
19. 108 7
19. 109 69
19. 110 94
19. 111 59
19. 112 89
19. 113 75
19. 114 35
19. 115 39
19. 116 89
19. 117 38
19. 118 74
19. 119 94
19. 120 65
19. 121 94
19. 122 44
19. 123 22
19. 124 32
19. 125 36
19. 126 32
19. 127 27
19. 128 47
19. 129 85
19. 130 39
19. 131 79
19. 132 58
19. 133 48
19. 134 42
19. 135 92
19. 136 38
19. 137 100
19. 138 53
19. 139 16
19. 140 64
19. 141 63
19. 142 100
19. 143 87
19. 144 39
19. 145 85
19. 146 26
19. 147 34
19. 148 31
19. 149 24
19. 150 29
19. 151 87
19. 152 29
19. 153 20
19. 154 32
19. 155 86
19. 156 75
19. 157 64
19. 158 24
19. 159 40
19. 160 86
19. 161 54
19. 162 41
19. 163 19
19. 164 27
19. 165 33
19. 166 37
19. 167 51
19. 168 34
19. 169 20
19. 170 20
19. 171 96
19. 172 61
19. 173 5
19. 174 91
19. 175 54
19. 176 42
19. 177 41
19. 178 72
19. 179 15
19. 180 53
19. 181 85
19. 182 45
19. 183 69
19. 184 49
19. 185 29
19. 186 12
19. 187 11
19. 188 78
19. 189 87
19. 190 82
19. 191 50
19. 192 32
19. 193 55
19. 194 84
19. 195 48
19. 196 46
19. 197 18
19. 198 46
19. 199 20
/;
parameter b(i)/
0 407
1 417
2 416
3 418
4 401
5 410
6 402
7 379
8 384
9 415
10 402
11 404
12 427
13 403
14 393
15 386
16 421
17 406
18 400
19 428
/;
