set j job /0*199/;
set i machine /0*19/;
parameter c(i,j)/
0. 0 41
0. 1 30
0. 2 19
0. 3 32
0. 4 27
0. 5 16
0. 6 32
0. 7 16
0. 8 16
0. 9 25
0. 10 20
0. 11 31
0. 12 44
0. 13 38
0. 14 38
0. 15 13
0. 16 19
0. 17 20
0. 18 26
0. 19 19
0. 20 39
0. 21 26
0. 22 19
0. 23 46
0. 24 47
0. 25 40
0. 26 40
0. 27 31
0. 28 36
0. 29 31
0. 30 19
0. 31 42
0. 32 31
0. 33 33
0. 34 47
0. 35 48
0. 36 38
0. 37 36
0. 38 15
0. 39 26
0. 40 37
0. 41 45
0. 42 48
0. 43 33
0. 44 14
0. 45 49
0. 46 38
0. 47 10
0. 48 28
0. 49 19
0. 50 26
0. 51 38
0. 52 13
0. 53 22
0. 54 23
0. 55 38
0. 56 13
0. 57 40
0. 58 15
0. 59 31
0. 60 16
0. 61 13
0. 62 48
0. 63 25
0. 64 46
0. 65 45
0. 66 49
0. 67 30
0. 68 44
0. 69 10
0. 70 12
0. 71 40
0. 72 35
0. 73 14
0. 74 21
0. 75 40
0. 76 35
0. 77 47
0. 78 24
0. 79 48
0. 80 18
0. 81 42
0. 82 31
0. 83 19
0. 84 28
0. 85 20
0. 86 26
0. 87 23
0. 88 46
0. 89 26
0. 90 25
0. 91 47
0. 92 31
0. 93 28
0. 94 16
0. 95 50
0. 96 36
0. 97 10
0. 98 17
0. 99 35
0. 100 26
0. 101 24
0. 102 25
0. 103 13
0. 104 12
0. 105 32
0. 106 41
0. 107 49
0. 108 34
0. 109 24
0. 110 43
0. 111 15
0. 112 34
0. 113 48
0. 114 37
0. 115 10
0. 116 28
0. 117 26
0. 118 28
0. 119 18
0. 120 17
0. 121 50
0. 122 35
0. 123 46
0. 124 30
0. 125 50
0. 126 26
0. 127 47
0. 128 16
0. 129 25
0. 130 36
0. 131 20
0. 132 13
0. 133 50
0. 134 48
0. 135 26
0. 136 36
0. 137 24
0. 138 19
0. 139 36
0. 140 24
0. 141 19
0. 142 11
0. 143 47
0. 144 22
0. 145 25
0. 146 16
0. 147 36
0. 148 42
0. 149 17
0. 150 21
0. 151 40
0. 152 27
0. 153 32
0. 154 27
0. 155 12
0. 156 49
0. 157 22
0. 158 14
0. 159 28
0. 160 27
0. 161 12
0. 162 45
0. 163 40
0. 164 34
0. 165 26
0. 166 30
0. 167 32
0. 168 35
0. 169 27
0. 170 45
0. 171 36
0. 172 22
0. 173 40
0. 174 44
0. 175 33
0. 176 33
0. 177 33
0. 178 34
0. 179 21
0. 180 22
0. 181 19
0. 182 31
0. 183 22
0. 184 36
0. 185 44
0. 186 33
0. 187 31
0. 188 44
0. 189 18
0. 190 30
0. 191 44
0. 192 49
0. 193 45
0. 194 35
0. 195 49
0. 196 45
0. 197 24
0. 198 34
0. 199 28
1. 0 42
1. 1 24
1. 2 17
1. 3 21
1. 4 48
1. 5 23
1. 6 46
1. 7 22
1. 8 20
1. 9 37
1. 10 10
1. 11 28
1. 12 44
1. 13 25
1. 14 36
1. 15 21
1. 16 29
1. 17 22
1. 18 22
1. 19 44
1. 20 18
1. 21 38
1. 22 36
1. 23 22
1. 24 49
1. 25 22
1. 26 13
1. 27 17
1. 28 41
1. 29 41
1. 30 37
1. 31 46
1. 32 35
1. 33 30
1. 34 10
1. 35 25
1. 36 46
1. 37 34
1. 38 37
1. 39 24
1. 40 43
1. 41 33
1. 42 38
1. 43 19
1. 44 28
1. 45 38
1. 46 11
1. 47 50
1. 48 15
1. 49 16
1. 50 15
1. 51 13
1. 52 18
1. 53 11
1. 54 29
1. 55 11
1. 56 17
1. 57 36
1. 58 39
1. 59 18
1. 60 26
1. 61 45
1. 62 50
1. 63 39
1. 64 14
1. 65 45
1. 66 35
1. 67 17
1. 68 42
1. 69 28
1. 70 32
1. 71 46
1. 72 22
1. 73 46
1. 74 23
1. 75 15
1. 76 17
1. 77 29
1. 78 45
1. 79 38
1. 80 27
1. 81 22
1. 82 48
1. 83 39
1. 84 12
1. 85 38
1. 86 40
1. 87 18
1. 88 47
1. 89 43
1. 90 26
1. 91 21
1. 92 45
1. 93 11
1. 94 35
1. 95 38
1. 96 46
1. 97 20
1. 98 30
1. 99 29
1. 100 29
1. 101 46
1. 102 37
1. 103 10
1. 104 24
1. 105 47
1. 106 48
1. 107 14
1. 108 19
1. 109 19
1. 110 15
1. 111 37
1. 112 42
1. 113 25
1. 114 49
1. 115 40
1. 116 14
1. 117 23
1. 118 12
1. 119 46
1. 120 15
1. 121 30
1. 122 23
1. 123 14
1. 124 25
1. 125 44
1. 126 32
1. 127 32
1. 128 16
1. 129 15
1. 130 34
1. 131 27
1. 132 43
1. 133 21
1. 134 15
1. 135 45
1. 136 18
1. 137 38
1. 138 44
1. 139 36
1. 140 46
1. 141 36
1. 142 39
1. 143 16
1. 144 19
1. 145 37
1. 146 40
1. 147 34
1. 148 41
1. 149 46
1. 150 47
1. 151 20
1. 152 25
1. 153 14
1. 154 49
1. 155 46
1. 156 22
1. 157 17
1. 158 32
1. 159 10
1. 160 40
1. 161 38
1. 162 14
1. 163 39
1. 164 40
1. 165 13
1. 166 40
1. 167 32
1. 168 37
1. 169 50
1. 170 41
1. 171 36
1. 172 31
1. 173 38
1. 174 23
1. 175 23
1. 176 24
1. 177 22
1. 178 18
1. 179 18
1. 180 33
1. 181 28
1. 182 33
1. 183 22
1. 184 40
1. 185 41
1. 186 20
1. 187 21
1. 188 12
1. 189 12
1. 190 19
1. 191 41
1. 192 50
1. 193 46
1. 194 36
1. 195 30
1. 196 25
1. 197 12
1. 198 21
1. 199 12
2. 0 17
2. 1 20
2. 2 41
2. 3 30
2. 4 32
2. 5 31
2. 6 32
2. 7 24
2. 8 23
2. 9 11
2. 10 34
2. 11 47
2. 12 14
2. 13 25
2. 14 16
2. 15 14
2. 16 48
2. 17 22
2. 18 24
2. 19 25
2. 20 14
2. 21 40
2. 22 14
2. 23 27
2. 24 48
2. 25 24
2. 26 15
2. 27 26
2. 28 44
2. 29 16
2. 30 20
2. 31 28
2. 32 40
2. 33 40
2. 34 18
2. 35 13
2. 36 34
2. 37 31
2. 38 39
2. 39 26
2. 40 48
2. 41 24
2. 42 32
2. 43 34
2. 44 14
2. 45 19
2. 46 38
2. 47 36
2. 48 23
2. 49 20
2. 50 45
2. 51 42
2. 52 13
2. 53 41
2. 54 29
2. 55 37
2. 56 16
2. 57 26
2. 58 44
2. 59 30
2. 60 25
2. 61 31
2. 62 14
2. 63 38
2. 64 49
2. 65 22
2. 66 43
2. 67 37
2. 68 20
2. 69 22
2. 70 15
2. 71 31
2. 72 34
2. 73 30
2. 74 49
2. 75 32
2. 76 24
2. 77 41
2. 78 50
2. 79 47
2. 80 41
2. 81 47
2. 82 37
2. 83 34
2. 84 38
2. 85 42
2. 86 31
2. 87 11
2. 88 43
2. 89 16
2. 90 24
2. 91 24
2. 92 25
2. 93 32
2. 94 13
2. 95 41
2. 96 12
2. 97 35
2. 98 37
2. 99 15
2. 100 23
2. 101 35
2. 102 45
2. 103 44
2. 104 21
2. 105 25
2. 106 16
2. 107 34
2. 108 40
2. 109 10
2. 110 39
2. 111 43
2. 112 41
2. 113 21
2. 114 10
2. 115 22
2. 116 39
2. 117 41
2. 118 19
2. 119 14
2. 120 38
2. 121 27
2. 122 37
2. 123 49
2. 124 19
2. 125 44
2. 126 21
2. 127 33
2. 128 43
2. 129 10
2. 130 19
2. 131 36
2. 132 34
2. 133 33
2. 134 44
2. 135 24
2. 136 31
2. 137 38
2. 138 39
2. 139 49
2. 140 21
2. 141 15
2. 142 27
2. 143 22
2. 144 27
2. 145 11
2. 146 30
2. 147 47
2. 148 11
2. 149 43
2. 150 29
2. 151 25
2. 152 17
2. 153 37
2. 154 12
2. 155 44
2. 156 30
2. 157 19
2. 158 35
2. 159 10
2. 160 35
2. 161 32
2. 162 18
2. 163 10
2. 164 10
2. 165 26
2. 166 44
2. 167 13
2. 168 31
2. 169 41
2. 170 37
2. 171 26
2. 172 10
2. 173 35
2. 174 27
2. 175 18
2. 176 28
2. 177 35
2. 178 12
2. 179 47
2. 180 36
2. 181 23
2. 182 48
2. 183 25
2. 184 17
2. 185 17
2. 186 17
2. 187 47
2. 188 43
2. 189 41
2. 190 46
2. 191 47
2. 192 28
2. 193 11
2. 194 39
2. 195 27
2. 196 35
2. 197 32
2. 198 29
2. 199 11
3. 0 10
3. 1 40
3. 2 21
3. 3 12
3. 4 16
3. 5 13
3. 6 48
3. 7 26
3. 8 13
3. 9 17
3. 10 49
3. 11 17
3. 12 34
3. 13 45
3. 14 17
3. 15 33
3. 16 22
3. 17 45
3. 18 11
3. 19 36
3. 20 46
3. 21 38
3. 22 39
3. 23 16
3. 24 47
3. 25 49
3. 26 19
3. 27 30
3. 28 32
3. 29 39
3. 30 18
3. 31 15
3. 32 24
3. 33 25
3. 34 20
3. 35 36
3. 36 48
3. 37 26
3. 38 11
3. 39 39
3. 40 18
3. 41 34
3. 42 44
3. 43 17
3. 44 13
3. 45 19
3. 46 32
3. 47 24
3. 48 37
3. 49 27
3. 50 48
3. 51 47
3. 52 32
3. 53 30
3. 54 34
3. 55 31
3. 56 16
3. 57 33
3. 58 31
3. 59 27
3. 60 49
3. 61 44
3. 62 24
3. 63 21
3. 64 29
3. 65 20
3. 66 33
3. 67 20
3. 68 40
3. 69 37
3. 70 33
3. 71 46
3. 72 22
3. 73 28
3. 74 36
3. 75 41
3. 76 23
3. 77 28
3. 78 22
3. 79 16
3. 80 10
3. 81 19
3. 82 33
3. 83 13
3. 84 38
3. 85 46
3. 86 43
3. 87 41
3. 88 48
3. 89 43
3. 90 39
3. 91 43
3. 92 18
3. 93 11
3. 94 11
3. 95 25
3. 96 48
3. 97 34
3. 98 34
3. 99 30
3. 100 11
3. 101 18
3. 102 22
3. 103 38
3. 104 27
3. 105 12
3. 106 38
3. 107 20
3. 108 39
3. 109 40
3. 110 29
3. 111 23
3. 112 37
3. 113 26
3. 114 49
3. 115 10
3. 116 22
3. 117 41
3. 118 31
3. 119 36
3. 120 35
3. 121 23
3. 122 24
3. 123 38
3. 124 37
3. 125 36
3. 126 20
3. 127 21
3. 128 45
3. 129 25
3. 130 10
3. 131 29
3. 132 23
3. 133 31
3. 134 42
3. 135 45
3. 136 19
3. 137 26
3. 138 36
3. 139 30
3. 140 38
3. 141 34
3. 142 11
3. 143 19
3. 144 34
3. 145 41
3. 146 28
3. 147 49
3. 148 31
3. 149 21
3. 150 39
3. 151 44
3. 152 16
3. 153 31
3. 154 17
3. 155 37
3. 156 44
3. 157 19
3. 158 46
3. 159 43
3. 160 49
3. 161 21
3. 162 44
3. 163 37
3. 164 22
3. 165 25
3. 166 30
3. 167 12
3. 168 49
3. 169 20
3. 170 30
3. 171 40
3. 172 42
3. 173 38
3. 174 38
3. 175 16
3. 176 21
3. 177 46
3. 178 41
3. 179 39
3. 180 30
3. 181 41
3. 182 21
3. 183 11
3. 184 14
3. 185 29
3. 186 27
3. 187 38
3. 188 23
3. 189 33
3. 190 33
3. 191 40
3. 192 33
3. 193 39
3. 194 29
3. 195 15
3. 196 38
3. 197 40
3. 198 36
3. 199 49
4. 0 28
4. 1 13
4. 2 33
4. 3 41
4. 4 36
4. 5 45
4. 6 13
4. 7 24
4. 8 45
4. 9 10
4. 10 49
4. 11 32
4. 12 32
4. 13 44
4. 14 45
4. 15 45
4. 16 34
4. 17 11
4. 18 34
4. 19 22
4. 20 42
4. 21 39
4. 22 43
4. 23 45
4. 24 35
4. 25 43
4. 26 36
4. 27 22
4. 28 22
4. 29 41
4. 30 25
4. 31 18
4. 32 17
4. 33 12
4. 34 33
4. 35 40
4. 36 50
4. 37 22
4. 38 36
4. 39 14
4. 40 12
4. 41 14
4. 42 28
4. 43 15
4. 44 10
4. 45 20
4. 46 11
4. 47 49
4. 48 24
4. 49 38
4. 50 30
4. 51 26
4. 52 11
4. 53 43
4. 54 12
4. 55 45
4. 56 33
4. 57 27
4. 58 26
4. 59 15
4. 60 12
4. 61 46
4. 62 35
4. 63 24
4. 64 15
4. 65 12
4. 66 31
4. 67 26
4. 68 36
4. 69 21
4. 70 36
4. 71 35
4. 72 15
4. 73 46
4. 74 47
4. 75 36
4. 76 26
4. 77 11
4. 78 15
4. 79 46
4. 80 39
4. 81 41
4. 82 25
4. 83 28
4. 84 47
4. 85 25
4. 86 28
4. 87 30
4. 88 33
4. 89 13
4. 90 16
4. 91 12
4. 92 10
4. 93 38
4. 94 17
4. 95 10
4. 96 48
4. 97 40
4. 98 42
4. 99 45
4. 100 32
4. 101 25
4. 102 20
4. 103 12
4. 104 10
4. 105 43
4. 106 29
4. 107 40
4. 108 20
4. 109 26
4. 110 25
4. 111 17
4. 112 34
4. 113 17
4. 114 42
4. 115 23
4. 116 25
4. 117 10
4. 118 12
4. 119 24
4. 120 21
4. 121 13
4. 122 38
4. 123 48
4. 124 20
4. 125 12
4. 126 39
4. 127 37
4. 128 44
4. 129 26
4. 130 14
4. 131 41
4. 132 37
4. 133 24
4. 134 26
4. 135 34
4. 136 17
4. 137 49
4. 138 33
4. 139 32
4. 140 20
4. 141 43
4. 142 45
4. 143 26
4. 144 31
4. 145 37
4. 146 33
4. 147 24
4. 148 30
4. 149 35
4. 150 42
4. 151 15
4. 152 50
4. 153 27
4. 154 13
4. 155 15
4. 156 50
4. 157 10
4. 158 37
4. 159 45
4. 160 35
4. 161 14
4. 162 30
4. 163 18
4. 164 15
4. 165 17
4. 166 49
4. 167 23
4. 168 39
4. 169 20
4. 170 48
4. 171 36
4. 172 15
4. 173 49
4. 174 29
4. 175 50
4. 176 34
4. 177 35
4. 178 50
4. 179 26
4. 180 27
4. 181 22
4. 182 25
4. 183 27
4. 184 34
4. 185 44
4. 186 41
4. 187 28
4. 188 31
4. 189 45
4. 190 27
4. 191 11
4. 192 39
4. 193 36
4. 194 25
4. 195 40
4. 196 15
4. 197 14
4. 198 33
4. 199 25
5. 0 23
5. 1 18
5. 2 38
5. 3 12
5. 4 39
5. 5 38
5. 6 49
5. 7 27
5. 8 30
5. 9 17
5. 10 35
5. 11 40
5. 12 26
5. 13 25
5. 14 27
5. 15 41
5. 16 33
5. 17 40
5. 18 32
5. 19 17
5. 20 20
5. 21 12
5. 22 15
5. 23 36
5. 24 13
5. 25 30
5. 26 31
5. 27 26
5. 28 50
5. 29 31
5. 30 40
5. 31 40
5. 32 20
5. 33 16
5. 34 23
5. 35 24
5. 36 10
5. 37 14
5. 38 48
5. 39 14
5. 40 32
5. 41 17
5. 42 24
5. 43 15
5. 44 41
5. 45 25
5. 46 25
5. 47 40
5. 48 49
5. 49 22
5. 50 32
5. 51 12
5. 52 36
5. 53 25
5. 54 42
5. 55 13
5. 56 24
5. 57 46
5. 58 10
5. 59 37
5. 60 11
5. 61 13
5. 62 43
5. 63 30
5. 64 24
5. 65 14
5. 66 35
5. 67 29
5. 68 50
5. 69 33
5. 70 43
5. 71 29
5. 72 36
5. 73 19
5. 74 29
5. 75 44
5. 76 49
5. 77 11
5. 78 28
5. 79 44
5. 80 29
5. 81 26
5. 82 20
5. 83 24
5. 84 22
5. 85 38
5. 86 21
5. 87 40
5. 88 38
5. 89 39
5. 90 20
5. 91 31
5. 92 43
5. 93 36
5. 94 10
5. 95 35
5. 96 15
5. 97 43
5. 98 39
5. 99 47
5. 100 42
5. 101 35
5. 102 47
5. 103 44
5. 104 20
5. 105 33
5. 106 34
5. 107 31
5. 108 30
5. 109 24
5. 110 43
5. 111 31
5. 112 23
5. 113 35
5. 114 28
5. 115 40
5. 116 46
5. 117 17
5. 118 22
5. 119 50
5. 120 46
5. 121 36
5. 122 11
5. 123 26
5. 124 44
5. 125 23
5. 126 23
5. 127 12
5. 128 34
5. 129 38
5. 130 15
5. 131 34
5. 132 36
5. 133 50
5. 134 22
5. 135 33
5. 136 28
5. 137 20
5. 138 36
5. 139 25
5. 140 50
5. 141 30
5. 142 27
5. 143 21
5. 144 25
5. 145 21
5. 146 22
5. 147 24
5. 148 16
5. 149 19
5. 150 26
5. 151 13
5. 152 22
5. 153 12
5. 154 30
5. 155 17
5. 156 42
5. 157 25
5. 158 39
5. 159 41
5. 160 27
5. 161 48
5. 162 36
5. 163 46
5. 164 46
5. 165 36
5. 166 10
5. 167 48
5. 168 46
5. 169 49
5. 170 48
5. 171 10
5. 172 17
5. 173 46
5. 174 12
5. 175 30
5. 176 13
5. 177 26
5. 178 24
5. 179 45
5. 180 10
5. 181 26
5. 182 49
5. 183 23
5. 184 48
5. 185 10
5. 186 13
5. 187 21
5. 188 29
5. 189 23
5. 190 44
5. 191 36
5. 192 44
5. 193 27
5. 194 29
5. 195 37
5. 196 46
5. 197 44
5. 198 43
5. 199 18
6. 0 46
6. 1 17
6. 2 14
6. 3 33
6. 4 44
6. 5 16
6. 6 25
6. 7 32
6. 8 29
6. 9 40
6. 10 26
6. 11 23
6. 12 25
6. 13 31
6. 14 19
6. 15 10
6. 16 22
6. 17 23
6. 18 35
6. 19 31
6. 20 38
6. 21 48
6. 22 22
6. 23 32
6. 24 37
6. 25 42
6. 26 15
6. 27 22
6. 28 17
6. 29 49
6. 30 25
6. 31 35
6. 32 20
6. 33 12
6. 34 14
6. 35 35
6. 36 47
6. 37 16
6. 38 46
6. 39 43
6. 40 18
6. 41 40
6. 42 37
6. 43 25
6. 44 22
6. 45 34
6. 46 21
6. 47 22
6. 48 34
6. 49 32
6. 50 20
6. 51 18
6. 52 26
6. 53 16
6. 54 30
6. 55 23
6. 56 25
6. 57 23
6. 58 29
6. 59 32
6. 60 24
6. 61 36
6. 62 17
6. 63 26
6. 64 28
6. 65 29
6. 66 22
6. 67 18
6. 68 24
6. 69 48
6. 70 47
6. 71 35
6. 72 28
6. 73 36
6. 74 38
6. 75 50
6. 76 48
6. 77 47
6. 78 10
6. 79 27
6. 80 32
6. 81 45
6. 82 29
6. 83 14
6. 84 37
6. 85 16
6. 86 39
6. 87 41
6. 88 48
6. 89 14
6. 90 39
6. 91 39
6. 92 13
6. 93 40
6. 94 35
6. 95 39
6. 96 32
6. 97 10
6. 98 24
6. 99 44
6. 100 21
6. 101 43
6. 102 36
6. 103 18
6. 104 12
6. 105 23
6. 106 24
6. 107 37
6. 108 32
6. 109 46
6. 110 20
6. 111 31
6. 112 30
6. 113 21
6. 114 16
6. 115 30
6. 116 34
6. 117 23
6. 118 11
6. 119 37
6. 120 10
6. 121 46
6. 122 26
6. 123 30
6. 124 17
6. 125 24
6. 126 44
6. 127 38
6. 128 16
6. 129 10
6. 130 19
6. 131 29
6. 132 45
6. 133 20
6. 134 14
6. 135 46
6. 136 28
6. 137 26
6. 138 45
6. 139 27
6. 140 26
6. 141 19
6. 142 32
6. 143 39
6. 144 26
6. 145 28
6. 146 27
6. 147 13
6. 148 28
6. 149 21
6. 150 26
6. 151 40
6. 152 42
6. 153 16
6. 154 27
6. 155 16
6. 156 30
6. 157 40
6. 158 47
6. 159 29
6. 160 31
6. 161 31
6. 162 24
6. 163 34
6. 164 24
6. 165 50
6. 166 16
6. 167 46
6. 168 35
6. 169 18
6. 170 42
6. 171 38
6. 172 49
6. 173 45
6. 174 25
6. 175 15
6. 176 40
6. 177 42
6. 178 45
6. 179 11
6. 180 31
6. 181 44
6. 182 35
6. 183 40
6. 184 13
6. 185 14
6. 186 11
6. 187 23
6. 188 10
6. 189 27
6. 190 37
6. 191 13
6. 192 29
6. 193 22
6. 194 25
6. 195 14
6. 196 17
6. 197 50
6. 198 30
6. 199 25
7. 0 17
7. 1 44
7. 2 12
7. 3 26
7. 4 41
7. 5 45
7. 6 12
7. 7 42
7. 8 39
7. 9 27
7. 10 22
7. 11 11
7. 12 19
7. 13 13
7. 14 22
7. 15 23
7. 16 20
7. 17 37
7. 18 43
7. 19 17
7. 20 42
7. 21 15
7. 22 44
7. 23 35
7. 24 27
7. 25 42
7. 26 24
7. 27 27
7. 28 40
7. 29 24
7. 30 39
7. 31 31
7. 32 22
7. 33 12
7. 34 46
7. 35 45
7. 36 25
7. 37 33
7. 38 38
7. 39 40
7. 40 49
7. 41 16
7. 42 50
7. 43 17
7. 44 15
7. 45 21
7. 46 48
7. 47 16
7. 48 23
7. 49 30
7. 50 38
7. 51 23
7. 52 50
7. 53 43
7. 54 10
7. 55 13
7. 56 26
7. 57 19
7. 58 38
7. 59 25
7. 60 36
7. 61 31
7. 62 17
7. 63 30
7. 64 42
7. 65 25
7. 66 47
7. 67 10
7. 68 32
7. 69 34
7. 70 22
7. 71 10
7. 72 45
7. 73 33
7. 74 28
7. 75 13
7. 76 41
7. 77 46
7. 78 45
7. 79 44
7. 80 47
7. 81 47
7. 82 47
7. 83 44
7. 84 46
7. 85 37
7. 86 33
7. 87 28
7. 88 50
7. 89 30
7. 90 14
7. 91 21
7. 92 30
7. 93 13
7. 94 16
7. 95 24
7. 96 11
7. 97 50
7. 98 13
7. 99 14
7. 100 12
7. 101 37
7. 102 38
7. 103 32
7. 104 21
7. 105 48
7. 106 36
7. 107 41
7. 108 45
7. 109 35
7. 110 19
7. 111 49
7. 112 15
7. 113 10
7. 114 15
7. 115 21
7. 116 42
7. 117 11
7. 118 41
7. 119 38
7. 120 26
7. 121 20
7. 122 37
7. 123 49
7. 124 14
7. 125 43
7. 126 39
7. 127 17
7. 128 50
7. 129 44
7. 130 36
7. 131 49
7. 132 42
7. 133 42
7. 134 32
7. 135 21
7. 136 39
7. 137 18
7. 138 40
7. 139 42
7. 140 18
7. 141 27
7. 142 11
7. 143 13
7. 144 41
7. 145 35
7. 146 21
7. 147 37
7. 148 16
7. 149 31
7. 150 39
7. 151 39
7. 152 28
7. 153 43
7. 154 42
7. 155 37
7. 156 20
7. 157 42
7. 158 42
7. 159 11
7. 160 19
7. 161 35
7. 162 20
7. 163 43
7. 164 40
7. 165 18
7. 166 24
7. 167 16
7. 168 21
7. 169 16
7. 170 26
7. 171 16
7. 172 38
7. 173 28
7. 174 15
7. 175 40
7. 176 19
7. 177 18
7. 178 36
7. 179 30
7. 180 31
7. 181 10
7. 182 23
7. 183 27
7. 184 31
7. 185 21
7. 186 20
7. 187 14
7. 188 46
7. 189 19
7. 190 16
7. 191 48
7. 192 48
7. 193 36
7. 194 45
7. 195 27
7. 196 50
7. 197 22
7. 198 31
7. 199 50
8. 0 36
8. 1 16
8. 2 31
8. 3 23
8. 4 22
8. 5 10
8. 6 19
8. 7 26
8. 8 27
8. 9 11
8. 10 47
8. 11 39
8. 12 31
8. 13 29
8. 14 26
8. 15 38
8. 16 33
8. 17 28
8. 18 16
8. 19 32
8. 20 11
8. 21 36
8. 22 27
8. 23 43
8. 24 44
8. 25 12
8. 26 43
8. 27 48
8. 28 39
8. 29 41
8. 30 19
8. 31 38
8. 32 13
8. 33 26
8. 34 25
8. 35 19
8. 36 13
8. 37 40
8. 38 45
8. 39 32
8. 40 48
8. 41 11
8. 42 11
8. 43 41
8. 44 44
8. 45 18
8. 46 32
8. 47 23
8. 48 17
8. 49 42
8. 50 49
8. 51 34
8. 52 43
8. 53 38
8. 54 13
8. 55 36
8. 56 23
8. 57 36
8. 58 41
8. 59 11
8. 60 17
8. 61 29
8. 62 31
8. 63 11
8. 64 30
8. 65 39
8. 66 35
8. 67 21
8. 68 19
8. 69 27
8. 70 27
8. 71 35
8. 72 47
8. 73 47
8. 74 25
8. 75 32
8. 76 24
8. 77 38
8. 78 21
8. 79 15
8. 80 32
8. 81 32
8. 82 27
8. 83 26
8. 84 28
8. 85 22
8. 86 26
8. 87 25
8. 88 21
8. 89 49
8. 90 39
8. 91 45
8. 92 41
8. 93 29
8. 94 22
8. 95 43
8. 96 23
8. 97 39
8. 98 17
8. 99 23
8. 100 50
8. 101 12
8. 102 15
8. 103 10
8. 104 13
8. 105 11
8. 106 33
8. 107 25
8. 108 47
8. 109 35
8. 110 44
8. 111 46
8. 112 27
8. 113 38
8. 114 39
8. 115 34
8. 116 19
8. 117 34
8. 118 33
8. 119 43
8. 120 22
8. 121 19
8. 122 10
8. 123 10
8. 124 46
8. 125 14
8. 126 21
8. 127 41
8. 128 36
8. 129 39
8. 130 25
8. 131 40
8. 132 40
8. 133 47
8. 134 11
8. 135 13
8. 136 42
8. 137 30
8. 138 38
8. 139 16
8. 140 33
8. 141 47
8. 142 28
8. 143 22
8. 144 17
8. 145 44
8. 146 23
8. 147 19
8. 148 34
8. 149 47
8. 150 32
8. 151 46
8. 152 30
8. 153 27
8. 154 23
8. 155 32
8. 156 15
8. 157 47
8. 158 12
8. 159 36
8. 160 14
8. 161 38
8. 162 46
8. 163 22
8. 164 46
8. 165 27
8. 166 13
8. 167 16
8. 168 48
8. 169 16
8. 170 12
8. 171 15
8. 172 25
8. 173 39
8. 174 13
8. 175 14
8. 176 40
8. 177 26
8. 178 11
8. 179 45
8. 180 50
8. 181 44
8. 182 17
8. 183 25
8. 184 33
8. 185 19
8. 186 40
8. 187 10
8. 188 15
8. 189 34
8. 190 12
8. 191 14
8. 192 49
8. 193 27
8. 194 38
8. 195 23
8. 196 50
8. 197 20
8. 198 11
8. 199 33
9. 0 13
9. 1 32
9. 2 26
9. 3 15
9. 4 33
9. 5 24
9. 6 33
9. 7 50
9. 8 36
9. 9 30
9. 10 12
9. 11 30
9. 12 11
9. 13 16
9. 14 15
9. 15 14
9. 16 45
9. 17 13
9. 18 34
9. 19 25
9. 20 35
9. 21 16
9. 22 31
9. 23 44
9. 24 11
9. 25 25
9. 26 15
9. 27 31
9. 28 38
9. 29 24
9. 30 29
9. 31 34
9. 32 23
9. 33 48
9. 34 41
9. 35 23
9. 36 25
9. 37 27
9. 38 35
9. 39 32
9. 40 13
9. 41 46
9. 42 46
9. 43 36
9. 44 26
9. 45 45
9. 46 49
9. 47 42
9. 48 22
9. 49 12
9. 50 36
9. 51 16
9. 52 27
9. 53 41
9. 54 34
9. 55 28
9. 56 42
9. 57 39
9. 58 45
9. 59 15
9. 60 40
9. 61 41
9. 62 44
9. 63 28
9. 64 26
9. 65 22
9. 66 32
9. 67 30
9. 68 19
9. 69 39
9. 70 41
9. 71 26
9. 72 40
9. 73 17
9. 74 25
9. 75 18
9. 76 45
9. 77 16
9. 78 11
9. 79 17
9. 80 25
9. 81 12
9. 82 47
9. 83 22
9. 84 29
9. 85 43
9. 86 19
9. 87 31
9. 88 20
9. 89 23
9. 90 49
9. 91 44
9. 92 47
9. 93 46
9. 94 28
9. 95 25
9. 96 33
9. 97 24
9. 98 30
9. 99 41
9. 100 32
9. 101 20
9. 102 25
9. 103 16
9. 104 49
9. 105 34
9. 106 40
9. 107 36
9. 108 22
9. 109 31
9. 110 31
9. 111 50
9. 112 17
9. 113 34
9. 114 44
9. 115 17
9. 116 42
9. 117 48
9. 118 17
9. 119 37
9. 120 11
9. 121 44
9. 122 42
9. 123 42
9. 124 16
9. 125 18
9. 126 27
9. 127 32
9. 128 40
9. 129 30
9. 130 37
9. 131 43
9. 132 49
9. 133 19
9. 134 36
9. 135 24
9. 136 37
9. 137 14
9. 138 30
9. 139 43
9. 140 37
9. 141 33
9. 142 31
9. 143 45
9. 144 27
9. 145 49
9. 146 17
9. 147 39
9. 148 30
9. 149 49
9. 150 15
9. 151 24
9. 152 24
9. 153 34
9. 154 11
9. 155 34
9. 156 29
9. 157 32
9. 158 39
9. 159 13
9. 160 27
9. 161 47
9. 162 31
9. 163 39
9. 164 12
9. 165 15
9. 166 38
9. 167 30
9. 168 25
9. 169 27
9. 170 33
9. 171 14
9. 172 11
9. 173 19
9. 174 47
9. 175 28
9. 176 25
9. 177 17
9. 178 11
9. 179 19
9. 180 41
9. 181 49
9. 182 32
9. 183 15
9. 184 11
9. 185 35
9. 186 41
9. 187 25
9. 188 50
9. 189 45
9. 190 18
9. 191 16
9. 192 38
9. 193 26
9. 194 42
9. 195 14
9. 196 36
9. 197 35
9. 198 25
9. 199 13
10. 0 17
10. 1 48
10. 2 16
10. 3 23
10. 4 31
10. 5 33
10. 6 27
10. 7 23
10. 8 48
10. 9 48
10. 10 44
10. 11 32
10. 12 48
10. 13 18
10. 14 41
10. 15 29
10. 16 29
10. 17 40
10. 18 26
10. 19 38
10. 20 44
10. 21 25
10. 22 30
10. 23 43
10. 24 18
10. 25 34
10. 26 36
10. 27 10
10. 28 32
10. 29 33
10. 30 29
10. 31 33
10. 32 42
10. 33 43
10. 34 44
10. 35 42
10. 36 27
10. 37 48
10. 38 38
10. 39 13
10. 40 33
10. 41 38
10. 42 25
10. 43 49
10. 44 24
10. 45 17
10. 46 48
10. 47 41
10. 48 36
10. 49 26
10. 50 38
10. 51 32
10. 52 26
10. 53 30
10. 54 15
10. 55 14
10. 56 21
10. 57 41
10. 58 29
10. 59 48
10. 60 38
10. 61 13
10. 62 33
10. 63 25
10. 64 31
10. 65 46
10. 66 32
10. 67 19
10. 68 11
10. 69 43
10. 70 13
10. 71 20
10. 72 24
10. 73 34
10. 74 42
10. 75 19
10. 76 32
10. 77 36
10. 78 15
10. 79 29
10. 80 17
10. 81 44
10. 82 38
10. 83 28
10. 84 50
10. 85 46
10. 86 28
10. 87 14
10. 88 40
10. 89 48
10. 90 15
10. 91 46
10. 92 15
10. 93 30
10. 94 14
10. 95 46
10. 96 19
10. 97 40
10. 98 31
10. 99 46
10. 100 42
10. 101 50
10. 102 48
10. 103 25
10. 104 48
10. 105 31
10. 106 32
10. 107 33
10. 108 14
10. 109 29
10. 110 16
10. 111 49
10. 112 20
10. 113 49
10. 114 46
10. 115 24
10. 116 15
10. 117 26
10. 118 36
10. 119 41
10. 120 13
10. 121 44
10. 122 40
10. 123 24
10. 124 50
10. 125 24
10. 126 24
10. 127 29
10. 128 27
10. 129 35
10. 130 26
10. 131 29
10. 132 20
10. 133 27
10. 134 22
10. 135 46
10. 136 33
10. 137 12
10. 138 28
10. 139 37
10. 140 36
10. 141 44
10. 142 39
10. 143 32
10. 144 36
10. 145 27
10. 146 10
10. 147 39
10. 148 25
10. 149 15
10. 150 41
10. 151 12
10. 152 23
10. 153 47
10. 154 42
10. 155 18
10. 156 30
10. 157 26
10. 158 29
10. 159 28
10. 160 16
10. 161 33
10. 162 15
10. 163 16
10. 164 10
10. 165 23
10. 166 18
10. 167 20
10. 168 15
10. 169 31
10. 170 36
10. 171 38
10. 172 50
10. 173 15
10. 174 26
10. 175 33
10. 176 39
10. 177 35
10. 178 18
10. 179 28
10. 180 25
10. 181 24
10. 182 38
10. 183 48
10. 184 15
10. 185 23
10. 186 14
10. 187 45
10. 188 49
10. 189 35
10. 190 25
10. 191 16
10. 192 15
10. 193 23
10. 194 50
10. 195 33
10. 196 41
10. 197 13
10. 198 26
10. 199 47
11. 0 12
11. 1 49
11. 2 38
11. 3 21
11. 4 50
11. 5 47
11. 6 33
11. 7 22
11. 8 28
11. 9 34
11. 10 47
11. 11 46
11. 12 48
11. 13 35
11. 14 16
11. 15 20
11. 16 40
11. 17 10
11. 18 46
11. 19 19
11. 20 41
11. 21 19
11. 22 47
11. 23 43
11. 24 33
11. 25 22
11. 26 34
11. 27 44
11. 28 25
11. 29 23
11. 30 33
11. 31 18
11. 32 26
11. 33 13
11. 34 26
11. 35 31
11. 36 33
11. 37 10
11. 38 29
11. 39 10
11. 40 26
11. 41 17
11. 42 50
11. 43 46
11. 44 45
11. 45 36
11. 46 39
11. 47 48
11. 48 50
11. 49 32
11. 50 36
11. 51 33
11. 52 29
11. 53 36
11. 54 40
11. 55 37
11. 56 25
11. 57 38
11. 58 49
11. 59 30
11. 60 38
11. 61 48
11. 62 18
11. 63 30
11. 64 40
11. 65 26
11. 66 50
11. 67 10
11. 68 43
11. 69 28
11. 70 16
11. 71 46
11. 72 40
11. 73 47
11. 74 32
11. 75 42
11. 76 15
11. 77 26
11. 78 42
11. 79 41
11. 80 22
11. 81 20
11. 82 19
11. 83 40
11. 84 35
11. 85 29
11. 86 24
11. 87 48
11. 88 49
11. 89 24
11. 90 26
11. 91 35
11. 92 40
11. 93 48
11. 94 35
11. 95 15
11. 96 24
11. 97 13
11. 98 49
11. 99 40
11. 100 45
11. 101 28
11. 102 34
11. 103 15
11. 104 17
11. 105 50
11. 106 14
11. 107 24
11. 108 42
11. 109 11
11. 110 37
11. 111 33
11. 112 39
11. 113 17
11. 114 45
11. 115 50
11. 116 47
11. 117 34
11. 118 14
11. 119 42
11. 120 27
11. 121 47
11. 122 34
11. 123 39
11. 124 34
11. 125 35
11. 126 10
11. 127 26
11. 128 10
11. 129 10
11. 130 18
11. 131 20
11. 132 48
11. 133 31
11. 134 31
11. 135 48
11. 136 13
11. 137 25
11. 138 30
11. 139 42
11. 140 49
11. 141 49
11. 142 26
11. 143 16
11. 144 44
11. 145 14
11. 146 13
11. 147 12
11. 148 16
11. 149 13
11. 150 17
11. 151 24
11. 152 23
11. 153 36
11. 154 32
11. 155 41
11. 156 28
11. 157 31
11. 158 26
11. 159 32
11. 160 17
11. 161 45
11. 162 49
11. 163 30
11. 164 25
11. 165 22
11. 166 32
11. 167 25
11. 168 26
11. 169 42
11. 170 47
11. 171 46
11. 172 45
11. 173 42
11. 174 49
11. 175 19
11. 176 45
11. 177 31
11. 178 43
11. 179 16
11. 180 18
11. 181 19
11. 182 34
11. 183 41
11. 184 50
11. 185 36
11. 186 34
11. 187 19
11. 188 32
11. 189 23
11. 190 37
11. 191 42
11. 192 44
11. 193 48
11. 194 41
11. 195 47
11. 196 34
11. 197 40
11. 198 15
11. 199 34
12. 0 36
12. 1 35
12. 2 45
12. 3 41
12. 4 44
12. 5 25
12. 6 16
12. 7 30
12. 8 34
12. 9 34
12. 10 21
12. 11 49
12. 12 12
12. 13 31
12. 14 19
12. 15 14
12. 16 16
12. 17 36
12. 18 29
12. 19 11
12. 20 22
12. 21 50
12. 22 30
12. 23 23
12. 24 33
12. 25 23
12. 26 33
12. 27 28
12. 28 15
12. 29 47
12. 30 33
12. 31 35
12. 32 48
12. 33 49
12. 34 19
12. 35 14
12. 36 21
12. 37 40
12. 38 34
12. 39 38
12. 40 29
12. 41 21
12. 42 11
12. 43 35
12. 44 40
12. 45 40
12. 46 43
12. 47 26
12. 48 22
12. 49 14
12. 50 18
12. 51 31
12. 52 16
12. 53 37
12. 54 29
12. 55 24
12. 56 35
12. 57 42
12. 58 34
12. 59 28
12. 60 33
12. 61 18
12. 62 10
12. 63 30
12. 64 10
12. 65 37
12. 66 19
12. 67 11
12. 68 40
12. 69 16
12. 70 40
12. 71 26
12. 72 27
12. 73 18
12. 74 12
12. 75 40
12. 76 28
12. 77 42
12. 78 47
12. 79 37
12. 80 27
12. 81 19
12. 82 17
12. 83 34
12. 84 37
12. 85 41
12. 86 49
12. 87 50
12. 88 39
12. 89 44
12. 90 29
12. 91 42
12. 92 37
12. 93 15
12. 94 27
12. 95 19
12. 96 16
12. 97 21
12. 98 27
12. 99 16
12. 100 41
12. 101 14
12. 102 49
12. 103 21
12. 104 13
12. 105 40
12. 106 33
12. 107 27
12. 108 27
12. 109 44
12. 110 47
12. 111 47
12. 112 16
12. 113 49
12. 114 15
12. 115 33
12. 116 29
12. 117 44
12. 118 19
12. 119 23
12. 120 21
12. 121 38
12. 122 14
12. 123 42
12. 124 16
12. 125 29
12. 126 36
12. 127 41
12. 128 21
12. 129 13
12. 130 39
12. 131 30
12. 132 14
12. 133 23
12. 134 25
12. 135 47
12. 136 35
12. 137 49
12. 138 18
12. 139 18
12. 140 50
12. 141 22
12. 142 14
12. 143 13
12. 144 36
12. 145 46
12. 146 15
12. 147 19
12. 148 24
12. 149 39
12. 150 25
12. 151 28
12. 152 21
12. 153 21
12. 154 43
12. 155 18
12. 156 50
12. 157 20
12. 158 25
12. 159 13
12. 160 47
12. 161 12
12. 162 24
12. 163 34
12. 164 32
12. 165 39
12. 166 10
12. 167 44
12. 168 42
12. 169 36
12. 170 48
12. 171 15
12. 172 35
12. 173 41
12. 174 32
12. 175 13
12. 176 39
12. 177 26
12. 178 34
12. 179 44
12. 180 14
12. 181 29
12. 182 22
12. 183 26
12. 184 21
12. 185 20
12. 186 18
12. 187 22
12. 188 14
12. 189 37
12. 190 13
12. 191 13
12. 192 14
12. 193 47
12. 194 47
12. 195 29
12. 196 48
12. 197 27
12. 198 40
12. 199 35
13. 0 49
13. 1 22
13. 2 12
13. 3 37
13. 4 43
13. 5 12
13. 6 17
13. 7 44
13. 8 42
13. 9 32
13. 10 22
13. 11 16
13. 12 39
13. 13 22
13. 14 42
13. 15 16
13. 16 27
13. 17 50
13. 18 20
13. 19 43
13. 20 35
13. 21 17
13. 22 16
13. 23 35
13. 24 33
13. 25 14
13. 26 23
13. 27 33
13. 28 22
13. 29 43
13. 30 19
13. 31 38
13. 32 14
13. 33 18
13. 34 17
13. 35 41
13. 36 19
13. 37 19
13. 38 42
13. 39 17
13. 40 42
13. 41 15
13. 42 24
13. 43 24
13. 44 16
13. 45 39
13. 46 29
13. 47 40
13. 48 31
13. 49 34
13. 50 21
13. 51 48
13. 52 38
13. 53 25
13. 54 42
13. 55 32
13. 56 34
13. 57 40
13. 58 47
13. 59 44
13. 60 37
13. 61 30
13. 62 10
13. 63 33
13. 64 41
13. 65 22
13. 66 24
13. 67 46
13. 68 34
13. 69 31
13. 70 11
13. 71 49
13. 72 24
13. 73 35
13. 74 17
13. 75 14
13. 76 33
13. 77 25
13. 78 42
13. 79 13
13. 80 45
13. 81 46
13. 82 49
13. 83 23
13. 84 34
13. 85 18
13. 86 11
13. 87 38
13. 88 11
13. 89 40
13. 90 20
13. 91 37
13. 92 19
13. 93 18
13. 94 30
13. 95 37
13. 96 14
13. 97 19
13. 98 45
13. 99 46
13. 100 38
13. 101 28
13. 102 23
13. 103 49
13. 104 34
13. 105 22
13. 106 33
13. 107 32
13. 108 16
13. 109 19
13. 110 12
13. 111 14
13. 112 27
13. 113 25
13. 114 21
13. 115 14
13. 116 37
13. 117 38
13. 118 42
13. 119 43
13. 120 24
13. 121 36
13. 122 23
13. 123 49
13. 124 20
13. 125 11
13. 126 47
13. 127 26
13. 128 44
13. 129 26
13. 130 26
13. 131 17
13. 132 28
13. 133 37
13. 134 11
13. 135 49
13. 136 23
13. 137 13
13. 138 39
13. 139 22
13. 140 20
13. 141 25
13. 142 27
13. 143 37
13. 144 40
13. 145 22
13. 146 34
13. 147 46
13. 148 27
13. 149 17
13. 150 42
13. 151 38
13. 152 35
13. 153 41
13. 154 28
13. 155 10
13. 156 13
13. 157 16
13. 158 22
13. 159 13
13. 160 23
13. 161 47
13. 162 50
13. 163 32
13. 164 45
13. 165 14
13. 166 21
13. 167 38
13. 168 45
13. 169 35
13. 170 11
13. 171 27
13. 172 19
13. 173 17
13. 174 46
13. 175 37
13. 176 48
13. 177 37
13. 178 34
13. 179 40
13. 180 24
13. 181 18
13. 182 34
13. 183 10
13. 184 30
13. 185 15
13. 186 20
13. 187 37
13. 188 16
13. 189 13
13. 190 35
13. 191 15
13. 192 29
13. 193 34
13. 194 49
13. 195 23
13. 196 11
13. 197 48
13. 198 12
13. 199 45
14. 0 17
14. 1 22
14. 2 26
14. 3 30
14. 4 35
14. 5 18
14. 6 22
14. 7 45
14. 8 40
14. 9 16
14. 10 23
14. 11 18
14. 12 15
14. 13 29
14. 14 36
14. 15 30
14. 16 18
14. 17 30
14. 18 40
14. 19 18
14. 20 11
14. 21 28
14. 22 33
14. 23 42
14. 24 44
14. 25 11
14. 26 13
14. 27 21
14. 28 16
14. 29 29
14. 30 20
14. 31 16
14. 32 44
14. 33 20
14. 34 48
14. 35 30
14. 36 49
14. 37 18
14. 38 22
14. 39 14
14. 40 30
14. 41 15
14. 42 16
14. 43 20
14. 44 29
14. 45 50
14. 46 17
14. 47 42
14. 48 36
14. 49 22
14. 50 21
14. 51 24
14. 52 24
14. 53 17
14. 54 43
14. 55 24
14. 56 30
14. 57 27
14. 58 25
14. 59 35
14. 60 30
14. 61 23
14. 62 31
14. 63 17
14. 64 48
14. 65 21
14. 66 17
14. 67 47
14. 68 50
14. 69 19
14. 70 28
14. 71 15
14. 72 12
14. 73 41
14. 74 43
14. 75 26
14. 76 19
14. 77 47
14. 78 24
14. 79 31
14. 80 17
14. 81 40
14. 82 31
14. 83 23
14. 84 43
14. 85 24
14. 86 41
14. 87 12
14. 88 17
14. 89 43
14. 90 19
14. 91 14
14. 92 28
14. 93 19
14. 94 25
14. 95 33
14. 96 20
14. 97 48
14. 98 10
14. 99 38
14. 100 27
14. 101 29
14. 102 13
14. 103 37
14. 104 50
14. 105 46
14. 106 24
14. 107 33
14. 108 22
14. 109 36
14. 110 14
14. 111 22
14. 112 46
14. 113 39
14. 114 31
14. 115 44
14. 116 21
14. 117 23
14. 118 39
14. 119 16
14. 120 17
14. 121 45
14. 122 25
14. 123 46
14. 124 30
14. 125 20
14. 126 20
14. 127 47
14. 128 13
14. 129 27
14. 130 34
14. 131 20
14. 132 17
14. 133 26
14. 134 28
14. 135 26
14. 136 25
14. 137 12
14. 138 18
14. 139 17
14. 140 40
14. 141 44
14. 142 18
14. 143 37
14. 144 26
14. 145 43
14. 146 36
14. 147 10
14. 148 35
14. 149 37
14. 150 43
14. 151 42
14. 152 27
14. 153 11
14. 154 47
14. 155 34
14. 156 17
14. 157 35
14. 158 23
14. 159 40
14. 160 24
14. 161 42
14. 162 29
14. 163 31
14. 164 17
14. 165 36
14. 166 33
14. 167 10
14. 168 46
14. 169 32
14. 170 14
14. 171 14
14. 172 36
14. 173 21
14. 174 23
14. 175 16
14. 176 46
14. 177 26
14. 178 33
14. 179 30
14. 180 46
14. 181 14
14. 182 10
14. 183 14
14. 184 24
14. 185 27
14. 186 21
14. 187 25
14. 188 16
14. 189 40
14. 190 37
14. 191 33
14. 192 34
14. 193 38
14. 194 32
14. 195 43
14. 196 32
14. 197 13
14. 198 24
14. 199 15
15. 0 44
15. 1 25
15. 2 17
15. 3 39
15. 4 18
15. 5 13
15. 6 48
15. 7 21
15. 8 18
15. 9 31
15. 10 27
15. 11 25
15. 12 16
15. 13 36
15. 14 15
15. 15 19
15. 16 13
15. 17 47
15. 18 19
15. 19 43
15. 20 18
15. 21 23
15. 22 17
15. 23 47
15. 24 46
15. 25 32
15. 26 12
15. 27 49
15. 28 24
15. 29 44
15. 30 33
15. 31 25
15. 32 13
15. 33 19
15. 34 44
15. 35 42
15. 36 40
15. 37 29
15. 38 24
15. 39 30
15. 40 40
15. 41 49
15. 42 32
15. 43 17
15. 44 37
15. 45 30
15. 46 46
15. 47 21
15. 48 22
15. 49 13
15. 50 45
15. 51 48
15. 52 15
15. 53 20
15. 54 36
15. 55 17
15. 56 49
15. 57 29
15. 58 32
15. 59 21
15. 60 47
15. 61 18
15. 62 41
15. 63 22
15. 64 15
15. 65 33
15. 66 46
15. 67 36
15. 68 36
15. 69 50
15. 70 42
15. 71 20
15. 72 29
15. 73 17
15. 74 39
15. 75 50
15. 76 36
15. 77 13
15. 78 39
15. 79 21
15. 80 20
15. 81 18
15. 82 37
15. 83 21
15. 84 47
15. 85 34
15. 86 34
15. 87 44
15. 88 14
15. 89 24
15. 90 50
15. 91 31
15. 92 31
15. 93 40
15. 94 26
15. 95 27
15. 96 11
15. 97 33
15. 98 28
15. 99 10
15. 100 25
15. 101 23
15. 102 19
15. 103 49
15. 104 11
15. 105 27
15. 106 10
15. 107 21
15. 108 32
15. 109 12
15. 110 11
15. 111 20
15. 112 44
15. 113 23
15. 114 27
15. 115 43
15. 116 33
15. 117 39
15. 118 32
15. 119 21
15. 120 17
15. 121 40
15. 122 33
15. 123 46
15. 124 35
15. 125 17
15. 126 40
15. 127 22
15. 128 28
15. 129 13
15. 130 10
15. 131 16
15. 132 32
15. 133 27
15. 134 32
15. 135 10
15. 136 34
15. 137 34
15. 138 46
15. 139 10
15. 140 42
15. 141 21
15. 142 50
15. 143 18
15. 144 29
15. 145 17
15. 146 21
15. 147 10
15. 148 20
15. 149 15
15. 150 39
15. 151 43
15. 152 39
15. 153 48
15. 154 49
15. 155 15
15. 156 40
15. 157 30
15. 158 46
15. 159 26
15. 160 36
15. 161 38
15. 162 24
15. 163 40
15. 164 44
15. 165 27
15. 166 27
15. 167 39
15. 168 47
15. 169 24
15. 170 13
15. 171 35
15. 172 10
15. 173 43
15. 174 36
15. 175 14
15. 176 20
15. 177 18
15. 178 40
15. 179 43
15. 180 15
15. 181 35
15. 182 20
15. 183 43
15. 184 41
15. 185 48
15. 186 13
15. 187 26
15. 188 30
15. 189 46
15. 190 44
15. 191 16
15. 192 29
15. 193 39
15. 194 38
15. 195 47
15. 196 50
15. 197 38
15. 198 27
15. 199 26
16. 0 26
16. 1 13
16. 2 41
16. 3 50
16. 4 43
16. 5 49
16. 6 45
16. 7 45
16. 8 42
16. 9 33
16. 10 35
16. 11 35
16. 12 33
16. 13 16
16. 14 16
16. 15 34
16. 16 50
16. 17 28
16. 18 20
16. 19 23
16. 20 34
16. 21 41
16. 22 24
16. 23 49
16. 24 25
16. 25 18
16. 26 29
16. 27 24
16. 28 45
16. 29 44
16. 30 49
16. 31 24
16. 32 50
16. 33 44
16. 34 25
16. 35 32
16. 36 50
16. 37 21
16. 38 27
16. 39 26
16. 40 24
16. 41 16
16. 42 14
16. 43 20
16. 44 48
16. 45 47
16. 46 17
16. 47 25
16. 48 36
16. 49 49
16. 50 13
16. 51 10
16. 52 46
16. 53 40
16. 54 14
16. 55 20
16. 56 24
16. 57 46
16. 58 34
16. 59 14
16. 60 27
16. 61 37
16. 62 19
16. 63 44
16. 64 21
16. 65 27
16. 66 39
16. 67 13
16. 68 26
16. 69 28
16. 70 44
16. 71 34
16. 72 41
16. 73 35
16. 74 38
16. 75 13
16. 76 41
16. 77 24
16. 78 11
16. 79 27
16. 80 35
16. 81 34
16. 82 32
16. 83 11
16. 84 18
16. 85 37
16. 86 35
16. 87 24
16. 88 14
16. 89 20
16. 90 18
16. 91 41
16. 92 40
16. 93 18
16. 94 23
16. 95 12
16. 96 25
16. 97 26
16. 98 49
16. 99 48
16. 100 49
16. 101 29
16. 102 32
16. 103 19
16. 104 28
16. 105 19
16. 106 21
16. 107 47
16. 108 37
16. 109 14
16. 110 17
16. 111 47
16. 112 25
16. 113 21
16. 114 50
16. 115 29
16. 116 34
16. 117 36
16. 118 17
16. 119 33
16. 120 43
16. 121 28
16. 122 46
16. 123 25
16. 124 48
16. 125 37
16. 126 17
16. 127 18
16. 128 12
16. 129 50
16. 130 34
16. 131 46
16. 132 41
16. 133 31
16. 134 43
16. 135 17
16. 136 28
16. 137 13
16. 138 12
16. 139 10
16. 140 21
16. 141 50
16. 142 50
16. 143 12
16. 144 47
16. 145 33
16. 146 13
16. 147 42
16. 148 15
16. 149 47
16. 150 50
16. 151 19
16. 152 22
16. 153 27
16. 154 29
16. 155 28
16. 156 19
16. 157 33
16. 158 33
16. 159 28
16. 160 38
16. 161 15
16. 162 29
16. 163 16
16. 164 46
16. 165 49
16. 166 39
16. 167 17
16. 168 24
16. 169 46
16. 170 34
16. 171 13
16. 172 27
16. 173 15
16. 174 36
16. 175 50
16. 176 46
16. 177 42
16. 178 44
16. 179 10
16. 180 10
16. 181 10
16. 182 12
16. 183 33
16. 184 50
16. 185 42
16. 186 18
16. 187 47
16. 188 50
16. 189 32
16. 190 12
16. 191 46
16. 192 16
16. 193 31
16. 194 40
16. 195 29
16. 196 35
16. 197 28
16. 198 20
16. 199 50
17. 0 25
17. 1 17
17. 2 41
17. 3 25
17. 4 49
17. 5 41
17. 6 16
17. 7 42
17. 8 33
17. 9 11
17. 10 34
17. 11 33
17. 12 29
17. 13 35
17. 14 21
17. 15 44
17. 16 45
17. 17 46
17. 18 37
17. 19 20
17. 20 35
17. 21 32
17. 22 15
17. 23 36
17. 24 11
17. 25 33
17. 26 50
17. 27 11
17. 28 19
17. 29 41
17. 30 16
17. 31 22
17. 32 23
17. 33 16
17. 34 43
17. 35 33
17. 36 46
17. 37 28
17. 38 28
17. 39 33
17. 40 39
17. 41 50
17. 42 12
17. 43 25
17. 44 47
17. 45 40
17. 46 23
17. 47 18
17. 48 32
17. 49 41
17. 50 41
17. 51 26
17. 52 36
17. 53 37
17. 54 14
17. 55 42
17. 56 27
17. 57 26
17. 58 10
17. 59 30
17. 60 17
17. 61 50
17. 62 13
17. 63 43
17. 64 35
17. 65 39
17. 66 23
17. 67 42
17. 68 19
17. 69 46
17. 70 17
17. 71 25
17. 72 43
17. 73 16
17. 74 22
17. 75 43
17. 76 42
17. 77 29
17. 78 43
17. 79 44
17. 80 19
17. 81 19
17. 82 40
17. 83 37
17. 84 38
17. 85 19
17. 86 13
17. 87 23
17. 88 11
17. 89 43
17. 90 13
17. 91 49
17. 92 48
17. 93 26
17. 94 30
17. 95 17
17. 96 18
17. 97 31
17. 98 18
17. 99 37
17. 100 17
17. 101 11
17. 102 49
17. 103 19
17. 104 45
17. 105 41
17. 106 37
17. 107 41
17. 108 36
17. 109 19
17. 110 13
17. 111 46
17. 112 39
17. 113 41
17. 114 17
17. 115 49
17. 116 27
17. 117 43
17. 118 12
17. 119 21
17. 120 17
17. 121 25
17. 122 40
17. 123 11
17. 124 15
17. 125 28
17. 126 41
17. 127 10
17. 128 39
17. 129 47
17. 130 41
17. 131 20
17. 132 50
17. 133 13
17. 134 17
17. 135 13
17. 136 27
17. 137 38
17. 138 47
17. 139 32
17. 140 17
17. 141 33
17. 142 26
17. 143 28
17. 144 24
17. 145 33
17. 146 12
17. 147 33
17. 148 38
17. 149 18
17. 150 46
17. 151 34
17. 152 42
17. 153 25
17. 154 47
17. 155 42
17. 156 29
17. 157 46
17. 158 50
17. 159 46
17. 160 22
17. 161 49
17. 162 34
17. 163 16
17. 164 50
17. 165 25
17. 166 13
17. 167 48
17. 168 41
17. 169 33
17. 170 14
17. 171 48
17. 172 13
17. 173 25
17. 174 45
17. 175 35
17. 176 15
17. 177 36
17. 178 36
17. 179 22
17. 180 24
17. 181 26
17. 182 19
17. 183 20
17. 184 24
17. 185 42
17. 186 42
17. 187 39
17. 188 39
17. 189 35
17. 190 19
17. 191 26
17. 192 40
17. 193 30
17. 194 37
17. 195 24
17. 196 35
17. 197 32
17. 198 41
17. 199 37
18. 0 36
18. 1 40
18. 2 36
18. 3 19
18. 4 18
18. 5 35
18. 6 26
18. 7 26
18. 8 35
18. 9 33
18. 10 33
18. 11 26
18. 12 26
18. 13 33
18. 14 33
18. 15 14
18. 16 49
18. 17 23
18. 18 11
18. 19 44
18. 20 42
18. 21 41
18. 22 22
18. 23 10
18. 24 26
18. 25 10
18. 26 20
18. 27 23
18. 28 26
18. 29 27
18. 30 17
18. 31 18
18. 32 28
18. 33 23
18. 34 24
18. 35 15
18. 36 31
18. 37 34
18. 38 41
18. 39 43
18. 40 50
18. 41 41
18. 42 43
18. 43 34
18. 44 47
18. 45 18
18. 46 22
18. 47 13
18. 48 21
18. 49 27
18. 50 31
18. 51 35
18. 52 36
18. 53 40
18. 54 47
18. 55 21
18. 56 19
18. 57 39
18. 58 10
18. 59 13
18. 60 10
18. 61 11
18. 62 14
18. 63 25
18. 64 16
18. 65 12
18. 66 21
18. 67 44
18. 68 50
18. 69 41
18. 70 34
18. 71 44
18. 72 50
18. 73 23
18. 74 37
18. 75 12
18. 76 13
18. 77 47
18. 78 35
18. 79 10
18. 80 35
18. 81 20
18. 82 32
18. 83 10
18. 84 24
18. 85 13
18. 86 35
18. 87 35
18. 88 42
18. 89 35
18. 90 49
18. 91 10
18. 92 15
18. 93 36
18. 94 16
18. 95 12
18. 96 25
18. 97 29
18. 98 46
18. 99 12
18. 100 42
18. 101 43
18. 102 23
18. 103 27
18. 104 50
18. 105 12
18. 106 44
18. 107 29
18. 108 16
18. 109 34
18. 110 34
18. 111 38
18. 112 43
18. 113 36
18. 114 40
18. 115 26
18. 116 13
18. 117 35
18. 118 42
18. 119 30
18. 120 19
18. 121 24
18. 122 26
18. 123 10
18. 124 33
18. 125 40
18. 126 43
18. 127 10
18. 128 21
18. 129 43
18. 130 50
18. 131 46
18. 132 14
18. 133 36
18. 134 22
18. 135 30
18. 136 46
18. 137 29
18. 138 21
18. 139 50
18. 140 31
18. 141 23
18. 142 12
18. 143 47
18. 144 25
18. 145 17
18. 146 13
18. 147 36
18. 148 14
18. 149 24
18. 150 37
18. 151 22
18. 152 22
18. 153 23
18. 154 10
18. 155 29
18. 156 20
18. 157 10
18. 158 25
18. 159 10
18. 160 33
18. 161 49
18. 162 38
18. 163 49
18. 164 20
18. 165 26
18. 166 36
18. 167 48
18. 168 20
18. 169 44
18. 170 25
18. 171 16
18. 172 34
18. 173 27
18. 174 43
18. 175 28
18. 176 24
18. 177 18
18. 178 45
18. 179 14
18. 180 42
18. 181 31
18. 182 21
18. 183 26
18. 184 23
18. 185 36
18. 186 43
18. 187 17
18. 188 18
18. 189 25
18. 190 10
18. 191 43
18. 192 37
18. 193 36
18. 194 30
18. 195 23
18. 196 35
18. 197 27
18. 198 24
18. 199 33
19. 0 18
19. 1 14
19. 2 42
19. 3 13
19. 4 50
19. 5 27
19. 6 26
19. 7 50
19. 8 25
19. 9 39
19. 10 39
19. 11 34
19. 12 32
19. 13 34
19. 14 34
19. 15 14
19. 16 19
19. 17 15
19. 18 17
19. 19 30
19. 20 29
19. 21 49
19. 22 39
19. 23 13
19. 24 31
19. 25 19
19. 26 19
19. 27 32
19. 28 39
19. 29 21
19. 30 20
19. 31 20
19. 32 30
19. 33 10
19. 34 34
19. 35 21
19. 36 21
19. 37 11
19. 38 20
19. 39 19
19. 40 40
19. 41 28
19. 42 37
19. 43 25
19. 44 48
19. 45 20
19. 46 23
19. 47 41
19. 48 31
19. 49 23
19. 50 43
19. 51 16
19. 52 21
19. 53 16
19. 54 23
19. 55 31
19. 56 36
19. 57 43
19. 58 12
19. 59 37
19. 60 14
19. 61 40
19. 62 11
19. 63 41
19. 64 27
19. 65 46
19. 66 15
19. 67 41
19. 68 19
19. 69 20
19. 70 35
19. 71 45
19. 72 19
19. 73 45
19. 74 12
19. 75 19
19. 76 34
19. 77 24
19. 78 15
19. 79 36
19. 80 24
19. 81 30
19. 82 41
19. 83 27
19. 84 47
19. 85 30
19. 86 32
19. 87 42
19. 88 18
19. 89 17
19. 90 29
19. 91 14
19. 92 31
19. 93 44
19. 94 20
19. 95 45
19. 96 46
19. 97 47
19. 98 16
19. 99 11
19. 100 37
19. 101 19
19. 102 36
19. 103 28
19. 104 23
19. 105 17
19. 106 32
19. 107 23
19. 108 20
19. 109 12
19. 110 26
19. 111 49
19. 112 27
19. 113 36
19. 114 28
19. 115 49
19. 116 40
19. 117 43
19. 118 47
19. 119 28
19. 120 47
19. 121 48
19. 122 25
19. 123 45
19. 124 38
19. 125 42
19. 126 19
19. 127 21
19. 128 27
19. 129 47
19. 130 40
19. 131 50
19. 132 32
19. 133 27
19. 134 20
19. 135 36
19. 136 11
19. 137 19
19. 138 18
19. 139 26
19. 140 39
19. 141 36
19. 142 28
19. 143 49
19. 144 10
19. 145 29
19. 146 33
19. 147 10
19. 148 19
19. 149 13
19. 150 42
19. 151 15
19. 152 13
19. 153 22
19. 154 47
19. 155 23
19. 156 31
19. 157 10
19. 158 17
19. 159 39
19. 160 15
19. 161 29
19. 162 20
19. 163 12
19. 164 45
19. 165 26
19. 166 20
19. 167 50
19. 168 10
19. 169 38
19. 170 24
19. 171 32
19. 172 48
19. 173 39
19. 174 26
19. 175 43
19. 176 11
19. 177 25
19. 178 19
19. 179 16
19. 180 48
19. 181 32
19. 182 26
19. 183 23
19. 184 38
19. 185 19
19. 186 37
19. 187 26
19. 188 48
19. 189 17
19. 190 18
19. 191 43
19. 192 37
19. 193 43
19. 194 29
19. 195 15
19. 196 39
19. 197 11
19. 198 21
19. 199 11
/;
parameter a(i,j)/
0. 0 19
0. 1 21
0. 2 24
0. 3 8
0. 4 19
0. 5 7
0. 6 7
0. 7 14
0. 8 22
0. 9 20
0. 10 13
0. 11 14
0. 12 9
0. 13 21
0. 14 10
0. 15 6
0. 16 6
0. 17 21
0. 18 18
0. 19 24
0. 20 5
0. 21 12
0. 22 25
0. 23 24
0. 24 7
0. 25 11
0. 26 19
0. 27 20
0. 28 15
0. 29 21
0. 30 19
0. 31 20
0. 32 6
0. 33 16
0. 34 24
0. 35 17
0. 36 18
0. 37 15
0. 38 24
0. 39 18
0. 40 25
0. 41 11
0. 42 8
0. 43 8
0. 44 17
0. 45 25
0. 46 7
0. 47 6
0. 48 10
0. 49 18
0. 50 12
0. 51 5
0. 52 16
0. 53 8
0. 54 5
0. 55 10
0. 56 25
0. 57 7
0. 58 25
0. 59 6
0. 60 23
0. 61 7
0. 62 14
0. 63 23
0. 64 13
0. 65 18
0. 66 7
0. 67 9
0. 68 8
0. 69 9
0. 70 19
0. 71 15
0. 72 18
0. 73 8
0. 74 14
0. 75 14
0. 76 21
0. 77 11
0. 78 14
0. 79 19
0. 80 7
0. 81 9
0. 82 15
0. 83 13
0. 84 22
0. 85 21
0. 86 12
0. 87 12
0. 88 25
0. 89 20
0. 90 6
0. 91 25
0. 92 12
0. 93 18
0. 94 22
0. 95 18
0. 96 8
0. 97 23
0. 98 10
0. 99 21
0. 100 5
0. 101 5
0. 102 23
0. 103 22
0. 104 19
0. 105 24
0. 106 23
0. 107 18
0. 108 12
0. 109 10
0. 110 24
0. 111 9
0. 112 17
0. 113 21
0. 114 25
0. 115 17
0. 116 22
0. 117 6
0. 118 16
0. 119 19
0. 120 20
0. 121 16
0. 122 6
0. 123 5
0. 124 24
0. 125 9
0. 126 22
0. 127 10
0. 128 15
0. 129 21
0. 130 15
0. 131 19
0. 132 9
0. 133 22
0. 134 24
0. 135 15
0. 136 16
0. 137 24
0. 138 9
0. 139 17
0. 140 23
0. 141 13
0. 142 5
0. 143 22
0. 144 7
0. 145 8
0. 146 8
0. 147 19
0. 148 16
0. 149 5
0. 150 23
0. 151 15
0. 152 15
0. 153 21
0. 154 18
0. 155 10
0. 156 22
0. 157 9
0. 158 14
0. 159 24
0. 160 9
0. 161 17
0. 162 12
0. 163 18
0. 164 21
0. 165 22
0. 166 7
0. 167 12
0. 168 9
0. 169 8
0. 170 20
0. 171 17
0. 172 5
0. 173 18
0. 174 8
0. 175 19
0. 176 19
0. 177 25
0. 178 19
0. 179 8
0. 180 6
0. 181 25
0. 182 16
0. 183 7
0. 184 6
0. 185 11
0. 186 16
0. 187 8
0. 188 10
0. 189 6
0. 190 14
0. 191 22
0. 192 18
0. 193 11
0. 194 17
0. 195 25
0. 196 23
0. 197 14
0. 198 17
0. 199 7
1. 0 12
1. 1 14
1. 2 24
1. 3 10
1. 4 17
1. 5 6
1. 6 14
1. 7 24
1. 8 25
1. 9 16
1. 10 17
1. 11 5
1. 12 16
1. 13 13
1. 14 17
1. 15 21
1. 16 22
1. 17 21
1. 18 6
1. 19 20
1. 20 15
1. 21 13
1. 22 13
1. 23 5
1. 24 19
1. 25 17
1. 26 16
1. 27 11
1. 28 18
1. 29 9
1. 30 9
1. 31 16
1. 32 7
1. 33 10
1. 34 21
1. 35 24
1. 36 14
1. 37 24
1. 38 25
1. 39 19
1. 40 9
1. 41 24
1. 42 9
1. 43 19
1. 44 10
1. 45 6
1. 46 22
1. 47 20
1. 48 22
1. 49 16
1. 50 21
1. 51 14
1. 52 6
1. 53 9
1. 54 20
1. 55 18
1. 56 24
1. 57 21
1. 58 17
1. 59 23
1. 60 15
1. 61 6
1. 62 22
1. 63 12
1. 64 11
1. 65 22
1. 66 13
1. 67 9
1. 68 17
1. 69 20
1. 70 16
1. 71 5
1. 72 10
1. 73 22
1. 74 10
1. 75 7
1. 76 18
1. 77 24
1. 78 5
1. 79 8
1. 80 19
1. 81 19
1. 82 17
1. 83 8
1. 84 12
1. 85 16
1. 86 21
1. 87 21
1. 88 13
1. 89 6
1. 90 19
1. 91 11
1. 92 21
1. 93 25
1. 94 5
1. 95 10
1. 96 13
1. 97 5
1. 98 15
1. 99 10
1. 100 6
1. 101 10
1. 102 24
1. 103 25
1. 104 15
1. 105 20
1. 106 20
1. 107 19
1. 108 6
1. 109 5
1. 110 19
1. 111 9
1. 112 16
1. 113 24
1. 114 20
1. 115 11
1. 116 7
1. 117 21
1. 118 20
1. 119 14
1. 120 24
1. 121 10
1. 122 5
1. 123 21
1. 124 6
1. 125 9
1. 126 12
1. 127 22
1. 128 11
1. 129 15
1. 130 24
1. 131 20
1. 132 5
1. 133 13
1. 134 19
1. 135 18
1. 136 24
1. 137 23
1. 138 7
1. 139 10
1. 140 8
1. 141 23
1. 142 10
1. 143 6
1. 144 9
1. 145 21
1. 146 22
1. 147 18
1. 148 24
1. 149 15
1. 150 15
1. 151 17
1. 152 20
1. 153 23
1. 154 7
1. 155 22
1. 156 24
1. 157 12
1. 158 6
1. 159 21
1. 160 18
1. 161 18
1. 162 25
1. 163 18
1. 164 20
1. 165 13
1. 166 10
1. 167 23
1. 168 8
1. 169 8
1. 170 6
1. 171 7
1. 172 16
1. 173 25
1. 174 25
1. 175 21
1. 176 6
1. 177 16
1. 178 22
1. 179 17
1. 180 19
1. 181 13
1. 182 24
1. 183 10
1. 184 21
1. 185 10
1. 186 25
1. 187 16
1. 188 6
1. 189 25
1. 190 11
1. 191 18
1. 192 16
1. 193 15
1. 194 10
1. 195 17
1. 196 16
1. 197 16
1. 198 21
1. 199 20
2. 0 14
2. 1 9
2. 2 18
2. 3 7
2. 4 24
2. 5 9
2. 6 23
2. 7 14
2. 8 6
2. 9 5
2. 10 25
2. 11 23
2. 12 9
2. 13 16
2. 14 19
2. 15 13
2. 16 16
2. 17 12
2. 18 21
2. 19 14
2. 20 10
2. 21 7
2. 22 8
2. 23 24
2. 24 23
2. 25 23
2. 26 20
2. 27 17
2. 28 24
2. 29 15
2. 30 15
2. 31 7
2. 32 16
2. 33 12
2. 34 12
2. 35 15
2. 36 10
2. 37 17
2. 38 25
2. 39 7
2. 40 22
2. 41 25
2. 42 24
2. 43 21
2. 44 16
2. 45 6
2. 46 12
2. 47 22
2. 48 8
2. 49 23
2. 50 7
2. 51 16
2. 52 14
2. 53 23
2. 54 15
2. 55 10
2. 56 24
2. 57 11
2. 58 19
2. 59 8
2. 60 11
2. 61 7
2. 62 10
2. 63 24
2. 64 23
2. 65 19
2. 66 23
2. 67 25
2. 68 12
2. 69 12
2. 70 25
2. 71 21
2. 72 15
2. 73 20
2. 74 18
2. 75 5
2. 76 21
2. 77 16
2. 78 9
2. 79 15
2. 80 10
2. 81 11
2. 82 23
2. 83 10
2. 84 16
2. 85 17
2. 86 24
2. 87 7
2. 88 19
2. 89 25
2. 90 21
2. 91 8
2. 92 13
2. 93 12
2. 94 22
2. 95 5
2. 96 12
2. 97 5
2. 98 11
2. 99 21
2. 100 11
2. 101 5
2. 102 15
2. 103 14
2. 104 21
2. 105 13
2. 106 13
2. 107 21
2. 108 5
2. 109 15
2. 110 15
2. 111 9
2. 112 7
2. 113 19
2. 114 14
2. 115 17
2. 116 19
2. 117 23
2. 118 25
2. 119 23
2. 120 19
2. 121 24
2. 122 5
2. 123 8
2. 124 24
2. 125 16
2. 126 23
2. 127 8
2. 128 18
2. 129 21
2. 130 9
2. 131 16
2. 132 8
2. 133 9
2. 134 6
2. 135 6
2. 136 7
2. 137 22
2. 138 25
2. 139 20
2. 140 17
2. 141 22
2. 142 10
2. 143 22
2. 144 18
2. 145 25
2. 146 13
2. 147 24
2. 148 25
2. 149 16
2. 150 7
2. 151 6
2. 152 7
2. 153 20
2. 154 20
2. 155 24
2. 156 19
2. 157 8
2. 158 23
2. 159 9
2. 160 22
2. 161 11
2. 162 10
2. 163 14
2. 164 10
2. 165 23
2. 166 24
2. 167 15
2. 168 12
2. 169 14
2. 170 11
2. 171 5
2. 172 22
2. 173 19
2. 174 12
2. 175 7
2. 176 10
2. 177 20
2. 178 19
2. 179 7
2. 180 19
2. 181 16
2. 182 16
2. 183 5
2. 184 19
2. 185 22
2. 186 16
2. 187 24
2. 188 17
2. 189 22
2. 190 7
2. 191 25
2. 192 20
2. 193 14
2. 194 18
2. 195 6
2. 196 21
2. 197 8
2. 198 9
2. 199 18
3. 0 7
3. 1 17
3. 2 19
3. 3 9
3. 4 9
3. 5 11
3. 6 17
3. 7 21
3. 8 6
3. 9 11
3. 10 17
3. 11 15
3. 12 9
3. 13 9
3. 14 12
3. 15 8
3. 16 19
3. 17 11
3. 18 16
3. 19 23
3. 20 18
3. 21 17
3. 22 20
3. 23 7
3. 24 19
3. 25 24
3. 26 22
3. 27 14
3. 28 9
3. 29 12
3. 30 25
3. 31 13
3. 32 15
3. 33 9
3. 34 24
3. 35 12
3. 36 10
3. 37 9
3. 38 14
3. 39 18
3. 40 20
3. 41 17
3. 42 22
3. 43 23
3. 44 25
3. 45 25
3. 46 12
3. 47 21
3. 48 8
3. 49 5
3. 50 6
3. 51 9
3. 52 24
3. 53 15
3. 54 21
3. 55 12
3. 56 19
3. 57 6
3. 58 19
3. 59 9
3. 60 25
3. 61 6
3. 62 6
3. 63 16
3. 64 9
3. 65 25
3. 66 25
3. 67 6
3. 68 18
3. 69 10
3. 70 14
3. 71 10
3. 72 15
3. 73 14
3. 74 12
3. 75 17
3. 76 15
3. 77 14
3. 78 14
3. 79 9
3. 80 15
3. 81 16
3. 82 21
3. 83 18
3. 84 18
3. 85 23
3. 86 7
3. 87 12
3. 88 9
3. 89 6
3. 90 11
3. 91 12
3. 92 20
3. 93 7
3. 94 6
3. 95 23
3. 96 17
3. 97 11
3. 98 9
3. 99 11
3. 100 6
3. 101 10
3. 102 21
3. 103 13
3. 104 8
3. 105 11
3. 106 16
3. 107 11
3. 108 14
3. 109 16
3. 110 7
3. 111 20
3. 112 24
3. 113 6
3. 114 22
3. 115 12
3. 116 6
3. 117 13
3. 118 12
3. 119 22
3. 120 14
3. 121 18
3. 122 10
3. 123 11
3. 124 8
3. 125 14
3. 126 17
3. 127 8
3. 128 16
3. 129 12
3. 130 13
3. 131 16
3. 132 13
3. 133 15
3. 134 18
3. 135 18
3. 136 9
3. 137 12
3. 138 6
3. 139 11
3. 140 16
3. 141 14
3. 142 23
3. 143 16
3. 144 7
3. 145 17
3. 146 15
3. 147 8
3. 148 17
3. 149 21
3. 150 6
3. 151 11
3. 152 7
3. 153 13
3. 154 13
3. 155 6
3. 156 25
3. 157 11
3. 158 25
3. 159 8
3. 160 16
3. 161 24
3. 162 17
3. 163 20
3. 164 16
3. 165 12
3. 166 23
3. 167 17
3. 168 18
3. 169 14
3. 170 24
3. 171 10
3. 172 18
3. 173 14
3. 174 5
3. 175 24
3. 176 11
3. 177 23
3. 178 17
3. 179 8
3. 180 19
3. 181 6
3. 182 18
3. 183 13
3. 184 16
3. 185 17
3. 186 23
3. 187 6
3. 188 6
3. 189 7
3. 190 14
3. 191 15
3. 192 21
3. 193 16
3. 194 9
3. 195 11
3. 196 15
3. 197 14
3. 198 12
3. 199 21
4. 0 7
4. 1 10
4. 2 15
4. 3 11
4. 4 17
4. 5 6
4. 6 18
4. 7 5
4. 8 15
4. 9 11
4. 10 9
4. 11 5
4. 12 23
4. 13 15
4. 14 10
4. 15 19
4. 16 18
4. 17 7
4. 18 11
4. 19 7
4. 20 14
4. 21 16
4. 22 5
4. 23 24
4. 24 23
4. 25 17
4. 26 25
4. 27 6
4. 28 13
4. 29 18
4. 30 20
4. 31 22
4. 32 21
4. 33 6
4. 34 15
4. 35 6
4. 36 13
4. 37 7
4. 38 20
4. 39 25
4. 40 8
4. 41 25
4. 42 20
4. 43 23
4. 44 23
4. 45 15
4. 46 5
4. 47 18
4. 48 24
4. 49 21
4. 50 15
4. 51 18
4. 52 7
4. 53 15
4. 54 18
4. 55 25
4. 56 7
4. 57 25
4. 58 5
4. 59 14
4. 60 15
4. 61 24
4. 62 14
4. 63 7
4. 64 16
4. 65 25
4. 66 5
4. 67 18
4. 68 10
4. 69 16
4. 70 7
4. 71 23
4. 72 11
4. 73 22
4. 74 25
4. 75 11
4. 76 13
4. 77 20
4. 78 22
4. 79 20
4. 80 16
4. 81 24
4. 82 20
4. 83 15
4. 84 10
4. 85 5
4. 86 5
4. 87 12
4. 88 13
4. 89 14
4. 90 21
4. 91 9
4. 92 5
4. 93 18
4. 94 22
4. 95 9
4. 96 20
4. 97 20
4. 98 14
4. 99 16
4. 100 11
4. 101 17
4. 102 14
4. 103 23
4. 104 19
4. 105 13
4. 106 5
4. 107 11
4. 108 12
4. 109 7
4. 110 13
4. 111 14
4. 112 7
4. 113 20
4. 114 17
4. 115 23
4. 116 6
4. 117 15
4. 118 21
4. 119 17
4. 120 9
4. 121 15
4. 122 5
4. 123 19
4. 124 13
4. 125 10
4. 126 6
4. 127 15
4. 128 12
4. 129 22
4. 130 16
4. 131 24
4. 132 22
4. 133 19
4. 134 10
4. 135 5
4. 136 16
4. 137 25
4. 138 11
4. 139 15
4. 140 17
4. 141 19
4. 142 12
4. 143 10
4. 144 5
4. 145 5
4. 146 25
4. 147 17
4. 148 25
4. 149 13
4. 150 11
4. 151 9
4. 152 18
4. 153 9
4. 154 23
4. 155 18
4. 156 7
4. 157 15
4. 158 8
4. 159 14
4. 160 6
4. 161 15
4. 162 12
4. 163 8
4. 164 10
4. 165 13
4. 166 23
4. 167 11
4. 168 20
4. 169 17
4. 170 19
4. 171 21
4. 172 9
4. 173 23
4. 174 8
4. 175 14
4. 176 7
4. 177 12
4. 178 8
4. 179 24
4. 180 11
4. 181 16
4. 182 24
4. 183 20
4. 184 11
4. 185 15
4. 186 22
4. 187 10
4. 188 20
4. 189 10
4. 190 5
4. 191 12
4. 192 25
4. 193 17
4. 194 12
4. 195 10
4. 196 5
4. 197 20
4. 198 16
4. 199 21
5. 0 20
5. 1 25
5. 2 10
5. 3 19
5. 4 11
5. 5 7
5. 6 6
5. 7 15
5. 8 23
5. 9 5
5. 10 20
5. 11 15
5. 12 19
5. 13 22
5. 14 19
5. 15 18
5. 16 15
5. 17 24
5. 18 20
5. 19 9
5. 20 24
5. 21 20
5. 22 11
5. 23 17
5. 24 24
5. 25 23
5. 26 11
5. 27 19
5. 28 19
5. 29 18
5. 30 10
5. 31 11
5. 32 17
5. 33 17
5. 34 16
5. 35 6
5. 36 7
5. 37 10
5. 38 8
5. 39 18
5. 40 13
5. 41 6
5. 42 18
5. 43 16
5. 44 19
5. 45 15
5. 46 17
5. 47 13
5. 48 5
5. 49 21
5. 50 19
5. 51 19
5. 52 15
5. 53 11
5. 54 17
5. 55 16
5. 56 9
5. 57 19
5. 58 11
5. 59 11
5. 60 25
5. 61 14
5. 62 23
5. 63 24
5. 64 25
5. 65 17
5. 66 12
5. 67 13
5. 68 25
5. 69 9
5. 70 15
5. 71 9
5. 72 11
5. 73 8
5. 74 9
5. 75 18
5. 76 5
5. 77 24
5. 78 14
5. 79 13
5. 80 12
5. 81 9
5. 82 9
5. 83 12
5. 84 10
5. 85 16
5. 86 9
5. 87 13
5. 88 23
5. 89 5
5. 90 23
5. 91 15
5. 92 18
5. 93 20
5. 94 9
5. 95 14
5. 96 7
5. 97 23
5. 98 23
5. 99 15
5. 100 10
5. 101 9
5. 102 22
5. 103 14
5. 104 24
5. 105 21
5. 106 5
5. 107 25
5. 108 15
5. 109 21
5. 110 24
5. 111 5
5. 112 16
5. 113 22
5. 114 8
5. 115 10
5. 116 9
5. 117 10
5. 118 14
5. 119 14
5. 120 14
5. 121 21
5. 122 21
5. 123 7
5. 124 14
5. 125 9
5. 126 20
5. 127 22
5. 128 22
5. 129 6
5. 130 18
5. 131 19
5. 132 14
5. 133 19
5. 134 22
5. 135 19
5. 136 6
5. 137 7
5. 138 7
5. 139 5
5. 140 5
5. 141 24
5. 142 14
5. 143 17
5. 144 9
5. 145 8
5. 146 20
5. 147 5
5. 148 13
5. 149 14
5. 150 13
5. 151 23
5. 152 7
5. 153 14
5. 154 9
5. 155 14
5. 156 14
5. 157 21
5. 158 24
5. 159 22
5. 160 16
5. 161 14
5. 162 14
5. 163 21
5. 164 8
5. 165 10
5. 166 25
5. 167 5
5. 168 9
5. 169 5
5. 170 22
5. 171 24
5. 172 16
5. 173 12
5. 174 14
5. 175 15
5. 176 16
5. 177 14
5. 178 15
5. 179 18
5. 180 24
5. 181 13
5. 182 24
5. 183 25
5. 184 17
5. 185 11
5. 186 18
5. 187 11
5. 188 19
5. 189 19
5. 190 5
5. 191 10
5. 192 11
5. 193 7
5. 194 18
5. 195 7
5. 196 8
5. 197 21
5. 198 18
5. 199 18
6. 0 13
6. 1 6
6. 2 20
6. 3 7
6. 4 10
6. 5 12
6. 6 5
6. 7 5
6. 8 13
6. 9 15
6. 10 10
6. 11 18
6. 12 6
6. 13 17
6. 14 23
6. 15 21
6. 16 9
6. 17 9
6. 18 23
6. 19 24
6. 20 9
6. 21 11
6. 22 8
6. 23 25
6. 24 19
6. 25 21
6. 26 18
6. 27 11
6. 28 7
6. 29 11
6. 30 5
6. 31 20
6. 32 10
6. 33 18
6. 34 24
6. 35 18
6. 36 10
6. 37 16
6. 38 9
6. 39 13
6. 40 9
6. 41 5
6. 42 11
6. 43 24
6. 44 8
6. 45 18
6. 46 21
6. 47 15
6. 48 24
6. 49 25
6. 50 8
6. 51 5
6. 52 11
6. 53 9
6. 54 9
6. 55 18
6. 56 25
6. 57 5
6. 58 13
6. 59 19
6. 60 25
6. 61 9
6. 62 8
6. 63 13
6. 64 5
6. 65 20
6. 66 20
6. 67 23
6. 68 22
6. 69 15
6. 70 24
6. 71 22
6. 72 25
6. 73 11
6. 74 8
6. 75 6
6. 76 17
6. 77 15
6. 78 7
6. 79 8
6. 80 10
6. 81 24
6. 82 5
6. 83 21
6. 84 11
6. 85 11
6. 86 6
6. 87 25
6. 88 23
6. 89 24
6. 90 7
6. 91 22
6. 92 19
6. 93 23
6. 94 23
6. 95 19
6. 96 16
6. 97 6
6. 98 23
6. 99 22
6. 100 13
6. 101 10
6. 102 22
6. 103 17
6. 104 10
6. 105 13
6. 106 20
6. 107 23
6. 108 24
6. 109 10
6. 110 9
6. 111 23
6. 112 12
6. 113 8
6. 114 10
6. 115 22
6. 116 17
6. 117 17
6. 118 10
6. 119 19
6. 120 23
6. 121 15
6. 122 14
6. 123 25
6. 124 12
6. 125 8
6. 126 24
6. 127 19
6. 128 9
6. 129 9
6. 130 13
6. 131 23
6. 132 12
6. 133 24
6. 134 16
6. 135 21
6. 136 10
6. 137 8
6. 138 11
6. 139 20
6. 140 20
6. 141 11
6. 142 8
6. 143 19
6. 144 24
6. 145 16
6. 146 8
6. 147 12
6. 148 19
6. 149 11
6. 150 12
6. 151 14
6. 152 24
6. 153 12
6. 154 10
6. 155 18
6. 156 6
6. 157 24
6. 158 23
6. 159 12
6. 160 6
6. 161 11
6. 162 18
6. 163 21
6. 164 11
6. 165 24
6. 166 12
6. 167 16
6. 168 21
6. 169 5
6. 170 15
6. 171 17
6. 172 20
6. 173 8
6. 174 5
6. 175 17
6. 176 10
6. 177 18
6. 178 10
6. 179 23
6. 180 9
6. 181 5
6. 182 17
6. 183 22
6. 184 17
6. 185 22
6. 186 23
6. 187 25
6. 188 7
6. 189 12
6. 190 7
6. 191 21
6. 192 19
6. 193 11
6. 194 12
6. 195 25
6. 196 23
6. 197 22
6. 198 18
6. 199 25
7. 0 9
7. 1 9
7. 2 9
7. 3 18
7. 4 20
7. 5 17
7. 6 16
7. 7 16
7. 8 10
7. 9 20
7. 10 15
7. 11 14
7. 12 22
7. 13 13
7. 14 8
7. 15 14
7. 16 6
7. 17 6
7. 18 22
7. 19 16
7. 20 22
7. 21 22
7. 22 24
7. 23 22
7. 24 10
7. 25 21
7. 26 19
7. 27 9
7. 28 22
7. 29 14
7. 30 13
7. 31 9
7. 32 16
7. 33 19
7. 34 20
7. 35 20
7. 36 17
7. 37 18
7. 38 14
7. 39 15
7. 40 15
7. 41 20
7. 42 5
7. 43 19
7. 44 12
7. 45 12
7. 46 7
7. 47 22
7. 48 8
7. 49 21
7. 50 7
7. 51 11
7. 52 19
7. 53 5
7. 54 12
7. 55 13
7. 56 19
7. 57 7
7. 58 24
7. 59 21
7. 60 25
7. 61 23
7. 62 16
7. 63 9
7. 64 10
7. 65 7
7. 66 20
7. 67 8
7. 68 12
7. 69 14
7. 70 9
7. 71 11
7. 72 25
7. 73 14
7. 74 16
7. 75 16
7. 76 19
7. 77 6
7. 78 11
7. 79 15
7. 80 9
7. 81 16
7. 82 6
7. 83 22
7. 84 8
7. 85 19
7. 86 12
7. 87 15
7. 88 9
7. 89 13
7. 90 25
7. 91 12
7. 92 11
7. 93 10
7. 94 24
7. 95 5
7. 96 18
7. 97 22
7. 98 7
7. 99 16
7. 100 6
7. 101 16
7. 102 9
7. 103 24
7. 104 13
7. 105 11
7. 106 23
7. 107 14
7. 108 21
7. 109 23
7. 110 12
7. 111 5
7. 112 8
7. 113 16
7. 114 11
7. 115 25
7. 116 25
7. 117 23
7. 118 20
7. 119 24
7. 120 24
7. 121 12
7. 122 22
7. 123 8
7. 124 21
7. 125 8
7. 126 7
7. 127 18
7. 128 12
7. 129 24
7. 130 10
7. 131 8
7. 132 24
7. 133 15
7. 134 19
7. 135 7
7. 136 6
7. 137 12
7. 138 13
7. 139 13
7. 140 20
7. 141 12
7. 142 22
7. 143 21
7. 144 16
7. 145 21
7. 146 22
7. 147 10
7. 148 20
7. 149 23
7. 150 7
7. 151 14
7. 152 12
7. 153 16
7. 154 25
7. 155 23
7. 156 16
7. 157 9
7. 158 17
7. 159 25
7. 160 22
7. 161 10
7. 162 21
7. 163 18
7. 164 8
7. 165 9
7. 166 18
7. 167 21
7. 168 23
7. 169 16
7. 170 19
7. 171 21
7. 172 20
7. 173 11
7. 174 8
7. 175 9
7. 176 17
7. 177 24
7. 178 25
7. 179 16
7. 180 12
7. 181 8
7. 182 25
7. 183 25
7. 184 19
7. 185 9
7. 186 9
7. 187 18
7. 188 22
7. 189 13
7. 190 18
7. 191 24
7. 192 24
7. 193 12
7. 194 20
7. 195 7
7. 196 8
7. 197 21
7. 198 5
7. 199 19
8. 0 10
8. 1 14
8. 2 20
8. 3 13
8. 4 25
8. 5 20
8. 6 16
8. 7 21
8. 8 25
8. 9 11
8. 10 12
8. 11 9
8. 12 19
8. 13 13
8. 14 16
8. 15 9
8. 16 19
8. 17 10
8. 18 19
8. 19 6
8. 20 24
8. 21 21
8. 22 13
8. 23 14
8. 24 9
8. 25 13
8. 26 13
8. 27 9
8. 28 13
8. 29 15
8. 30 14
8. 31 15
8. 32 11
8. 33 13
8. 34 22
8. 35 19
8. 36 22
8. 37 24
8. 38 6
8. 39 21
8. 40 5
8. 41 7
8. 42 6
8. 43 6
8. 44 20
8. 45 16
8. 46 7
8. 47 24
8. 48 20
8. 49 12
8. 50 23
8. 51 10
8. 52 9
8. 53 19
8. 54 24
8. 55 12
8. 56 23
8. 57 14
8. 58 16
8. 59 25
8. 60 13
8. 61 24
8. 62 18
8. 63 6
8. 64 17
8. 65 12
8. 66 18
8. 67 14
8. 68 20
8. 69 11
8. 70 17
8. 71 17
8. 72 20
8. 73 7
8. 74 14
8. 75 13
8. 76 18
8. 77 20
8. 78 16
8. 79 21
8. 80 20
8. 81 24
8. 82 16
8. 83 19
8. 84 10
8. 85 21
8. 86 5
8. 87 15
8. 88 16
8. 89 7
8. 90 8
8. 91 24
8. 92 21
8. 93 21
8. 94 24
8. 95 25
8. 96 14
8. 97 6
8. 98 7
8. 99 24
8. 100 11
8. 101 17
8. 102 24
8. 103 16
8. 104 16
8. 105 23
8. 106 9
8. 107 5
8. 108 16
8. 109 11
8. 110 21
8. 111 14
8. 112 10
8. 113 5
8. 114 25
8. 115 13
8. 116 16
8. 117 20
8. 118 11
8. 119 17
8. 120 17
8. 121 23
8. 122 18
8. 123 6
8. 124 12
8. 125 5
8. 126 17
8. 127 24
8. 128 20
8. 129 6
8. 130 18
8. 131 22
8. 132 7
8. 133 17
8. 134 19
8. 135 22
8. 136 18
8. 137 19
8. 138 13
8. 139 8
8. 140 20
8. 141 22
8. 142 15
8. 143 18
8. 144 13
8. 145 15
8. 146 17
8. 147 24
8. 148 22
8. 149 18
8. 150 13
8. 151 15
8. 152 24
8. 153 21
8. 154 19
8. 155 24
8. 156 23
8. 157 22
8. 158 21
8. 159 16
8. 160 22
8. 161 14
8. 162 23
8. 163 14
8. 164 23
8. 165 15
8. 166 10
8. 167 21
8. 168 19
8. 169 15
8. 170 13
8. 171 15
8. 172 18
8. 173 7
8. 174 9
8. 175 23
8. 176 25
8. 177 22
8. 178 11
8. 179 7
8. 180 23
8. 181 19
8. 182 18
8. 183 22
8. 184 6
8. 185 20
8. 186 13
8. 187 13
8. 188 11
8. 189 18
8. 190 13
8. 191 13
8. 192 20
8. 193 8
8. 194 23
8. 195 14
8. 196 15
8. 197 17
8. 198 25
8. 199 16
9. 0 25
9. 1 5
9. 2 25
9. 3 10
9. 4 19
9. 5 7
9. 6 10
9. 7 22
9. 8 10
9. 9 12
9. 10 10
9. 11 15
9. 12 16
9. 13 11
9. 14 9
9. 15 13
9. 16 7
9. 17 10
9. 18 8
9. 19 24
9. 20 18
9. 21 5
9. 22 11
9. 23 6
9. 24 8
9. 25 21
9. 26 5
9. 27 25
9. 28 21
9. 29 15
9. 30 25
9. 31 12
9. 32 14
9. 33 19
9. 34 9
9. 35 6
9. 36 13
9. 37 8
9. 38 24
9. 39 25
9. 40 8
9. 41 5
9. 42 6
9. 43 23
9. 44 22
9. 45 9
9. 46 8
9. 47 21
9. 48 20
9. 49 18
9. 50 21
9. 51 12
9. 52 5
9. 53 23
9. 54 6
9. 55 7
9. 56 11
9. 57 19
9. 58 25
9. 59 18
9. 60 22
9. 61 23
9. 62 9
9. 63 11
9. 64 17
9. 65 18
9. 66 15
9. 67 5
9. 68 16
9. 69 18
9. 70 10
9. 71 23
9. 72 10
9. 73 15
9. 74 16
9. 75 19
9. 76 20
9. 77 8
9. 78 14
9. 79 19
9. 80 9
9. 81 24
9. 82 10
9. 83 6
9. 84 18
9. 85 9
9. 86 9
9. 87 5
9. 88 24
9. 89 24
9. 90 22
9. 91 16
9. 92 19
9. 93 21
9. 94 15
9. 95 17
9. 96 15
9. 97 19
9. 98 18
9. 99 20
9. 100 21
9. 101 9
9. 102 7
9. 103 25
9. 104 17
9. 105 9
9. 106 24
9. 107 19
9. 108 14
9. 109 13
9. 110 20
9. 111 18
9. 112 15
9. 113 21
9. 114 7
9. 115 22
9. 116 21
9. 117 11
9. 118 6
9. 119 10
9. 120 14
9. 121 10
9. 122 5
9. 123 10
9. 124 18
9. 125 14
9. 126 16
9. 127 9
9. 128 21
9. 129 15
9. 130 20
9. 131 10
9. 132 5
9. 133 21
9. 134 11
9. 135 20
9. 136 24
9. 137 11
9. 138 23
9. 139 8
9. 140 9
9. 141 7
9. 142 19
9. 143 10
9. 144 25
9. 145 18
9. 146 7
9. 147 5
9. 148 23
9. 149 19
9. 150 21
9. 151 10
9. 152 24
9. 153 8
9. 154 10
9. 155 22
9. 156 22
9. 157 9
9. 158 22
9. 159 11
9. 160 21
9. 161 11
9. 162 9
9. 163 6
9. 164 8
9. 165 15
9. 166 13
9. 167 18
9. 168 14
9. 169 18
9. 170 9
9. 171 25
9. 172 11
9. 173 24
9. 174 19
9. 175 7
9. 176 20
9. 177 19
9. 178 13
9. 179 11
9. 180 12
9. 181 6
9. 182 14
9. 183 14
9. 184 23
9. 185 23
9. 186 17
9. 187 19
9. 188 21
9. 189 21
9. 190 19
9. 191 22
9. 192 12
9. 193 7
9. 194 25
9. 195 9
9. 196 9
9. 197 17
9. 198 22
9. 199 5
10. 0 8
10. 1 21
10. 2 10
10. 3 10
10. 4 10
10. 5 16
10. 6 5
10. 7 18
10. 8 15
10. 9 21
10. 10 14
10. 11 25
10. 12 23
10. 13 12
10. 14 22
10. 15 8
10. 16 16
10. 17 11
10. 18 16
10. 19 23
10. 20 24
10. 21 5
10. 22 12
10. 23 22
10. 24 24
10. 25 19
10. 26 5
10. 27 7
10. 28 12
10. 29 19
10. 30 24
10. 31 10
10. 32 16
10. 33 5
10. 34 17
10. 35 20
10. 36 16
10. 37 25
10. 38 22
10. 39 13
10. 40 14
10. 41 16
10. 42 5
10. 43 18
10. 44 6
10. 45 20
10. 46 18
10. 47 22
10. 48 18
10. 49 7
10. 50 22
10. 51 21
10. 52 22
10. 53 5
10. 54 22
10. 55 9
10. 56 16
10. 57 15
10. 58 25
10. 59 20
10. 60 22
10. 61 15
10. 62 20
10. 63 18
10. 64 17
10. 65 11
10. 66 8
10. 67 17
10. 68 21
10. 69 13
10. 70 5
10. 71 20
10. 72 15
10. 73 10
10. 74 11
10. 75 16
10. 76 19
10. 77 16
10. 78 15
10. 79 18
10. 80 17
10. 81 19
10. 82 16
10. 83 11
10. 84 8
10. 85 5
10. 86 5
10. 87 25
10. 88 24
10. 89 19
10. 90 17
10. 91 13
10. 92 23
10. 93 5
10. 94 10
10. 95 16
10. 96 5
10. 97 14
10. 98 10
10. 99 14
10. 100 20
10. 101 9
10. 102 15
10. 103 8
10. 104 6
10. 105 24
10. 106 22
10. 107 11
10. 108 17
10. 109 13
10. 110 20
10. 111 25
10. 112 13
10. 113 6
10. 114 10
10. 115 23
10. 116 19
10. 117 17
10. 118 18
10. 119 25
10. 120 10
10. 121 8
10. 122 6
10. 123 5
10. 124 25
10. 125 14
10. 126 12
10. 127 9
10. 128 6
10. 129 23
10. 130 16
10. 131 14
10. 132 7
10. 133 5
10. 134 21
10. 135 5
10. 136 8
10. 137 12
10. 138 14
10. 139 25
10. 140 21
10. 141 6
10. 142 18
10. 143 6
10. 144 16
10. 145 7
10. 146 19
10. 147 10
10. 148 10
10. 149 14
10. 150 11
10. 151 6
10. 152 12
10. 153 15
10. 154 24
10. 155 25
10. 156 17
10. 157 9
10. 158 17
10. 159 22
10. 160 19
10. 161 19
10. 162 5
10. 163 8
10. 164 23
10. 165 20
10. 166 14
10. 167 19
10. 168 14
10. 169 5
10. 170 12
10. 171 8
10. 172 10
10. 173 18
10. 174 9
10. 175 7
10. 176 9
10. 177 10
10. 178 6
10. 179 22
10. 180 21
10. 181 17
10. 182 13
10. 183 8
10. 184 19
10. 185 6
10. 186 5
10. 187 25
10. 188 11
10. 189 24
10. 190 16
10. 191 18
10. 192 9
10. 193 22
10. 194 24
10. 195 17
10. 196 6
10. 197 13
10. 198 21
10. 199 14
11. 0 8
11. 1 6
11. 2 5
11. 3 24
11. 4 9
11. 5 11
11. 6 14
11. 7 11
11. 8 8
11. 9 22
11. 10 21
11. 11 11
11. 12 13
11. 13 7
11. 14 8
11. 15 25
11. 16 11
11. 17 23
11. 18 16
11. 19 13
11. 20 22
11. 21 14
11. 22 16
11. 23 22
11. 24 20
11. 25 24
11. 26 5
11. 27 10
11. 28 19
11. 29 10
11. 30 5
11. 31 17
11. 32 7
11. 33 13
11. 34 13
11. 35 19
11. 36 22
11. 37 16
11. 38 6
11. 39 22
11. 40 21
11. 41 21
11. 42 21
11. 43 25
11. 44 8
11. 45 15
11. 46 19
11. 47 12
11. 48 20
11. 49 19
11. 50 7
11. 51 23
11. 52 25
11. 53 23
11. 54 21
11. 55 16
11. 56 24
11. 57 9
11. 58 10
11. 59 8
11. 60 24
11. 61 23
11. 62 9
11. 63 13
11. 64 19
11. 65 19
11. 66 18
11. 67 15
11. 68 15
11. 69 5
11. 70 19
11. 71 21
11. 72 23
11. 73 21
11. 74 9
11. 75 17
11. 76 11
11. 77 11
11. 78 25
11. 79 25
11. 80 10
11. 81 6
11. 82 17
11. 83 19
11. 84 16
11. 85 15
11. 86 10
11. 87 22
11. 88 25
11. 89 21
11. 90 5
11. 91 21
11. 92 7
11. 93 23
11. 94 7
11. 95 7
11. 96 24
11. 97 9
11. 98 13
11. 99 21
11. 100 17
11. 101 20
11. 102 21
11. 103 10
11. 104 7
11. 105 8
11. 106 16
11. 107 10
11. 108 9
11. 109 13
11. 110 21
11. 111 18
11. 112 18
11. 113 7
11. 114 8
11. 115 14
11. 116 17
11. 117 22
11. 118 22
11. 119 22
11. 120 19
11. 121 12
11. 122 5
11. 123 5
11. 124 18
11. 125 12
11. 126 15
11. 127 24
11. 128 12
11. 129 7
11. 130 16
11. 131 14
11. 132 18
11. 133 19
11. 134 18
11. 135 12
11. 136 16
11. 137 7
11. 138 20
11. 139 19
11. 140 9
11. 141 21
11. 142 20
11. 143 24
11. 144 11
11. 145 22
11. 146 14
11. 147 13
11. 148 8
11. 149 17
11. 150 11
11. 151 17
11. 152 16
11. 153 15
11. 154 10
11. 155 9
11. 156 23
11. 157 11
11. 158 24
11. 159 25
11. 160 11
11. 161 6
11. 162 11
11. 163 22
11. 164 10
11. 165 10
11. 166 13
11. 167 6
11. 168 24
11. 169 15
11. 170 25
11. 171 25
11. 172 23
11. 173 21
11. 174 11
11. 175 17
11. 176 9
11. 177 21
11. 178 13
11. 179 6
11. 180 12
11. 181 19
11. 182 8
11. 183 7
11. 184 16
11. 185 10
11. 186 8
11. 187 11
11. 188 13
11. 189 9
11. 190 22
11. 191 13
11. 192 14
11. 193 19
11. 194 12
11. 195 23
11. 196 9
11. 197 5
11. 198 6
11. 199 14
12. 0 16
12. 1 21
12. 2 21
12. 3 19
12. 4 22
12. 5 22
12. 6 22
12. 7 8
12. 8 5
12. 9 12
12. 10 11
12. 11 17
12. 12 15
12. 13 12
12. 14 23
12. 15 12
12. 16 11
12. 17 19
12. 18 14
12. 19 16
12. 20 24
12. 21 19
12. 22 13
12. 23 12
12. 24 9
12. 25 7
12. 26 16
12. 27 22
12. 28 9
12. 29 20
12. 30 13
12. 31 13
12. 32 10
12. 33 11
12. 34 6
12. 35 25
12. 36 19
12. 37 19
12. 38 15
12. 39 10
12. 40 21
12. 41 19
12. 42 19
12. 43 15
12. 44 23
12. 45 25
12. 46 18
12. 47 11
12. 48 25
12. 49 12
12. 50 8
12. 51 20
12. 52 8
12. 53 14
12. 54 19
12. 55 22
12. 56 16
12. 57 11
12. 58 9
12. 59 15
12. 60 8
12. 61 13
12. 62 8
12. 63 24
12. 64 18
12. 65 5
12. 66 8
12. 67 10
12. 68 11
12. 69 9
12. 70 11
12. 71 14
12. 72 13
12. 73 15
12. 74 17
12. 75 21
12. 76 25
12. 77 6
12. 78 17
12. 79 24
12. 80 13
12. 81 18
12. 82 21
12. 83 9
12. 84 25
12. 85 18
12. 86 20
12. 87 24
12. 88 5
12. 89 24
12. 90 25
12. 91 7
12. 92 7
12. 93 10
12. 94 22
12. 95 23
12. 96 21
12. 97 19
12. 98 17
12. 99 17
12. 100 16
12. 101 18
12. 102 6
12. 103 10
12. 104 8
12. 105 12
12. 106 10
12. 107 25
12. 108 12
12. 109 17
12. 110 18
12. 111 5
12. 112 25
12. 113 17
12. 114 6
12. 115 18
12. 116 9
12. 117 13
12. 118 9
12. 119 18
12. 120 23
12. 121 12
12. 122 21
12. 123 14
12. 124 6
12. 125 20
12. 126 21
12. 127 8
12. 128 11
12. 129 19
12. 130 10
12. 131 14
12. 132 13
12. 133 10
12. 134 15
12. 135 8
12. 136 6
12. 137 14
12. 138 13
12. 139 6
12. 140 16
12. 141 14
12. 142 16
12. 143 16
12. 144 18
12. 145 25
12. 146 5
12. 147 9
12. 148 5
12. 149 11
12. 150 22
12. 151 24
12. 152 21
12. 153 19
12. 154 5
12. 155 19
12. 156 10
12. 157 14
12. 158 8
12. 159 18
12. 160 17
12. 161 8
12. 162 15
12. 163 21
12. 164 24
12. 165 18
12. 166 8
12. 167 19
12. 168 17
12. 169 20
12. 170 24
12. 171 13
12. 172 12
12. 173 5
12. 174 5
12. 175 9
12. 176 5
12. 177 12
12. 178 9
12. 179 18
12. 180 13
12. 181 5
12. 182 25
12. 183 21
12. 184 6
12. 185 19
12. 186 10
12. 187 14
12. 188 24
12. 189 10
12. 190 6
12. 191 6
12. 192 13
12. 193 5
12. 194 23
12. 195 24
12. 196 11
12. 197 18
12. 198 13
12. 199 8
13. 0 5
13. 1 24
13. 2 9
13. 3 24
13. 4 16
13. 5 20
13. 6 14
13. 7 24
13. 8 9
13. 9 24
13. 10 13
13. 11 6
13. 12 18
13. 13 13
13. 14 25
13. 15 6
13. 16 21
13. 17 25
13. 18 17
13. 19 23
13. 20 14
13. 21 12
13. 22 13
13. 23 11
13. 24 10
13. 25 22
13. 26 14
13. 27 22
13. 28 22
13. 29 11
13. 30 15
13. 31 5
13. 32 25
13. 33 12
13. 34 25
13. 35 5
13. 36 6
13. 37 10
13. 38 8
13. 39 14
13. 40 6
13. 41 17
13. 42 19
13. 43 6
13. 44 5
13. 45 18
13. 46 25
13. 47 19
13. 48 13
13. 49 19
13. 50 11
13. 51 17
13. 52 11
13. 53 24
13. 54 23
13. 55 6
13. 56 10
13. 57 23
13. 58 13
13. 59 20
13. 60 21
13. 61 21
13. 62 15
13. 63 19
13. 64 21
13. 65 9
13. 66 8
13. 67 14
13. 68 24
13. 69 17
13. 70 12
13. 71 14
13. 72 23
13. 73 7
13. 74 17
13. 75 20
13. 76 25
13. 77 5
13. 78 25
13. 79 16
13. 80 5
13. 81 23
13. 82 7
13. 83 19
13. 84 25
13. 85 16
13. 86 6
13. 87 6
13. 88 25
13. 89 9
13. 90 15
13. 91 17
13. 92 18
13. 93 16
13. 94 11
13. 95 14
13. 96 15
13. 97 10
13. 98 8
13. 99 17
13. 100 8
13. 101 21
13. 102 25
13. 103 18
13. 104 18
13. 105 21
13. 106 25
13. 107 17
13. 108 25
13. 109 9
13. 110 21
13. 111 12
13. 112 14
13. 113 9
13. 114 5
13. 115 18
13. 116 7
13. 117 25
13. 118 14
13. 119 25
13. 120 19
13. 121 17
13. 122 19
13. 123 16
13. 124 24
13. 125 12
13. 126 18
13. 127 18
13. 128 15
13. 129 6
13. 130 19
13. 131 8
13. 132 25
13. 133 10
13. 134 23
13. 135 21
13. 136 23
13. 137 20
13. 138 23
13. 139 18
13. 140 17
13. 141 23
13. 142 8
13. 143 5
13. 144 24
13. 145 7
13. 146 15
13. 147 14
13. 148 16
13. 149 8
13. 150 8
13. 151 15
13. 152 11
13. 153 14
13. 154 12
13. 155 13
13. 156 12
13. 157 5
13. 158 8
13. 159 15
13. 160 5
13. 161 23
13. 162 21
13. 163 14
13. 164 20
13. 165 16
13. 166 22
13. 167 13
13. 168 20
13. 169 22
13. 170 24
13. 171 14
13. 172 16
13. 173 7
13. 174 16
13. 175 9
13. 176 14
13. 177 19
13. 178 8
13. 179 19
13. 180 5
13. 181 11
13. 182 14
13. 183 10
13. 184 8
13. 185 24
13. 186 6
13. 187 13
13. 188 17
13. 189 18
13. 190 12
13. 191 10
13. 192 19
13. 193 19
13. 194 23
13. 195 7
13. 196 20
13. 197 14
13. 198 10
13. 199 9
14. 0 25
14. 1 16
14. 2 25
14. 3 23
14. 4 16
14. 5 6
14. 6 12
14. 7 19
14. 8 14
14. 9 21
14. 10 8
14. 11 9
14. 12 14
14. 13 21
14. 14 9
14. 15 21
14. 16 12
14. 17 25
14. 18 25
14. 19 9
14. 20 14
14. 21 18
14. 22 13
14. 23 9
14. 24 22
14. 25 9
14. 26 18
14. 27 13
14. 28 14
14. 29 25
14. 30 17
14. 31 20
14. 32 23
14. 33 8
14. 34 8
14. 35 13
14. 36 16
14. 37 10
14. 38 21
14. 39 8
14. 40 5
14. 41 24
14. 42 22
14. 43 13
14. 44 24
14. 45 10
14. 46 9
14. 47 20
14. 48 15
14. 49 9
14. 50 13
14. 51 25
14. 52 23
14. 53 15
14. 54 15
14. 55 15
14. 56 12
14. 57 23
14. 58 10
14. 59 23
14. 60 15
14. 61 12
14. 62 5
14. 63 15
14. 64 12
14. 65 18
14. 66 6
14. 67 22
14. 68 14
14. 69 11
14. 70 23
14. 71 11
14. 72 24
14. 73 14
14. 74 25
14. 75 10
14. 76 15
14. 77 15
14. 78 8
14. 79 16
14. 80 21
14. 81 25
14. 82 6
14. 83 11
14. 84 22
14. 85 5
14. 86 18
14. 87 9
14. 88 21
14. 89 22
14. 90 6
14. 91 20
14. 92 15
14. 93 6
14. 94 18
14. 95 6
14. 96 25
14. 97 19
14. 98 16
14. 99 18
14. 100 12
14. 101 7
14. 102 16
14. 103 20
14. 104 13
14. 105 11
14. 106 19
14. 107 5
14. 108 13
14. 109 18
14. 110 15
14. 111 21
14. 112 6
14. 113 10
14. 114 5
14. 115 11
14. 116 15
14. 117 8
14. 118 17
14. 119 16
14. 120 7
14. 121 23
14. 122 22
14. 123 14
14. 124 9
14. 125 20
14. 126 12
14. 127 24
14. 128 21
14. 129 20
14. 130 23
14. 131 16
14. 132 13
14. 133 19
14. 134 16
14. 135 6
14. 136 12
14. 137 10
14. 138 13
14. 139 17
14. 140 25
14. 141 24
14. 142 17
14. 143 24
14. 144 19
14. 145 24
14. 146 19
14. 147 16
14. 148 5
14. 149 7
14. 150 6
14. 151 17
14. 152 7
14. 153 18
14. 154 20
14. 155 9
14. 156 14
14. 157 11
14. 158 23
14. 159 15
14. 160 16
14. 161 24
14. 162 18
14. 163 24
14. 164 21
14. 165 15
14. 166 14
14. 167 23
14. 168 10
14. 169 20
14. 170 24
14. 171 9
14. 172 15
14. 173 22
14. 174 16
14. 175 13
14. 176 20
14. 177 13
14. 178 21
14. 179 5
14. 180 20
14. 181 13
14. 182 17
14. 183 11
14. 184 5
14. 185 13
14. 186 9
14. 187 13
14. 188 9
14. 189 22
14. 190 23
14. 191 10
14. 192 16
14. 193 6
14. 194 19
14. 195 15
14. 196 24
14. 197 24
14. 198 19
14. 199 19
15. 0 8
15. 1 23
15. 2 12
15. 3 17
15. 4 16
15. 5 6
15. 6 14
15. 7 17
15. 8 19
15. 9 23
15. 10 14
15. 11 11
15. 12 24
15. 13 16
15. 14 14
15. 15 22
15. 16 18
15. 17 9
15. 18 5
15. 19 8
15. 20 15
15. 21 18
15. 22 19
15. 23 16
15. 24 18
15. 25 20
15. 26 12
15. 27 15
15. 28 9
15. 29 22
15. 30 15
15. 31 25
15. 32 20
15. 33 16
15. 34 8
15. 35 6
15. 36 19
15. 37 18
15. 38 7
15. 39 23
15. 40 22
15. 41 13
15. 42 6
15. 43 10
15. 44 9
15. 45 14
15. 46 22
15. 47 7
15. 48 16
15. 49 20
15. 50 13
15. 51 21
15. 52 15
15. 53 10
15. 54 19
15. 55 20
15. 56 11
15. 57 10
15. 58 8
15. 59 18
15. 60 8
15. 61 7
15. 62 6
15. 63 10
15. 64 10
15. 65 12
15. 66 9
15. 67 9
15. 68 17
15. 69 18
15. 70 10
15. 71 17
15. 72 23
15. 73 15
15. 74 14
15. 75 13
15. 76 6
15. 77 10
15. 78 23
15. 79 7
15. 80 19
15. 81 15
15. 82 20
15. 83 12
15. 84 11
15. 85 15
15. 86 24
15. 87 8
15. 88 18
15. 89 18
15. 90 8
15. 91 6
15. 92 13
15. 93 5
15. 94 12
15. 95 5
15. 96 16
15. 97 18
15. 98 18
15. 99 10
15. 100 5
15. 101 14
15. 102 14
15. 103 7
15. 104 10
15. 105 17
15. 106 19
15. 107 18
15. 108 9
15. 109 9
15. 110 12
15. 111 21
15. 112 22
15. 113 17
15. 114 23
15. 115 8
15. 116 12
15. 117 12
15. 118 14
15. 119 7
15. 120 12
15. 121 16
15. 122 17
15. 123 14
15. 124 18
15. 125 25
15. 126 6
15. 127 18
15. 128 6
15. 129 13
15. 130 24
15. 131 23
15. 132 22
15. 133 18
15. 134 5
15. 135 19
15. 136 23
15. 137 20
15. 138 10
15. 139 10
15. 140 12
15. 141 22
15. 142 7
15. 143 25
15. 144 6
15. 145 5
15. 146 6
15. 147 6
15. 148 25
15. 149 24
15. 150 5
15. 151 24
15. 152 18
15. 153 14
15. 154 6
15. 155 23
15. 156 20
15. 157 15
15. 158 25
15. 159 14
15. 160 23
15. 161 12
15. 162 24
15. 163 6
15. 164 25
15. 165 6
15. 166 11
15. 167 16
15. 168 12
15. 169 21
15. 170 25
15. 171 9
15. 172 12
15. 173 22
15. 174 17
15. 175 18
15. 176 12
15. 177 10
15. 178 21
15. 179 15
15. 180 20
15. 181 20
15. 182 11
15. 183 20
15. 184 13
15. 185 16
15. 186 18
15. 187 25
15. 188 15
15. 189 17
15. 190 15
15. 191 24
15. 192 16
15. 193 6
15. 194 23
15. 195 14
15. 196 16
15. 197 19
15. 198 11
15. 199 24
16. 0 22
16. 1 9
16. 2 5
16. 3 20
16. 4 10
16. 5 10
16. 6 11
16. 7 15
16. 8 6
16. 9 20
16. 10 23
16. 11 8
16. 12 9
16. 13 12
16. 14 21
16. 15 21
16. 16 6
16. 17 19
16. 18 17
16. 19 19
16. 20 5
16. 21 8
16. 22 5
16. 23 10
16. 24 12
16. 25 18
16. 26 10
16. 27 6
16. 28 18
16. 29 22
16. 30 24
16. 31 5
16. 32 6
16. 33 11
16. 34 22
16. 35 17
16. 36 25
16. 37 9
16. 38 14
16. 39 14
16. 40 9
16. 41 14
16. 42 16
16. 43 13
16. 44 6
16. 45 19
16. 46 22
16. 47 10
16. 48 19
16. 49 15
16. 50 16
16. 51 17
16. 52 11
16. 53 18
16. 54 18
16. 55 22
16. 56 7
16. 57 5
16. 58 24
16. 59 13
16. 60 15
16. 61 23
16. 62 5
16. 63 25
16. 64 12
16. 65 25
16. 66 11
16. 67 7
16. 68 19
16. 69 6
16. 70 8
16. 71 10
16. 72 14
16. 73 9
16. 74 13
16. 75 24
16. 76 6
16. 77 20
16. 78 18
16. 79 11
16. 80 24
16. 81 11
16. 82 17
16. 83 19
16. 84 17
16. 85 13
16. 86 15
16. 87 22
16. 88 9
16. 89 21
16. 90 9
16. 91 14
16. 92 14
16. 93 17
16. 94 7
16. 95 24
16. 96 18
16. 97 24
16. 98 17
16. 99 24
16. 100 19
16. 101 16
16. 102 13
16. 103 18
16. 104 25
16. 105 14
16. 106 11
16. 107 24
16. 108 8
16. 109 23
16. 110 9
16. 111 25
16. 112 5
16. 113 7
16. 114 6
16. 115 13
16. 116 8
16. 117 10
16. 118 12
16. 119 16
16. 120 18
16. 121 12
16. 122 17
16. 123 18
16. 124 25
16. 125 22
16. 126 19
16. 127 25
16. 128 15
16. 129 17
16. 130 9
16. 131 11
16. 132 9
16. 133 12
16. 134 24
16. 135 11
16. 136 17
16. 137 12
16. 138 15
16. 139 6
16. 140 10
16. 141 16
16. 142 15
16. 143 14
16. 144 20
16. 145 19
16. 146 18
16. 147 17
16. 148 11
16. 149 8
16. 150 5
16. 151 8
16. 152 6
16. 153 20
16. 154 5
16. 155 23
16. 156 15
16. 157 20
16. 158 6
16. 159 8
16. 160 5
16. 161 5
16. 162 6
16. 163 22
16. 164 19
16. 165 18
16. 166 12
16. 167 25
16. 168 19
16. 169 24
16. 170 16
16. 171 17
16. 172 15
16. 173 16
16. 174 6
16. 175 20
16. 176 16
16. 177 15
16. 178 13
16. 179 21
16. 180 17
16. 181 8
16. 182 25
16. 183 22
16. 184 18
16. 185 19
16. 186 20
16. 187 17
16. 188 20
16. 189 17
16. 190 13
16. 191 16
16. 192 24
16. 193 6
16. 194 12
16. 195 18
16. 196 19
16. 197 17
16. 198 9
16. 199 10
17. 0 10
17. 1 21
17. 2 12
17. 3 25
17. 4 24
17. 5 21
17. 6 18
17. 7 21
17. 8 14
17. 9 20
17. 10 19
17. 11 20
17. 12 15
17. 13 21
17. 14 17
17. 15 19
17. 16 8
17. 17 21
17. 18 12
17. 19 16
17. 20 11
17. 21 5
17. 22 17
17. 23 7
17. 24 16
17. 25 11
17. 26 18
17. 27 12
17. 28 21
17. 29 20
17. 30 22
17. 31 21
17. 32 23
17. 33 9
17. 34 11
17. 35 13
17. 36 24
17. 37 13
17. 38 16
17. 39 19
17. 40 6
17. 41 12
17. 42 10
17. 43 21
17. 44 20
17. 45 15
17. 46 9
17. 47 23
17. 48 25
17. 49 9
17. 50 21
17. 51 7
17. 52 6
17. 53 21
17. 54 17
17. 55 23
17. 56 21
17. 57 5
17. 58 22
17. 59 5
17. 60 18
17. 61 21
17. 62 11
17. 63 7
17. 64 20
17. 65 13
17. 66 23
17. 67 13
17. 68 20
17. 69 22
17. 70 5
17. 71 11
17. 72 17
17. 73 25
17. 74 8
17. 75 20
17. 76 5
17. 77 8
17. 78 23
17. 79 13
17. 80 7
17. 81 23
17. 82 12
17. 83 7
17. 84 23
17. 85 23
17. 86 24
17. 87 19
17. 88 6
17. 89 9
17. 90 8
17. 91 7
17. 92 6
17. 93 19
17. 94 18
17. 95 23
17. 96 17
17. 97 5
17. 98 7
17. 99 5
17. 100 22
17. 101 19
17. 102 9
17. 103 18
17. 104 21
17. 105 24
17. 106 23
17. 107 22
17. 108 8
17. 109 23
17. 110 15
17. 111 11
17. 112 7
17. 113 14
17. 114 18
17. 115 20
17. 116 20
17. 117 15
17. 118 10
17. 119 16
17. 120 17
17. 121 16
17. 122 9
17. 123 20
17. 124 25
17. 125 16
17. 126 21
17. 127 16
17. 128 22
17. 129 20
17. 130 10
17. 131 18
17. 132 21
17. 133 20
17. 134 6
17. 135 16
17. 136 7
17. 137 11
17. 138 7
17. 139 23
17. 140 7
17. 141 21
17. 142 23
17. 143 19
17. 144 8
17. 145 12
17. 146 18
17. 147 20
17. 148 20
17. 149 6
17. 150 22
17. 151 10
17. 152 5
17. 153 14
17. 154 25
17. 155 10
17. 156 12
17. 157 20
17. 158 12
17. 159 18
17. 160 13
17. 161 18
17. 162 5
17. 163 12
17. 164 8
17. 165 7
17. 166 10
17. 167 23
17. 168 15
17. 169 23
17. 170 5
17. 171 25
17. 172 25
17. 173 14
17. 174 17
17. 175 13
17. 176 25
17. 177 17
17. 178 19
17. 179 11
17. 180 5
17. 181 11
17. 182 24
17. 183 20
17. 184 17
17. 185 7
17. 186 19
17. 187 19
17. 188 9
17. 189 22
17. 190 24
17. 191 17
17. 192 23
17. 193 20
17. 194 11
17. 195 16
17. 196 20
17. 197 25
17. 198 16
17. 199 14
18. 0 15
18. 1 8
18. 2 25
18. 3 23
18. 4 20
18. 5 15
18. 6 8
18. 7 15
18. 8 24
18. 9 6
18. 10 13
18. 11 7
18. 12 23
18. 13 5
18. 14 16
18. 15 20
18. 16 8
18. 17 12
18. 18 24
18. 19 13
18. 20 21
18. 21 18
18. 22 23
18. 23 23
18. 24 12
18. 25 20
18. 26 16
18. 27 6
18. 28 10
18. 29 22
18. 30 11
18. 31 7
18. 32 12
18. 33 12
18. 34 22
18. 35 18
18. 36 19
18. 37 23
18. 38 23
18. 39 22
18. 40 25
18. 41 10
18. 42 23
18. 43 10
18. 44 18
18. 45 11
18. 46 17
18. 47 6
18. 48 10
18. 49 22
18. 50 20
18. 51 10
18. 52 10
18. 53 8
18. 54 13
18. 55 22
18. 56 18
18. 57 5
18. 58 12
18. 59 11
18. 60 20
18. 61 14
18. 62 24
18. 63 17
18. 64 21
18. 65 14
18. 66 20
18. 67 25
18. 68 7
18. 69 20
18. 70 22
18. 71 12
18. 72 18
18. 73 13
18. 74 12
18. 75 12
18. 76 22
18. 77 15
18. 78 22
18. 79 14
18. 80 25
18. 81 21
18. 82 12
18. 83 17
18. 84 6
18. 85 19
18. 86 18
18. 87 23
18. 88 5
18. 89 18
18. 90 21
18. 91 7
18. 92 6
18. 93 18
18. 94 15
18. 95 19
18. 96 8
18. 97 6
18. 98 7
18. 99 23
18. 100 14
18. 101 12
18. 102 6
18. 103 22
18. 104 5
18. 105 16
18. 106 17
18. 107 15
18. 108 24
18. 109 6
18. 110 21
18. 111 18
18. 112 22
18. 113 10
18. 114 16
18. 115 10
18. 116 17
18. 117 18
18. 118 14
18. 119 11
18. 120 14
18. 121 15
18. 122 8
18. 123 21
18. 124 14
18. 125 18
18. 126 5
18. 127 5
18. 128 14
18. 129 18
18. 130 22
18. 131 24
18. 132 8
18. 133 12
18. 134 13
18. 135 7
18. 136 24
18. 137 11
18. 138 17
18. 139 9
18. 140 18
18. 141 22
18. 142 24
18. 143 12
18. 144 9
18. 145 25
18. 146 8
18. 147 15
18. 148 14
18. 149 19
18. 150 16
18. 151 15
18. 152 14
18. 153 6
18. 154 9
18. 155 6
18. 156 25
18. 157 20
18. 158 13
18. 159 11
18. 160 8
18. 161 9
18. 162 5
18. 163 6
18. 164 22
18. 165 15
18. 166 16
18. 167 5
18. 168 17
18. 169 6
18. 170 21
18. 171 15
18. 172 18
18. 173 20
18. 174 16
18. 175 9
18. 176 23
18. 177 14
18. 178 18
18. 179 6
18. 180 9
18. 181 21
18. 182 18
18. 183 18
18. 184 7
18. 185 18
18. 186 25
18. 187 10
18. 188 25
18. 189 16
18. 190 10
18. 191 8
18. 192 15
18. 193 18
18. 194 10
18. 195 24
18. 196 8
18. 197 21
18. 198 5
18. 199 11
19. 0 25
19. 1 5
19. 2 22
19. 3 21
19. 4 22
19. 5 24
19. 6 18
19. 7 21
19. 8 11
19. 9 21
19. 10 18
19. 11 8
19. 12 17
19. 13 24
19. 14 7
19. 15 6
19. 16 8
19. 17 10
19. 18 23
19. 19 5
19. 20 23
19. 21 22
19. 22 9
19. 23 9
19. 24 7
19. 25 15
19. 26 12
19. 27 11
19. 28 24
19. 29 14
19. 30 8
19. 31 19
19. 32 17
19. 33 25
19. 34 22
19. 35 7
19. 36 6
19. 37 23
19. 38 10
19. 39 21
19. 40 15
19. 41 25
19. 42 9
19. 43 15
19. 44 15
19. 45 16
19. 46 11
19. 47 24
19. 48 23
19. 49 16
19. 50 18
19. 51 16
19. 52 5
19. 53 17
19. 54 16
19. 55 6
19. 56 12
19. 57 24
19. 58 16
19. 59 19
19. 60 25
19. 61 25
19. 62 9
19. 63 23
19. 64 15
19. 65 16
19. 66 8
19. 67 21
19. 68 13
19. 69 7
19. 70 9
19. 71 19
19. 72 7
19. 73 16
19. 74 19
19. 75 10
19. 76 21
19. 77 7
19. 78 10
19. 79 13
19. 80 9
19. 81 24
19. 82 12
19. 83 14
19. 84 7
19. 85 7
19. 86 15
19. 87 9
19. 88 8
19. 89 5
19. 90 11
19. 91 25
19. 92 11
19. 93 24
19. 94 8
19. 95 15
19. 96 14
19. 97 24
19. 98 18
19. 99 21
19. 100 24
19. 101 16
19. 102 6
19. 103 6
19. 104 11
19. 105 23
19. 106 21
19. 107 5
19. 108 14
19. 109 15
19. 110 6
19. 111 18
19. 112 18
19. 113 17
19. 114 13
19. 115 23
19. 116 20
19. 117 21
19. 118 8
19. 119 10
19. 120 6
19. 121 14
19. 122 16
19. 123 16
19. 124 24
19. 125 10
19. 126 5
19. 127 10
19. 128 19
19. 129 8
19. 130 11
19. 131 13
19. 132 23
19. 133 10
19. 134 12
19. 135 13
19. 136 25
19. 137 25
19. 138 17
19. 139 22
19. 140 18
19. 141 17
19. 142 14
19. 143 21
19. 144 9
19. 145 13
19. 146 17
19. 147 14
19. 148 18
19. 149 12
19. 150 14
19. 151 17
19. 152 7
19. 153 16
19. 154 16
19. 155 7
19. 156 5
19. 157 5
19. 158 13
19. 159 19
19. 160 6
19. 161 24
19. 162 18
19. 163 14
19. 164 16
19. 165 13
19. 166 12
19. 167 8
19. 168 14
19. 169 19
19. 170 15
19. 171 12
19. 172 16
19. 173 19
19. 174 7
19. 175 25
19. 176 18
19. 177 23
19. 178 6
19. 179 7
19. 180 19
19. 181 17
19. 182 7
19. 183 20
19. 184 6
19. 185 16
19. 186 23
19. 187 7
19. 188 23
19. 189 16
19. 190 5
19. 191 12
19. 192 7
19. 193 20
19. 194 13
19. 195 10
19. 196 11
19. 197 17
19. 198 12
19. 199 22
/;
parameter b(i)/
0 199
1 199
2 199
3 199
4 199
5 199
6 199
7 199
8 199
9 199
10 199
11 199
12 199
13 199
14 199
15 199
16 199
17 199
18 199
19 199
/;
