set j job /0*399/;
set i machine /0*9/;
parameter c(i,j)/
0. 0 42
0. 1 38
0. 2 11
0. 3 13
0. 4 46
0. 5 17
0. 6 48
0. 7 49
0. 8 36
0. 9 42
0. 10 16
0. 11 35
0. 12 45
0. 13 44
0. 14 12
0. 15 23
0. 16 35
0. 17 30
0. 18 17
0. 19 45
0. 20 49
0. 21 41
0. 22 33
0. 23 44
0. 24 45
0. 25 15
0. 26 39
0. 27 41
0. 28 15
0. 29 33
0. 30 12
0. 31 18
0. 32 43
0. 33 16
0. 34 22
0. 35 42
0. 36 18
0. 37 19
0. 38 24
0. 39 17
0. 40 17
0. 41 24
0. 42 29
0. 43 21
0. 44 37
0. 45 43
0. 46 39
0. 47 28
0. 48 10
0. 49 21
0. 50 19
0. 51 48
0. 52 13
0. 53 40
0. 54 27
0. 55 39
0. 56 11
0. 57 11
0. 58 39
0. 59 31
0. 60 26
0. 61 44
0. 62 35
0. 63 19
0. 64 22
0. 65 14
0. 66 16
0. 67 47
0. 68 42
0. 69 17
0. 70 18
0. 71 19
0. 72 48
0. 73 34
0. 74 46
0. 75 27
0. 76 33
0. 77 38
0. 78 21
0. 79 50
0. 80 26
0. 81 41
0. 82 49
0. 83 16
0. 84 29
0. 85 26
0. 86 33
0. 87 46
0. 88 37
0. 89 30
0. 90 37
0. 91 47
0. 92 12
0. 93 32
0. 94 21
0. 95 38
0. 96 48
0. 97 31
0. 98 30
0. 99 15
0. 100 30
0. 101 26
0. 102 16
0. 103 27
0. 104 31
0. 105 27
0. 106 23
0. 107 14
0. 108 32
0. 109 46
0. 110 37
0. 111 10
0. 112 41
0. 113 14
0. 114 43
0. 115 35
0. 116 39
0. 117 40
0. 118 36
0. 119 32
0. 120 35
0. 121 33
0. 122 11
0. 123 31
0. 124 45
0. 125 42
0. 126 11
0. 127 34
0. 128 12
0. 129 42
0. 130 26
0. 131 47
0. 132 40
0. 133 34
0. 134 47
0. 135 48
0. 136 13
0. 137 48
0. 138 46
0. 139 23
0. 140 16
0. 141 16
0. 142 45
0. 143 24
0. 144 38
0. 145 42
0. 146 25
0. 147 17
0. 148 13
0. 149 15
0. 150 27
0. 151 41
0. 152 24
0. 153 31
0. 154 26
0. 155 36
0. 156 17
0. 157 50
0. 158 44
0. 159 36
0. 160 29
0. 161 30
0. 162 47
0. 163 33
0. 164 31
0. 165 39
0. 166 21
0. 167 39
0. 168 25
0. 169 34
0. 170 35
0. 171 41
0. 172 31
0. 173 33
0. 174 48
0. 175 36
0. 176 23
0. 177 35
0. 178 21
0. 179 32
0. 180 21
0. 181 17
0. 182 38
0. 183 26
0. 184 46
0. 185 49
0. 186 26
0. 187 28
0. 188 46
0. 189 43
0. 190 43
0. 191 28
0. 192 34
0. 193 34
0. 194 18
0. 195 17
0. 196 24
0. 197 12
0. 198 13
0. 199 31
0. 200 38
0. 201 18
0. 202 38
0. 203 11
0. 204 24
0. 205 29
0. 206 50
0. 207 26
0. 208 23
0. 209 38
0. 210 16
0. 211 21
0. 212 36
0. 213 44
0. 214 24
0. 215 15
0. 216 44
0. 217 45
0. 218 40
0. 219 46
0. 220 30
0. 221 24
0. 222 14
0. 223 24
0. 224 27
0. 225 24
0. 226 30
0. 227 38
0. 228 23
0. 229 20
0. 230 19
0. 231 48
0. 232 47
0. 233 43
0. 234 25
0. 235 30
0. 236 44
0. 237 34
0. 238 17
0. 239 46
0. 240 49
0. 241 26
0. 242 41
0. 243 36
0. 244 12
0. 245 26
0. 246 24
0. 247 28
0. 248 22
0. 249 27
0. 250 17
0. 251 41
0. 252 50
0. 253 47
0. 254 45
0. 255 32
0. 256 28
0. 257 23
0. 258 10
0. 259 43
0. 260 16
0. 261 18
0. 262 37
0. 263 24
0. 264 28
0. 265 44
0. 266 46
0. 267 22
0. 268 44
0. 269 47
0. 270 40
0. 271 17
0. 272 11
0. 273 30
0. 274 48
0. 275 42
0. 276 50
0. 277 27
0. 278 36
0. 279 37
0. 280 10
0. 281 19
0. 282 31
0. 283 36
0. 284 48
0. 285 17
0. 286 26
0. 287 13
0. 288 42
0. 289 27
0. 290 16
0. 291 14
0. 292 12
0. 293 16
0. 294 29
0. 295 10
0. 296 21
0. 297 10
0. 298 36
0. 299 29
0. 300 38
0. 301 40
0. 302 49
0. 303 20
0. 304 48
0. 305 10
0. 306 30
0. 307 37
0. 308 26
0. 309 43
0. 310 23
0. 311 46
0. 312 19
0. 313 15
0. 314 36
0. 315 48
0. 316 32
0. 317 14
0. 318 11
0. 319 39
0. 320 14
0. 321 43
0. 322 20
0. 323 47
0. 324 42
0. 325 36
0. 326 38
0. 327 46
0. 328 48
0. 329 23
0. 330 10
0. 331 44
0. 332 23
0. 333 38
0. 334 18
0. 335 41
0. 336 34
0. 337 21
0. 338 26
0. 339 13
0. 340 48
0. 341 41
0. 342 30
0. 343 10
0. 344 41
0. 345 22
0. 346 30
0. 347 46
0. 348 29
0. 349 49
0. 350 16
0. 351 14
0. 352 35
0. 353 10
0. 354 43
0. 355 27
0. 356 40
0. 357 32
0. 358 30
0. 359 44
0. 360 34
0. 361 14
0. 362 29
0. 363 50
0. 364 21
0. 365 40
0. 366 47
0. 367 21
0. 368 31
0. 369 50
0. 370 35
0. 371 32
0. 372 37
0. 373 42
0. 374 25
0. 375 43
0. 376 12
0. 377 20
0. 378 13
0. 379 29
0. 380 12
0. 381 25
0. 382 17
0. 383 39
0. 384 14
0. 385 44
0. 386 23
0. 387 34
0. 388 43
0. 389 11
0. 390 14
0. 391 31
0. 392 45
0. 393 12
0. 394 33
0. 395 24
0. 396 32
0. 397 13
0. 398 32
0. 399 15
1. 0 42
1. 1 14
1. 2 18
1. 3 29
1. 4 22
1. 5 39
1. 6 16
1. 7 44
1. 8 10
1. 9 42
1. 10 30
1. 11 33
1. 12 13
1. 13 18
1. 14 37
1. 15 40
1. 16 47
1. 17 28
1. 18 27
1. 19 18
1. 20 30
1. 21 33
1. 22 42
1. 23 24
1. 24 10
1. 25 13
1. 26 48
1. 27 18
1. 28 42
1. 29 24
1. 30 36
1. 31 30
1. 32 10
1. 33 48
1. 34 22
1. 35 13
1. 36 16
1. 37 38
1. 38 18
1. 39 28
1. 40 17
1. 41 11
1. 42 44
1. 43 43
1. 44 49
1. 45 39
1. 46 17
1. 47 22
1. 48 49
1. 49 20
1. 50 38
1. 51 47
1. 52 43
1. 53 49
1. 54 47
1. 55 36
1. 56 44
1. 57 30
1. 58 17
1. 59 34
1. 60 18
1. 61 25
1. 62 44
1. 63 24
1. 64 25
1. 65 12
1. 66 13
1. 67 24
1. 68 50
1. 69 17
1. 70 46
1. 71 43
1. 72 35
1. 73 25
1. 74 22
1. 75 37
1. 76 38
1. 77 27
1. 78 24
1. 79 21
1. 80 39
1. 81 12
1. 82 46
1. 83 13
1. 84 25
1. 85 24
1. 86 45
1. 87 28
1. 88 38
1. 89 45
1. 90 12
1. 91 25
1. 92 30
1. 93 23
1. 94 41
1. 95 29
1. 96 36
1. 97 26
1. 98 40
1. 99 15
1. 100 17
1. 101 48
1. 102 34
1. 103 47
1. 104 10
1. 105 35
1. 106 16
1. 107 27
1. 108 41
1. 109 16
1. 110 45
1. 111 23
1. 112 18
1. 113 46
1. 114 40
1. 115 50
1. 116 24
1. 117 14
1. 118 14
1. 119 38
1. 120 31
1. 121 13
1. 122 24
1. 123 20
1. 124 50
1. 125 41
1. 126 18
1. 127 28
1. 128 15
1. 129 17
1. 130 36
1. 131 11
1. 132 40
1. 133 11
1. 134 46
1. 135 33
1. 136 30
1. 137 41
1. 138 39
1. 139 17
1. 140 20
1. 141 13
1. 142 31
1. 143 49
1. 144 11
1. 145 15
1. 146 15
1. 147 36
1. 148 29
1. 149 10
1. 150 17
1. 151 12
1. 152 41
1. 153 25
1. 154 47
1. 155 39
1. 156 32
1. 157 28
1. 158 47
1. 159 39
1. 160 38
1. 161 48
1. 162 14
1. 163 31
1. 164 15
1. 165 45
1. 166 21
1. 167 26
1. 168 47
1. 169 18
1. 170 25
1. 171 43
1. 172 45
1. 173 38
1. 174 15
1. 175 31
1. 176 23
1. 177 30
1. 178 48
1. 179 47
1. 180 11
1. 181 13
1. 182 38
1. 183 12
1. 184 31
1. 185 21
1. 186 37
1. 187 13
1. 188 34
1. 189 31
1. 190 41
1. 191 29
1. 192 42
1. 193 32
1. 194 34
1. 195 45
1. 196 28
1. 197 15
1. 198 27
1. 199 43
1. 200 32
1. 201 35
1. 202 33
1. 203 12
1. 204 41
1. 205 40
1. 206 33
1. 207 14
1. 208 45
1. 209 10
1. 210 14
1. 211 29
1. 212 45
1. 213 37
1. 214 20
1. 215 11
1. 216 26
1. 217 34
1. 218 32
1. 219 28
1. 220 16
1. 221 28
1. 222 38
1. 223 41
1. 224 28
1. 225 16
1. 226 33
1. 227 16
1. 228 22
1. 229 44
1. 230 49
1. 231 11
1. 232 22
1. 233 10
1. 234 42
1. 235 27
1. 236 40
1. 237 23
1. 238 43
1. 239 38
1. 240 46
1. 241 49
1. 242 37
1. 243 43
1. 244 27
1. 245 29
1. 246 35
1. 247 16
1. 248 32
1. 249 29
1. 250 35
1. 251 42
1. 252 41
1. 253 48
1. 254 36
1. 255 27
1. 256 17
1. 257 19
1. 258 35
1. 259 19
1. 260 47
1. 261 24
1. 262 38
1. 263 16
1. 264 36
1. 265 36
1. 266 36
1. 267 20
1. 268 15
1. 269 45
1. 270 46
1. 271 50
1. 272 20
1. 273 50
1. 274 38
1. 275 18
1. 276 36
1. 277 29
1. 278 32
1. 279 24
1. 280 38
1. 281 27
1. 282 10
1. 283 42
1. 284 32
1. 285 12
1. 286 38
1. 287 15
1. 288 16
1. 289 33
1. 290 23
1. 291 43
1. 292 11
1. 293 22
1. 294 27
1. 295 50
1. 296 33
1. 297 18
1. 298 39
1. 299 40
1. 300 44
1. 301 12
1. 302 43
1. 303 35
1. 304 25
1. 305 11
1. 306 25
1. 307 40
1. 308 14
1. 309 50
1. 310 46
1. 311 26
1. 312 17
1. 313 17
1. 314 43
1. 315 13
1. 316 18
1. 317 19
1. 318 47
1. 319 25
1. 320 11
1. 321 22
1. 322 25
1. 323 28
1. 324 50
1. 325 35
1. 326 10
1. 327 20
1. 328 38
1. 329 32
1. 330 39
1. 331 42
1. 332 24
1. 333 49
1. 334 42
1. 335 47
1. 336 18
1. 337 26
1. 338 45
1. 339 25
1. 340 47
1. 341 33
1. 342 32
1. 343 46
1. 344 44
1. 345 43
1. 346 23
1. 347 50
1. 348 48
1. 349 13
1. 350 31
1. 351 26
1. 352 14
1. 353 42
1. 354 31
1. 355 26
1. 356 36
1. 357 34
1. 358 25
1. 359 28
1. 360 15
1. 361 49
1. 362 27
1. 363 19
1. 364 36
1. 365 47
1. 366 49
1. 367 13
1. 368 23
1. 369 34
1. 370 29
1. 371 44
1. 372 38
1. 373 17
1. 374 30
1. 375 18
1. 376 14
1. 377 41
1. 378 42
1. 379 39
1. 380 33
1. 381 36
1. 382 40
1. 383 24
1. 384 15
1. 385 43
1. 386 32
1. 387 45
1. 388 29
1. 389 41
1. 390 31
1. 391 43
1. 392 34
1. 393 10
1. 394 35
1. 395 34
1. 396 24
1. 397 32
1. 398 36
1. 399 15
2. 0 41
2. 1 32
2. 2 31
2. 3 36
2. 4 38
2. 5 11
2. 6 41
2. 7 32
2. 8 49
2. 9 39
2. 10 34
2. 11 19
2. 12 30
2. 13 19
2. 14 44
2. 15 13
2. 16 32
2. 17 25
2. 18 24
2. 19 40
2. 20 30
2. 21 13
2. 22 32
2. 23 31
2. 24 24
2. 25 31
2. 26 18
2. 27 24
2. 28 34
2. 29 45
2. 30 15
2. 31 45
2. 32 19
2. 33 27
2. 34 26
2. 35 17
2. 36 39
2. 37 39
2. 38 28
2. 39 49
2. 40 49
2. 41 39
2. 42 14
2. 43 25
2. 44 35
2. 45 28
2. 46 18
2. 47 25
2. 48 20
2. 49 43
2. 50 43
2. 51 43
2. 52 20
2. 53 38
2. 54 32
2. 55 29
2. 56 19
2. 57 38
2. 58 15
2. 59 37
2. 60 14
2. 61 15
2. 62 44
2. 63 48
2. 64 48
2. 65 41
2. 66 34
2. 67 33
2. 68 15
2. 69 11
2. 70 38
2. 71 21
2. 72 18
2. 73 13
2. 74 43
2. 75 41
2. 76 29
2. 77 21
2. 78 19
2. 79 39
2. 80 41
2. 81 45
2. 82 49
2. 83 37
2. 84 46
2. 85 16
2. 86 38
2. 87 27
2. 88 35
2. 89 11
2. 90 26
2. 91 35
2. 92 16
2. 93 48
2. 94 18
2. 95 42
2. 96 36
2. 97 24
2. 98 34
2. 99 44
2. 100 43
2. 101 18
2. 102 38
2. 103 14
2. 104 25
2. 105 29
2. 106 21
2. 107 44
2. 108 12
2. 109 47
2. 110 27
2. 111 29
2. 112 15
2. 113 27
2. 114 44
2. 115 38
2. 116 14
2. 117 21
2. 118 21
2. 119 46
2. 120 30
2. 121 23
2. 122 13
2. 123 50
2. 124 34
2. 125 17
2. 126 39
2. 127 36
2. 128 39
2. 129 24
2. 130 10
2. 131 41
2. 132 20
2. 133 38
2. 134 42
2. 135 48
2. 136 38
2. 137 44
2. 138 13
2. 139 43
2. 140 11
2. 141 49
2. 142 22
2. 143 43
2. 144 10
2. 145 44
2. 146 33
2. 147 12
2. 148 17
2. 149 19
2. 150 33
2. 151 21
2. 152 25
2. 153 39
2. 154 22
2. 155 28
2. 156 42
2. 157 14
2. 158 10
2. 159 34
2. 160 13
2. 161 17
2. 162 29
2. 163 49
2. 164 31
2. 165 22
2. 166 20
2. 167 11
2. 168 50
2. 169 29
2. 170 46
2. 171 41
2. 172 33
2. 173 21
2. 174 30
2. 175 39
2. 176 34
2. 177 37
2. 178 23
2. 179 42
2. 180 47
2. 181 26
2. 182 49
2. 183 40
2. 184 22
2. 185 34
2. 186 20
2. 187 30
2. 188 39
2. 189 20
2. 190 37
2. 191 30
2. 192 16
2. 193 36
2. 194 38
2. 195 44
2. 196 17
2. 197 16
2. 198 32
2. 199 29
2. 200 34
2. 201 48
2. 202 27
2. 203 33
2. 204 27
2. 205 12
2. 206 38
2. 207 49
2. 208 34
2. 209 45
2. 210 23
2. 211 39
2. 212 38
2. 213 35
2. 214 46
2. 215 20
2. 216 49
2. 217 40
2. 218 17
2. 219 25
2. 220 47
2. 221 27
2. 222 27
2. 223 13
2. 224 11
2. 225 40
2. 226 28
2. 227 35
2. 228 27
2. 229 36
2. 230 14
2. 231 16
2. 232 29
2. 233 15
2. 234 29
2. 235 47
2. 236 45
2. 237 43
2. 238 33
2. 239 15
2. 240 24
2. 241 35
2. 242 47
2. 243 30
2. 244 28
2. 245 48
2. 246 44
2. 247 36
2. 248 31
2. 249 17
2. 250 28
2. 251 17
2. 252 29
2. 253 42
2. 254 11
2. 255 43
2. 256 21
2. 257 48
2. 258 33
2. 259 25
2. 260 50
2. 261 30
2. 262 29
2. 263 42
2. 264 12
2. 265 21
2. 266 46
2. 267 22
2. 268 43
2. 269 23
2. 270 50
2. 271 36
2. 272 40
2. 273 30
2. 274 27
2. 275 32
2. 276 40
2. 277 40
2. 278 25
2. 279 31
2. 280 42
2. 281 22
2. 282 25
2. 283 43
2. 284 11
2. 285 45
2. 286 22
2. 287 11
2. 288 12
2. 289 45
2. 290 49
2. 291 47
2. 292 15
2. 293 43
2. 294 19
2. 295 46
2. 296 28
2. 297 47
2. 298 33
2. 299 10
2. 300 37
2. 301 40
2. 302 40
2. 303 39
2. 304 18
2. 305 24
2. 306 22
2. 307 16
2. 308 34
2. 309 41
2. 310 16
2. 311 22
2. 312 13
2. 313 42
2. 314 28
2. 315 10
2. 316 43
2. 317 24
2. 318 16
2. 319 45
2. 320 13
2. 321 32
2. 322 33
2. 323 49
2. 324 40
2. 325 47
2. 326 11
2. 327 42
2. 328 19
2. 329 45
2. 330 31
2. 331 17
2. 332 27
2. 333 29
2. 334 43
2. 335 26
2. 336 40
2. 337 23
2. 338 11
2. 339 24
2. 340 38
2. 341 50
2. 342 43
2. 343 19
2. 344 21
2. 345 35
2. 346 16
2. 347 21
2. 348 34
2. 349 27
2. 350 32
2. 351 20
2. 352 36
2. 353 22
2. 354 27
2. 355 48
2. 356 19
2. 357 29
2. 358 35
2. 359 35
2. 360 33
2. 361 21
2. 362 41
2. 363 41
2. 364 37
2. 365 23
2. 366 15
2. 367 32
2. 368 47
2. 369 48
2. 370 16
2. 371 13
2. 372 17
2. 373 41
2. 374 15
2. 375 24
2. 376 44
2. 377 13
2. 378 13
2. 379 50
2. 380 38
2. 381 27
2. 382 28
2. 383 48
2. 384 33
2. 385 42
2. 386 34
2. 387 18
2. 388 32
2. 389 29
2. 390 40
2. 391 25
2. 392 19
2. 393 34
2. 394 26
2. 395 29
2. 396 30
2. 397 22
2. 398 41
2. 399 42
3. 0 44
3. 1 48
3. 2 22
3. 3 10
3. 4 44
3. 5 39
3. 6 47
3. 7 32
3. 8 42
3. 9 44
3. 10 45
3. 11 19
3. 12 10
3. 13 14
3. 14 50
3. 15 30
3. 16 23
3. 17 49
3. 18 20
3. 19 43
3. 20 20
3. 21 19
3. 22 21
3. 23 42
3. 24 30
3. 25 35
3. 26 34
3. 27 46
3. 28 33
3. 29 43
3. 30 44
3. 31 36
3. 32 20
3. 33 27
3. 34 16
3. 35 37
3. 36 10
3. 37 42
3. 38 10
3. 39 29
3. 40 38
3. 41 42
3. 42 16
3. 43 11
3. 44 12
3. 45 30
3. 46 20
3. 47 22
3. 48 43
3. 49 10
3. 50 35
3. 51 38
3. 52 29
3. 53 24
3. 54 13
3. 55 29
3. 56 19
3. 57 27
3. 58 33
3. 59 25
3. 60 17
3. 61 32
3. 62 30
3. 63 24
3. 64 24
3. 65 44
3. 66 28
3. 67 24
3. 68 32
3. 69 22
3. 70 26
3. 71 35
3. 72 39
3. 73 17
3. 74 40
3. 75 15
3. 76 43
3. 77 49
3. 78 29
3. 79 33
3. 80 35
3. 81 33
3. 82 47
3. 83 34
3. 84 44
3. 85 40
3. 86 16
3. 87 42
3. 88 45
3. 89 27
3. 90 35
3. 91 15
3. 92 14
3. 93 30
3. 94 50
3. 95 11
3. 96 50
3. 97 46
3. 98 50
3. 99 19
3. 100 47
3. 101 41
3. 102 12
3. 103 22
3. 104 33
3. 105 33
3. 106 28
3. 107 16
3. 108 45
3. 109 14
3. 110 47
3. 111 21
3. 112 42
3. 113 30
3. 114 31
3. 115 12
3. 116 34
3. 117 36
3. 118 31
3. 119 50
3. 120 24
3. 121 22
3. 122 12
3. 123 15
3. 124 39
3. 125 49
3. 126 34
3. 127 34
3. 128 31
3. 129 35
3. 130 35
3. 131 19
3. 132 15
3. 133 14
3. 134 11
3. 135 35
3. 136 30
3. 137 44
3. 138 15
3. 139 29
3. 140 26
3. 141 48
3. 142 47
3. 143 20
3. 144 11
3. 145 10
3. 146 43
3. 147 27
3. 148 31
3. 149 35
3. 150 21
3. 151 12
3. 152 21
3. 153 14
3. 154 24
3. 155 18
3. 156 49
3. 157 34
3. 158 37
3. 159 41
3. 160 46
3. 161 26
3. 162 22
3. 163 14
3. 164 41
3. 165 32
3. 166 29
3. 167 30
3. 168 23
3. 169 15
3. 170 40
3. 171 22
3. 172 13
3. 173 39
3. 174 43
3. 175 15
3. 176 32
3. 177 34
3. 178 20
3. 179 45
3. 180 10
3. 181 30
3. 182 33
3. 183 43
3. 184 41
3. 185 16
3. 186 48
3. 187 49
3. 188 23
3. 189 23
3. 190 37
3. 191 13
3. 192 34
3. 193 45
3. 194 10
3. 195 29
3. 196 48
3. 197 33
3. 198 32
3. 199 38
3. 200 29
3. 201 50
3. 202 23
3. 203 38
3. 204 20
3. 205 12
3. 206 15
3. 207 23
3. 208 14
3. 209 12
3. 210 24
3. 211 24
3. 212 47
3. 213 30
3. 214 35
3. 215 49
3. 216 28
3. 217 15
3. 218 25
3. 219 43
3. 220 44
3. 221 25
3. 222 11
3. 223 45
3. 224 40
3. 225 10
3. 226 42
3. 227 38
3. 228 24
3. 229 10
3. 230 31
3. 231 41
3. 232 46
3. 233 16
3. 234 46
3. 235 30
3. 236 38
3. 237 44
3. 238 23
3. 239 15
3. 240 13
3. 241 33
3. 242 39
3. 243 39
3. 244 41
3. 245 12
3. 246 39
3. 247 47
3. 248 33
3. 249 48
3. 250 20
3. 251 12
3. 252 17
3. 253 23
3. 254 23
3. 255 22
3. 256 46
3. 257 14
3. 258 41
3. 259 49
3. 260 21
3. 261 10
3. 262 38
3. 263 11
3. 264 13
3. 265 43
3. 266 35
3. 267 22
3. 268 43
3. 269 23
3. 270 50
3. 271 34
3. 272 24
3. 273 33
3. 274 50
3. 275 31
3. 276 34
3. 277 50
3. 278 17
3. 279 48
3. 280 49
3. 281 47
3. 282 19
3. 283 39
3. 284 29
3. 285 13
3. 286 16
3. 287 25
3. 288 21
3. 289 42
3. 290 15
3. 291 21
3. 292 31
3. 293 11
3. 294 27
3. 295 39
3. 296 15
3. 297 24
3. 298 37
3. 299 36
3. 300 34
3. 301 10
3. 302 42
3. 303 34
3. 304 27
3. 305 42
3. 306 45
3. 307 18
3. 308 10
3. 309 27
3. 310 27
3. 311 15
3. 312 49
3. 313 34
3. 314 11
3. 315 37
3. 316 30
3. 317 42
3. 318 18
3. 319 44
3. 320 36
3. 321 49
3. 322 14
3. 323 31
3. 324 30
3. 325 44
3. 326 17
3. 327 41
3. 328 38
3. 329 32
3. 330 22
3. 331 41
3. 332 32
3. 333 40
3. 334 25
3. 335 43
3. 336 21
3. 337 23
3. 338 15
3. 339 10
3. 340 16
3. 341 40
3. 342 47
3. 343 25
3. 344 30
3. 345 46
3. 346 29
3. 347 34
3. 348 32
3. 349 50
3. 350 17
3. 351 23
3. 352 22
3. 353 44
3. 354 50
3. 355 21
3. 356 14
3. 357 30
3. 358 27
3. 359 11
3. 360 49
3. 361 26
3. 362 45
3. 363 41
3. 364 42
3. 365 38
3. 366 33
3. 367 41
3. 368 33
3. 369 32
3. 370 35
3. 371 49
3. 372 41
3. 373 39
3. 374 18
3. 375 26
3. 376 12
3. 377 11
3. 378 25
3. 379 10
3. 380 30
3. 381 28
3. 382 46
3. 383 19
3. 384 15
3. 385 49
3. 386 17
3. 387 10
3. 388 47
3. 389 27
3. 390 40
3. 391 13
3. 392 38
3. 393 23
3. 394 39
3. 395 32
3. 396 48
3. 397 23
3. 398 16
3. 399 42
4. 0 27
4. 1 16
4. 2 19
4. 3 47
4. 4 15
4. 5 25
4. 6 45
4. 7 39
4. 8 38
4. 9 32
4. 10 36
4. 11 18
4. 12 41
4. 13 22
4. 14 18
4. 15 41
4. 16 33
4. 17 17
4. 18 12
4. 19 49
4. 20 49
4. 21 22
4. 22 41
4. 23 24
4. 24 20
4. 25 50
4. 26 22
4. 27 43
4. 28 18
4. 29 27
4. 30 11
4. 31 49
4. 32 34
4. 33 16
4. 34 47
4. 35 32
4. 36 15
4. 37 14
4. 38 31
4. 39 36
4. 40 10
4. 41 20
4. 42 22
4. 43 23
4. 44 25
4. 45 11
4. 46 11
4. 47 49
4. 48 36
4. 49 37
4. 50 16
4. 51 20
4. 52 46
4. 53 16
4. 54 16
4. 55 14
4. 56 30
4. 57 25
4. 58 14
4. 59 14
4. 60 26
4. 61 12
4. 62 17
4. 63 21
4. 64 22
4. 65 46
4. 66 37
4. 67 23
4. 68 16
4. 69 32
4. 70 49
4. 71 24
4. 72 18
4. 73 21
4. 74 23
4. 75 20
4. 76 44
4. 77 23
4. 78 24
4. 79 38
4. 80 45
4. 81 46
4. 82 10
4. 83 40
4. 84 46
4. 85 22
4. 86 38
4. 87 25
4. 88 47
4. 89 43
4. 90 41
4. 91 41
4. 92 44
4. 93 37
4. 94 33
4. 95 29
4. 96 28
4. 97 48
4. 98 35
4. 99 33
4. 100 18
4. 101 38
4. 102 47
4. 103 41
4. 104 50
4. 105 15
4. 106 44
4. 107 42
4. 108 23
4. 109 22
4. 110 18
4. 111 35
4. 112 26
4. 113 36
4. 114 19
4. 115 15
4. 116 39
4. 117 26
4. 118 16
4. 119 11
4. 120 30
4. 121 46
4. 122 44
4. 123 48
4. 124 26
4. 125 50
4. 126 22
4. 127 14
4. 128 27
4. 129 22
4. 130 47
4. 131 24
4. 132 42
4. 133 44
4. 134 19
4. 135 38
4. 136 36
4. 137 33
4. 138 11
4. 139 29
4. 140 30
4. 141 22
4. 142 39
4. 143 17
4. 144 48
4. 145 12
4. 146 30
4. 147 48
4. 148 39
4. 149 25
4. 150 27
4. 151 40
4. 152 44
4. 153 33
4. 154 11
4. 155 34
4. 156 34
4. 157 50
4. 158 31
4. 159 33
4. 160 18
4. 161 18
4. 162 39
4. 163 35
4. 164 11
4. 165 34
4. 166 43
4. 167 38
4. 168 12
4. 169 36
4. 170 13
4. 171 37
4. 172 34
4. 173 11
4. 174 12
4. 175 38
4. 176 39
4. 177 30
4. 178 32
4. 179 29
4. 180 41
4. 181 31
4. 182 28
4. 183 50
4. 184 13
4. 185 12
4. 186 16
4. 187 31
4. 188 27
4. 189 12
4. 190 26
4. 191 11
4. 192 23
4. 193 20
4. 194 24
4. 195 13
4. 196 35
4. 197 46
4. 198 36
4. 199 16
4. 200 37
4. 201 43
4. 202 23
4. 203 33
4. 204 27
4. 205 29
4. 206 28
4. 207 20
4. 208 33
4. 209 39
4. 210 18
4. 211 46
4. 212 22
4. 213 27
4. 214 18
4. 215 13
4. 216 48
4. 217 48
4. 218 49
4. 219 21
4. 220 29
4. 221 44
4. 222 19
4. 223 31
4. 224 45
4. 225 22
4. 226 15
4. 227 23
4. 228 40
4. 229 49
4. 230 40
4. 231 22
4. 232 28
4. 233 40
4. 234 12
4. 235 17
4. 236 24
4. 237 49
4. 238 17
4. 239 41
4. 240 44
4. 241 41
4. 242 23
4. 243 15
4. 244 23
4. 245 48
4. 246 42
4. 247 16
4. 248 36
4. 249 12
4. 250 25
4. 251 22
4. 252 47
4. 253 22
4. 254 23
4. 255 45
4. 256 30
4. 257 32
4. 258 28
4. 259 36
4. 260 18
4. 261 25
4. 262 17
4. 263 15
4. 264 49
4. 265 29
4. 266 40
4. 267 22
4. 268 23
4. 269 14
4. 270 35
4. 271 48
4. 272 31
4. 273 49
4. 274 44
4. 275 49
4. 276 28
4. 277 21
4. 278 21
4. 279 14
4. 280 13
4. 281 35
4. 282 23
4. 283 41
4. 284 27
4. 285 40
4. 286 13
4. 287 36
4. 288 28
4. 289 30
4. 290 41
4. 291 20
4. 292 25
4. 293 48
4. 294 16
4. 295 31
4. 296 21
4. 297 24
4. 298 44
4. 299 31
4. 300 43
4. 301 45
4. 302 17
4. 303 23
4. 304 12
4. 305 10
4. 306 39
4. 307 49
4. 308 42
4. 309 50
4. 310 47
4. 311 38
4. 312 34
4. 313 13
4. 314 43
4. 315 41
4. 316 22
4. 317 39
4. 318 49
4. 319 24
4. 320 30
4. 321 50
4. 322 35
4. 323 14
4. 324 16
4. 325 45
4. 326 45
4. 327 12
4. 328 14
4. 329 10
4. 330 45
4. 331 23
4. 332 47
4. 333 28
4. 334 24
4. 335 21
4. 336 32
4. 337 44
4. 338 11
4. 339 30
4. 340 10
4. 341 46
4. 342 46
4. 343 28
4. 344 16
4. 345 22
4. 346 47
4. 347 13
4. 348 25
4. 349 17
4. 350 28
4. 351 19
4. 352 50
4. 353 15
4. 354 32
4. 355 10
4. 356 12
4. 357 35
4. 358 34
4. 359 20
4. 360 37
4. 361 26
4. 362 28
4. 363 49
4. 364 18
4. 365 28
4. 366 38
4. 367 49
4. 368 35
4. 369 42
4. 370 47
4. 371 42
4. 372 27
4. 373 13
4. 374 32
4. 375 40
4. 376 22
4. 377 23
4. 378 41
4. 379 25
4. 380 12
4. 381 23
4. 382 16
4. 383 22
4. 384 43
4. 385 26
4. 386 20
4. 387 33
4. 388 12
4. 389 10
4. 390 37
4. 391 23
4. 392 41
4. 393 44
4. 394 19
4. 395 27
4. 396 47
4. 397 40
4. 398 42
4. 399 23
5. 0 29
5. 1 28
5. 2 30
5. 3 44
5. 4 44
5. 5 12
5. 6 21
5. 7 41
5. 8 13
5. 9 37
5. 10 32
5. 11 15
5. 12 23
5. 13 38
5. 14 38
5. 15 31
5. 16 28
5. 17 31
5. 18 27
5. 19 17
5. 20 43
5. 21 16
5. 22 30
5. 23 26
5. 24 42
5. 25 45
5. 26 48
5. 27 37
5. 28 39
5. 29 31
5. 30 23
5. 31 16
5. 32 43
5. 33 38
5. 34 12
5. 35 29
5. 36 34
5. 37 34
5. 38 29
5. 39 30
5. 40 17
5. 41 10
5. 42 31
5. 43 35
5. 44 37
5. 45 15
5. 46 41
5. 47 31
5. 48 49
5. 49 34
5. 50 43
5. 51 15
5. 52 29
5. 53 28
5. 54 32
5. 55 24
5. 56 35
5. 57 26
5. 58 25
5. 59 22
5. 60 50
5. 61 20
5. 62 10
5. 63 13
5. 64 10
5. 65 42
5. 66 46
5. 67 23
5. 68 39
5. 69 40
5. 70 36
5. 71 39
5. 72 41
5. 73 27
5. 74 10
5. 75 48
5. 76 17
5. 77 41
5. 78 16
5. 79 43
5. 80 48
5. 81 10
5. 82 22
5. 83 26
5. 84 42
5. 85 36
5. 86 25
5. 87 47
5. 88 41
5. 89 37
5. 90 26
5. 91 46
5. 92 33
5. 93 42
5. 94 37
5. 95 29
5. 96 46
5. 97 21
5. 98 24
5. 99 45
5. 100 36
5. 101 46
5. 102 25
5. 103 13
5. 104 35
5. 105 21
5. 106 25
5. 107 49
5. 108 32
5. 109 14
5. 110 37
5. 111 40
5. 112 30
5. 113 26
5. 114 40
5. 115 46
5. 116 10
5. 117 43
5. 118 32
5. 119 32
5. 120 21
5. 121 16
5. 122 46
5. 123 38
5. 124 46
5. 125 20
5. 126 15
5. 127 34
5. 128 48
5. 129 10
5. 130 46
5. 131 24
5. 132 30
5. 133 40
5. 134 21
5. 135 50
5. 136 12
5. 137 20
5. 138 14
5. 139 28
5. 140 49
5. 141 47
5. 142 18
5. 143 27
5. 144 26
5. 145 45
5. 146 14
5. 147 19
5. 148 10
5. 149 20
5. 150 39
5. 151 36
5. 152 41
5. 153 40
5. 154 43
5. 155 44
5. 156 49
5. 157 12
5. 158 24
5. 159 28
5. 160 15
5. 161 15
5. 162 49
5. 163 43
5. 164 46
5. 165 24
5. 166 11
5. 167 38
5. 168 10
5. 169 23
5. 170 37
5. 171 46
5. 172 17
5. 173 21
5. 174 39
5. 175 42
5. 176 47
5. 177 36
5. 178 27
5. 179 48
5. 180 18
5. 181 38
5. 182 35
5. 183 23
5. 184 26
5. 185 31
5. 186 20
5. 187 21
5. 188 22
5. 189 49
5. 190 22
5. 191 46
5. 192 12
5. 193 14
5. 194 16
5. 195 18
5. 196 10
5. 197 10
5. 198 25
5. 199 18
5. 200 46
5. 201 44
5. 202 35
5. 203 36
5. 204 33
5. 205 35
5. 206 19
5. 207 35
5. 208 46
5. 209 26
5. 210 41
5. 211 21
5. 212 34
5. 213 14
5. 214 10
5. 215 32
5. 216 47
5. 217 11
5. 218 22
5. 219 41
5. 220 13
5. 221 11
5. 222 10
5. 223 34
5. 224 43
5. 225 41
5. 226 12
5. 227 17
5. 228 36
5. 229 24
5. 230 16
5. 231 28
5. 232 40
5. 233 25
5. 234 36
5. 235 45
5. 236 10
5. 237 36
5. 238 42
5. 239 28
5. 240 39
5. 241 14
5. 242 22
5. 243 26
5. 244 38
5. 245 41
5. 246 40
5. 247 14
5. 248 35
5. 249 50
5. 250 14
5. 251 44
5. 252 48
5. 253 37
5. 254 34
5. 255 11
5. 256 14
5. 257 18
5. 258 25
5. 259 20
5. 260 14
5. 261 24
5. 262 18
5. 263 12
5. 264 15
5. 265 46
5. 266 26
5. 267 30
5. 268 50
5. 269 26
5. 270 33
5. 271 37
5. 272 26
5. 273 50
5. 274 18
5. 275 16
5. 276 34
5. 277 22
5. 278 40
5. 279 31
5. 280 25
5. 281 29
5. 282 45
5. 283 45
5. 284 16
5. 285 30
5. 286 19
5. 287 29
5. 288 18
5. 289 43
5. 290 44
5. 291 41
5. 292 21
5. 293 21
5. 294 30
5. 295 32
5. 296 18
5. 297 35
5. 298 36
5. 299 24
5. 300 31
5. 301 18
5. 302 40
5. 303 29
5. 304 29
5. 305 35
5. 306 42
5. 307 23
5. 308 10
5. 309 36
5. 310 48
5. 311 20
5. 312 34
5. 313 48
5. 314 47
5. 315 11
5. 316 31
5. 317 33
5. 318 15
5. 319 10
5. 320 46
5. 321 23
5. 322 20
5. 323 45
5. 324 35
5. 325 39
5. 326 10
5. 327 18
5. 328 38
5. 329 13
5. 330 18
5. 331 50
5. 332 17
5. 333 40
5. 334 33
5. 335 46
5. 336 50
5. 337 47
5. 338 25
5. 339 28
5. 340 15
5. 341 10
5. 342 25
5. 343 29
5. 344 20
5. 345 11
5. 346 34
5. 347 25
5. 348 26
5. 349 18
5. 350 35
5. 351 34
5. 352 32
5. 353 42
5. 354 29
5. 355 29
5. 356 14
5. 357 31
5. 358 42
5. 359 15
5. 360 43
5. 361 18
5. 362 49
5. 363 43
5. 364 15
5. 365 50
5. 366 27
5. 367 38
5. 368 36
5. 369 10
5. 370 23
5. 371 45
5. 372 41
5. 373 49
5. 374 16
5. 375 19
5. 376 48
5. 377 44
5. 378 22
5. 379 36
5. 380 39
5. 381 50
5. 382 11
5. 383 47
5. 384 15
5. 385 32
5. 386 27
5. 387 24
5. 388 23
5. 389 48
5. 390 50
5. 391 21
5. 392 28
5. 393 15
5. 394 45
5. 395 13
5. 396 13
5. 397 17
5. 398 36
5. 399 31
6. 0 37
6. 1 29
6. 2 16
6. 3 40
6. 4 20
6. 5 23
6. 6 28
6. 7 23
6. 8 40
6. 9 36
6. 10 30
6. 11 30
6. 12 50
6. 13 46
6. 14 43
6. 15 31
6. 16 15
6. 17 21
6. 18 14
6. 19 14
6. 20 28
6. 21 28
6. 22 41
6. 23 24
6. 24 49
6. 25 25
6. 26 46
6. 27 41
6. 28 23
6. 29 49
6. 30 39
6. 31 45
6. 32 42
6. 33 14
6. 34 24
6. 35 13
6. 36 32
6. 37 23
6. 38 27
6. 39 27
6. 40 23
6. 41 14
6. 42 41
6. 43 25
6. 44 21
6. 45 15
6. 46 27
6. 47 40
6. 48 35
6. 49 49
6. 50 34
6. 51 14
6. 52 15
6. 53 47
6. 54 26
6. 55 48
6. 56 23
6. 57 39
6. 58 16
6. 59 40
6. 60 37
6. 61 18
6. 62 15
6. 63 47
6. 64 27
6. 65 10
6. 66 30
6. 67 37
6. 68 12
6. 69 26
6. 70 26
6. 71 49
6. 72 49
6. 73 19
6. 74 37
6. 75 30
6. 76 16
6. 77 23
6. 78 27
6. 79 41
6. 80 19
6. 81 45
6. 82 49
6. 83 32
6. 84 36
6. 85 28
6. 86 17
6. 87 26
6. 88 11
6. 89 21
6. 90 40
6. 91 36
6. 92 31
6. 93 16
6. 94 29
6. 95 41
6. 96 27
6. 97 37
6. 98 21
6. 99 13
6. 100 47
6. 101 25
6. 102 39
6. 103 19
6. 104 27
6. 105 19
6. 106 46
6. 107 47
6. 108 45
6. 109 21
6. 110 26
6. 111 32
6. 112 15
6. 113 34
6. 114 27
6. 115 28
6. 116 43
6. 117 30
6. 118 30
6. 119 46
6. 120 18
6. 121 30
6. 122 46
6. 123 49
6. 124 46
6. 125 23
6. 126 25
6. 127 21
6. 128 22
6. 129 44
6. 130 24
6. 131 42
6. 132 36
6. 133 24
6. 134 41
6. 135 23
6. 136 12
6. 137 40
6. 138 15
6. 139 32
6. 140 15
6. 141 19
6. 142 11
6. 143 46
6. 144 14
6. 145 13
6. 146 17
6. 147 35
6. 148 11
6. 149 45
6. 150 41
6. 151 26
6. 152 28
6. 153 15
6. 154 43
6. 155 48
6. 156 19
6. 157 33
6. 158 33
6. 159 17
6. 160 12
6. 161 33
6. 162 30
6. 163 50
6. 164 28
6. 165 40
6. 166 10
6. 167 13
6. 168 43
6. 169 36
6. 170 17
6. 171 11
6. 172 19
6. 173 37
6. 174 12
6. 175 24
6. 176 27
6. 177 32
6. 178 33
6. 179 39
6. 180 20
6. 181 34
6. 182 30
6. 183 40
6. 184 49
6. 185 19
6. 186 44
6. 187 38
6. 188 38
6. 189 11
6. 190 41
6. 191 49
6. 192 23
6. 193 21
6. 194 34
6. 195 39
6. 196 12
6. 197 22
6. 198 10
6. 199 21
6. 200 17
6. 201 15
6. 202 48
6. 203 46
6. 204 12
6. 205 27
6. 206 21
6. 207 25
6. 208 10
6. 209 30
6. 210 49
6. 211 17
6. 212 49
6. 213 14
6. 214 20
6. 215 31
6. 216 32
6. 217 15
6. 218 25
6. 219 14
6. 220 46
6. 221 18
6. 222 44
6. 223 48
6. 224 19
6. 225 35
6. 226 30
6. 227 44
6. 228 40
6. 229 12
6. 230 22
6. 231 26
6. 232 17
6. 233 40
6. 234 20
6. 235 27
6. 236 12
6. 237 33
6. 238 32
6. 239 18
6. 240 22
6. 241 44
6. 242 40
6. 243 21
6. 244 19
6. 245 14
6. 246 37
6. 247 17
6. 248 31
6. 249 32
6. 250 45
6. 251 47
6. 252 12
6. 253 44
6. 254 37
6. 255 19
6. 256 30
6. 257 35
6. 258 17
6. 259 11
6. 260 26
6. 261 26
6. 262 34
6. 263 42
6. 264 29
6. 265 23
6. 266 15
6. 267 41
6. 268 18
6. 269 34
6. 270 42
6. 271 43
6. 272 20
6. 273 39
6. 274 28
6. 275 12
6. 276 39
6. 277 33
6. 278 26
6. 279 49
6. 280 41
6. 281 28
6. 282 42
6. 283 35
6. 284 48
6. 285 11
6. 286 17
6. 287 41
6. 288 27
6. 289 34
6. 290 37
6. 291 42
6. 292 26
6. 293 49
6. 294 34
6. 295 33
6. 296 17
6. 297 10
6. 298 35
6. 299 44
6. 300 12
6. 301 19
6. 302 50
6. 303 14
6. 304 30
6. 305 34
6. 306 34
6. 307 29
6. 308 34
6. 309 44
6. 310 18
6. 311 45
6. 312 40
6. 313 16
6. 314 39
6. 315 34
6. 316 47
6. 317 19
6. 318 27
6. 319 24
6. 320 45
6. 321 18
6. 322 11
6. 323 25
6. 324 40
6. 325 40
6. 326 12
6. 327 39
6. 328 12
6. 329 21
6. 330 42
6. 331 25
6. 332 40
6. 333 31
6. 334 16
6. 335 40
6. 336 13
6. 337 21
6. 338 44
6. 339 16
6. 340 37
6. 341 34
6. 342 47
6. 343 43
6. 344 29
6. 345 21
6. 346 22
6. 347 50
6. 348 44
6. 349 15
6. 350 28
6. 351 30
6. 352 17
6. 353 24
6. 354 27
6. 355 47
6. 356 49
6. 357 12
6. 358 44
6. 359 10
6. 360 27
6. 361 45
6. 362 43
6. 363 49
6. 364 48
6. 365 46
6. 366 28
6. 367 15
6. 368 41
6. 369 45
6. 370 44
6. 371 36
6. 372 18
6. 373 40
6. 374 25
6. 375 29
6. 376 32
6. 377 41
6. 378 19
6. 379 40
6. 380 19
6. 381 40
6. 382 26
6. 383 35
6. 384 26
6. 385 23
6. 386 12
6. 387 22
6. 388 17
6. 389 30
6. 390 44
6. 391 10
6. 392 14
6. 393 47
6. 394 48
6. 395 48
6. 396 46
6. 397 50
6. 398 50
6. 399 36
7. 0 42
7. 1 40
7. 2 23
7. 3 20
7. 4 15
7. 5 33
7. 6 32
7. 7 22
7. 8 14
7. 9 43
7. 10 19
7. 11 36
7. 12 13
7. 13 27
7. 14 30
7. 15 46
7. 16 11
7. 17 38
7. 18 19
7. 19 22
7. 20 11
7. 21 50
7. 22 12
7. 23 15
7. 24 33
7. 25 41
7. 26 27
7. 27 31
7. 28 26
7. 29 43
7. 30 12
7. 31 23
7. 32 48
7. 33 38
7. 34 14
7. 35 15
7. 36 45
7. 37 37
7. 38 27
7. 39 35
7. 40 44
7. 41 11
7. 42 16
7. 43 21
7. 44 50
7. 45 45
7. 46 50
7. 47 23
7. 48 16
7. 49 24
7. 50 19
7. 51 28
7. 52 42
7. 53 41
7. 54 29
7. 55 32
7. 56 41
7. 57 17
7. 58 36
7. 59 39
7. 60 44
7. 61 38
7. 62 47
7. 63 13
7. 64 34
7. 65 38
7. 66 11
7. 67 19
7. 68 27
7. 69 46
7. 70 12
7. 71 32
7. 72 10
7. 73 21
7. 74 46
7. 75 12
7. 76 13
7. 77 50
7. 78 17
7. 79 40
7. 80 29
7. 81 28
7. 82 29
7. 83 13
7. 84 18
7. 85 25
7. 86 19
7. 87 23
7. 88 20
7. 89 16
7. 90 50
7. 91 21
7. 92 16
7. 93 20
7. 94 48
7. 95 37
7. 96 39
7. 97 16
7. 98 13
7. 99 23
7. 100 26
7. 101 29
7. 102 33
7. 103 50
7. 104 29
7. 105 38
7. 106 24
7. 107 18
7. 108 14
7. 109 13
7. 110 30
7. 111 41
7. 112 16
7. 113 31
7. 114 27
7. 115 25
7. 116 36
7. 117 38
7. 118 27
7. 119 21
7. 120 17
7. 121 11
7. 122 49
7. 123 45
7. 124 43
7. 125 27
7. 126 32
7. 127 34
7. 128 42
7. 129 38
7. 130 18
7. 131 48
7. 132 48
7. 133 48
7. 134 16
7. 135 39
7. 136 35
7. 137 43
7. 138 33
7. 139 40
7. 140 22
7. 141 41
7. 142 25
7. 143 43
7. 144 11
7. 145 26
7. 146 34
7. 147 22
7. 148 11
7. 149 45
7. 150 23
7. 151 11
7. 152 16
7. 153 29
7. 154 12
7. 155 47
7. 156 47
7. 157 28
7. 158 18
7. 159 19
7. 160 47
7. 161 23
7. 162 28
7. 163 31
7. 164 38
7. 165 13
7. 166 12
7. 167 20
7. 168 25
7. 169 27
7. 170 34
7. 171 30
7. 172 32
7. 173 48
7. 174 24
7. 175 17
7. 176 27
7. 177 19
7. 178 33
7. 179 38
7. 180 44
7. 181 26
7. 182 17
7. 183 12
7. 184 28
7. 185 26
7. 186 47
7. 187 37
7. 188 11
7. 189 48
7. 190 29
7. 191 40
7. 192 37
7. 193 22
7. 194 49
7. 195 19
7. 196 48
7. 197 12
7. 198 33
7. 199 50
7. 200 22
7. 201 36
7. 202 33
7. 203 15
7. 204 19
7. 205 42
7. 206 49
7. 207 48
7. 208 19
7. 209 26
7. 210 10
7. 211 14
7. 212 14
7. 213 13
7. 214 24
7. 215 36
7. 216 46
7. 217 15
7. 218 17
7. 219 17
7. 220 25
7. 221 38
7. 222 50
7. 223 12
7. 224 21
7. 225 20
7. 226 46
7. 227 13
7. 228 30
7. 229 24
7. 230 14
7. 231 12
7. 232 28
7. 233 46
7. 234 37
7. 235 14
7. 236 22
7. 237 46
7. 238 45
7. 239 47
7. 240 48
7. 241 39
7. 242 35
7. 243 50
7. 244 28
7. 245 10
7. 246 19
7. 247 45
7. 248 42
7. 249 19
7. 250 33
7. 251 23
7. 252 37
7. 253 49
7. 254 24
7. 255 10
7. 256 30
7. 257 13
7. 258 30
7. 259 48
7. 260 42
7. 261 37
7. 262 13
7. 263 30
7. 264 29
7. 265 48
7. 266 17
7. 267 38
7. 268 21
7. 269 12
7. 270 41
7. 271 44
7. 272 34
7. 273 20
7. 274 17
7. 275 33
7. 276 11
7. 277 35
7. 278 22
7. 279 34
7. 280 13
7. 281 34
7. 282 46
7. 283 42
7. 284 20
7. 285 18
7. 286 24
7. 287 16
7. 288 34
7. 289 11
7. 290 13
7. 291 25
7. 292 39
7. 293 15
7. 294 50
7. 295 13
7. 296 32
7. 297 43
7. 298 26
7. 299 10
7. 300 21
7. 301 29
7. 302 27
7. 303 18
7. 304 41
7. 305 25
7. 306 30
7. 307 46
7. 308 33
7. 309 37
7. 310 12
7. 311 32
7. 312 21
7. 313 28
7. 314 50
7. 315 12
7. 316 49
7. 317 21
7. 318 41
7. 319 49
7. 320 30
7. 321 35
7. 322 50
7. 323 47
7. 324 43
7. 325 15
7. 326 26
7. 327 27
7. 328 30
7. 329 47
7. 330 39
7. 331 48
7. 332 48
7. 333 34
7. 334 38
7. 335 24
7. 336 35
7. 337 41
7. 338 30
7. 339 42
7. 340 25
7. 341 16
7. 342 15
7. 343 20
7. 344 27
7. 345 23
7. 346 41
7. 347 28
7. 348 20
7. 349 20
7. 350 28
7. 351 34
7. 352 36
7. 353 39
7. 354 37
7. 355 40
7. 356 16
7. 357 24
7. 358 48
7. 359 49
7. 360 35
7. 361 45
7. 362 34
7. 363 18
7. 364 29
7. 365 18
7. 366 26
7. 367 25
7. 368 47
7. 369 29
7. 370 14
7. 371 49
7. 372 21
7. 373 29
7. 374 17
7. 375 11
7. 376 14
7. 377 11
7. 378 18
7. 379 13
7. 380 14
7. 381 35
7. 382 23
7. 383 14
7. 384 50
7. 385 28
7. 386 35
7. 387 50
7. 388 24
7. 389 43
7. 390 21
7. 391 47
7. 392 42
7. 393 39
7. 394 30
7. 395 23
7. 396 37
7. 397 25
7. 398 33
7. 399 19
8. 0 45
8. 1 41
8. 2 26
8. 3 46
8. 4 38
8. 5 22
8. 6 46
8. 7 12
8. 8 31
8. 9 39
8. 10 24
8. 11 46
8. 12 13
8. 13 14
8. 14 25
8. 15 25
8. 16 16
8. 17 24
8. 18 25
8. 19 31
8. 20 35
8. 21 45
8. 22 17
8. 23 24
8. 24 30
8. 25 41
8. 26 10
8. 27 36
8. 28 44
8. 29 32
8. 30 16
8. 31 38
8. 32 25
8. 33 23
8. 34 26
8. 35 44
8. 36 36
8. 37 34
8. 38 11
8. 39 20
8. 40 26
8. 41 45
8. 42 22
8. 43 35
8. 44 22
8. 45 41
8. 46 36
8. 47 11
8. 48 19
8. 49 17
8. 50 32
8. 51 11
8. 52 39
8. 53 14
8. 54 27
8. 55 15
8. 56 40
8. 57 34
8. 58 42
8. 59 23
8. 60 47
8. 61 27
8. 62 20
8. 63 21
8. 64 43
8. 65 12
8. 66 22
8. 67 48
8. 68 35
8. 69 37
8. 70 30
8. 71 27
8. 72 12
8. 73 20
8. 74 17
8. 75 44
8. 76 28
8. 77 50
8. 78 20
8. 79 32
8. 80 47
8. 81 11
8. 82 44
8. 83 12
8. 84 50
8. 85 32
8. 86 48
8. 87 48
8. 88 15
8. 89 17
8. 90 30
8. 91 22
8. 92 23
8. 93 11
8. 94 11
8. 95 27
8. 96 17
8. 97 20
8. 98 21
8. 99 13
8. 100 40
8. 101 15
8. 102 16
8. 103 14
8. 104 23
8. 105 48
8. 106 21
8. 107 48
8. 108 41
8. 109 28
8. 110 25
8. 111 19
8. 112 29
8. 113 23
8. 114 49
8. 115 47
8. 116 21
8. 117 26
8. 118 35
8. 119 20
8. 120 41
8. 121 39
8. 122 47
8. 123 25
8. 124 14
8. 125 39
8. 126 37
8. 127 21
8. 128 10
8. 129 29
8. 130 36
8. 131 11
8. 132 38
8. 133 47
8. 134 50
8. 135 40
8. 136 35
8. 137 24
8. 138 44
8. 139 11
8. 140 12
8. 141 16
8. 142 18
8. 143 16
8. 144 39
8. 145 43
8. 146 40
8. 147 39
8. 148 12
8. 149 21
8. 150 29
8. 151 24
8. 152 25
8. 153 42
8. 154 44
8. 155 16
8. 156 45
8. 157 16
8. 158 26
8. 159 45
8. 160 25
8. 161 34
8. 162 38
8. 163 22
8. 164 37
8. 165 19
8. 166 10
8. 167 30
8. 168 50
8. 169 17
8. 170 19
8. 171 17
8. 172 38
8. 173 27
8. 174 12
8. 175 19
8. 176 10
8. 177 30
8. 178 11
8. 179 27
8. 180 23
8. 181 12
8. 182 33
8. 183 26
8. 184 19
8. 185 20
8. 186 16
8. 187 10
8. 188 40
8. 189 21
8. 190 34
8. 191 10
8. 192 49
8. 193 44
8. 194 44
8. 195 21
8. 196 30
8. 197 36
8. 198 23
8. 199 27
8. 200 47
8. 201 29
8. 202 44
8. 203 17
8. 204 35
8. 205 45
8. 206 23
8. 207 18
8. 208 22
8. 209 41
8. 210 42
8. 211 43
8. 212 37
8. 213 48
8. 214 11
8. 215 22
8. 216 16
8. 217 22
8. 218 43
8. 219 17
8. 220 28
8. 221 26
8. 222 36
8. 223 23
8. 224 49
8. 225 37
8. 226 32
8. 227 14
8. 228 31
8. 229 10
8. 230 14
8. 231 24
8. 232 32
8. 233 32
8. 234 17
8. 235 36
8. 236 22
8. 237 28
8. 238 25
8. 239 34
8. 240 13
8. 241 20
8. 242 49
8. 243 28
8. 244 19
8. 245 28
8. 246 11
8. 247 41
8. 248 31
8. 249 27
8. 250 43
8. 251 37
8. 252 21
8. 253 15
8. 254 49
8. 255 20
8. 256 17
8. 257 48
8. 258 23
8. 259 41
8. 260 36
8. 261 30
8. 262 31
8. 263 46
8. 264 32
8. 265 11
8. 266 40
8. 267 50
8. 268 43
8. 269 26
8. 270 39
8. 271 41
8. 272 28
8. 273 49
8. 274 35
8. 275 40
8. 276 37
8. 277 27
8. 278 43
8. 279 26
8. 280 23
8. 281 27
8. 282 20
8. 283 23
8. 284 11
8. 285 23
8. 286 14
8. 287 13
8. 288 49
8. 289 40
8. 290 41
8. 291 13
8. 292 25
8. 293 35
8. 294 46
8. 295 32
8. 296 16
8. 297 48
8. 298 17
8. 299 30
8. 300 42
8. 301 21
8. 302 47
8. 303 45
8. 304 50
8. 305 16
8. 306 45
8. 307 44
8. 308 21
8. 309 50
8. 310 39
8. 311 31
8. 312 13
8. 313 27
8. 314 19
8. 315 43
8. 316 15
8. 317 19
8. 318 35
8. 319 43
8. 320 18
8. 321 34
8. 322 31
8. 323 35
8. 324 39
8. 325 14
8. 326 32
8. 327 33
8. 328 17
8. 329 30
8. 330 15
8. 331 18
8. 332 26
8. 333 50
8. 334 32
8. 335 45
8. 336 47
8. 337 28
8. 338 47
8. 339 42
8. 340 46
8. 341 34
8. 342 14
8. 343 23
8. 344 44
8. 345 44
8. 346 48
8. 347 34
8. 348 32
8. 349 26
8. 350 16
8. 351 26
8. 352 25
8. 353 17
8. 354 21
8. 355 43
8. 356 21
8. 357 15
8. 358 46
8. 359 11
8. 360 49
8. 361 23
8. 362 22
8. 363 10
8. 364 25
8. 365 37
8. 366 21
8. 367 32
8. 368 50
8. 369 40
8. 370 50
8. 371 27
8. 372 44
8. 373 10
8. 374 26
8. 375 42
8. 376 20
8. 377 26
8. 378 36
8. 379 48
8. 380 42
8. 381 35
8. 382 26
8. 383 29
8. 384 32
8. 385 36
8. 386 44
8. 387 47
8. 388 20
8. 389 14
8. 390 26
8. 391 44
8. 392 28
8. 393 22
8. 394 30
8. 395 32
8. 396 12
8. 397 45
8. 398 45
8. 399 31
9. 0 30
9. 1 21
9. 2 25
9. 3 24
9. 4 15
9. 5 23
9. 6 14
9. 7 39
9. 8 32
9. 9 18
9. 10 37
9. 11 48
9. 12 50
9. 13 14
9. 14 15
9. 15 33
9. 16 20
9. 17 22
9. 18 11
9. 19 48
9. 20 24
9. 21 40
9. 22 34
9. 23 38
9. 24 14
9. 25 36
9. 26 33
9. 27 24
9. 28 21
9. 29 25
9. 30 13
9. 31 17
9. 32 24
9. 33 35
9. 34 28
9. 35 12
9. 36 19
9. 37 47
9. 38 43
9. 39 40
9. 40 29
9. 41 34
9. 42 26
9. 43 30
9. 44 39
9. 45 22
9. 46 17
9. 47 50
9. 48 39
9. 49 45
9. 50 40
9. 51 40
9. 52 45
9. 53 14
9. 54 12
9. 55 14
9. 56 50
9. 57 45
9. 58 28
9. 59 40
9. 60 29
9. 61 23
9. 62 43
9. 63 41
9. 64 49
9. 65 33
9. 66 36
9. 67 41
9. 68 20
9. 69 30
9. 70 13
9. 71 21
9. 72 24
9. 73 20
9. 74 21
9. 75 24
9. 76 20
9. 77 50
9. 78 28
9. 79 45
9. 80 34
9. 81 25
9. 82 48
9. 83 10
9. 84 36
9. 85 32
9. 86 28
9. 87 27
9. 88 39
9. 89 44
9. 90 12
9. 91 42
9. 92 37
9. 93 16
9. 94 49
9. 95 23
9. 96 23
9. 97 23
9. 98 29
9. 99 34
9. 100 42
9. 101 13
9. 102 37
9. 103 33
9. 104 13
9. 105 17
9. 106 42
9. 107 50
9. 108 24
9. 109 20
9. 110 45
9. 111 16
9. 112 19
9. 113 15
9. 114 35
9. 115 19
9. 116 15
9. 117 40
9. 118 30
9. 119 43
9. 120 29
9. 121 37
9. 122 30
9. 123 29
9. 124 25
9. 125 34
9. 126 30
9. 127 37
9. 128 12
9. 129 25
9. 130 27
9. 131 26
9. 132 13
9. 133 10
9. 134 20
9. 135 36
9. 136 16
9. 137 37
9. 138 31
9. 139 41
9. 140 25
9. 141 31
9. 142 27
9. 143 35
9. 144 28
9. 145 41
9. 146 46
9. 147 36
9. 148 21
9. 149 37
9. 150 50
9. 151 17
9. 152 49
9. 153 44
9. 154 43
9. 155 31
9. 156 41
9. 157 40
9. 158 30
9. 159 30
9. 160 19
9. 161 28
9. 162 17
9. 163 45
9. 164 45
9. 165 47
9. 166 39
9. 167 25
9. 168 31
9. 169 23
9. 170 14
9. 171 45
9. 172 17
9. 173 31
9. 174 20
9. 175 42
9. 176 35
9. 177 19
9. 178 47
9. 179 27
9. 180 36
9. 181 36
9. 182 40
9. 183 23
9. 184 31
9. 185 14
9. 186 18
9. 187 31
9. 188 30
9. 189 48
9. 190 12
9. 191 20
9. 192 32
9. 193 39
9. 194 26
9. 195 32
9. 196 28
9. 197 40
9. 198 46
9. 199 29
9. 200 44
9. 201 15
9. 202 19
9. 203 18
9. 204 20
9. 205 19
9. 206 28
9. 207 12
9. 208 42
9. 209 41
9. 210 45
9. 211 29
9. 212 22
9. 213 20
9. 214 37
9. 215 44
9. 216 50
9. 217 34
9. 218 46
9. 219 42
9. 220 42
9. 221 47
9. 222 23
9. 223 19
9. 224 21
9. 225 32
9. 226 42
9. 227 40
9. 228 40
9. 229 40
9. 230 38
9. 231 25
9. 232 17
9. 233 21
9. 234 37
9. 235 34
9. 236 35
9. 237 12
9. 238 20
9. 239 36
9. 240 27
9. 241 49
9. 242 12
9. 243 29
9. 244 49
9. 245 28
9. 246 41
9. 247 14
9. 248 41
9. 249 37
9. 250 15
9. 251 33
9. 252 30
9. 253 35
9. 254 33
9. 255 31
9. 256 19
9. 257 39
9. 258 18
9. 259 34
9. 260 17
9. 261 31
9. 262 16
9. 263 27
9. 264 22
9. 265 23
9. 266 18
9. 267 35
9. 268 45
9. 269 35
9. 270 46
9. 271 31
9. 272 36
9. 273 38
9. 274 41
9. 275 11
9. 276 44
9. 277 27
9. 278 10
9. 279 23
9. 280 46
9. 281 12
9. 282 23
9. 283 43
9. 284 49
9. 285 26
9. 286 12
9. 287 12
9. 288 41
9. 289 18
9. 290 29
9. 291 12
9. 292 42
9. 293 50
9. 294 24
9. 295 39
9. 296 28
9. 297 16
9. 298 40
9. 299 37
9. 300 15
9. 301 46
9. 302 38
9. 303 31
9. 304 15
9. 305 16
9. 306 28
9. 307 28
9. 308 38
9. 309 41
9. 310 31
9. 311 31
9. 312 46
9. 313 41
9. 314 44
9. 315 24
9. 316 14
9. 317 45
9. 318 17
9. 319 32
9. 320 45
9. 321 26
9. 322 32
9. 323 45
9. 324 15
9. 325 22
9. 326 25
9. 327 16
9. 328 28
9. 329 49
9. 330 19
9. 331 49
9. 332 16
9. 333 17
9. 334 13
9. 335 20
9. 336 12
9. 337 45
9. 338 31
9. 339 49
9. 340 47
9. 341 22
9. 342 29
9. 343 32
9. 344 46
9. 345 16
9. 346 16
9. 347 42
9. 348 28
9. 349 50
9. 350 23
9. 351 31
9. 352 50
9. 353 48
9. 354 26
9. 355 36
9. 356 23
9. 357 50
9. 358 27
9. 359 31
9. 360 39
9. 361 18
9. 362 37
9. 363 32
9. 364 18
9. 365 11
9. 366 29
9. 367 17
9. 368 20
9. 369 36
9. 370 32
9. 371 29
9. 372 26
9. 373 19
9. 374 12
9. 375 10
9. 376 31
9. 377 44
9. 378 44
9. 379 34
9. 380 10
9. 381 49
9. 382 49
9. 383 23
9. 384 18
9. 385 44
9. 386 13
9. 387 40
9. 388 14
9. 389 47
9. 390 40
9. 391 24
9. 392 17
9. 393 39
9. 394 14
9. 395 19
9. 396 14
9. 397 26
9. 398 26
9. 399 32
/;
parameter a(i,j)/
0. 0 12
0. 1 15
0. 2 25
0. 3 13
0. 4 15
0. 5 6
0. 6 14
0. 7 9
0. 8 22
0. 9 24
0. 10 16
0. 11 18
0. 12 10
0. 13 14
0. 14 9
0. 15 23
0. 16 11
0. 17 19
0. 18 9
0. 19 18
0. 20 14
0. 21 23
0. 22 10
0. 23 15
0. 24 18
0. 25 8
0. 26 24
0. 27 20
0. 28 20
0. 29 19
0. 30 16
0. 31 24
0. 32 18
0. 33 19
0. 34 5
0. 35 12
0. 36 22
0. 37 20
0. 38 25
0. 39 13
0. 40 10
0. 41 22
0. 42 11
0. 43 12
0. 44 13
0. 45 13
0. 46 24
0. 47 25
0. 48 10
0. 49 21
0. 50 16
0. 51 17
0. 52 10
0. 53 20
0. 54 23
0. 55 6
0. 56 6
0. 57 25
0. 58 7
0. 59 17
0. 60 24
0. 61 17
0. 62 5
0. 63 15
0. 64 25
0. 65 10
0. 66 23
0. 67 17
0. 68 13
0. 69 10
0. 70 10
0. 71 10
0. 72 6
0. 73 23
0. 74 13
0. 75 21
0. 76 25
0. 77 15
0. 78 20
0. 79 15
0. 80 18
0. 81 24
0. 82 12
0. 83 22
0. 84 16
0. 85 8
0. 86 9
0. 87 15
0. 88 5
0. 89 10
0. 90 7
0. 91 17
0. 92 9
0. 93 5
0. 94 21
0. 95 8
0. 96 18
0. 97 8
0. 98 19
0. 99 10
0. 100 19
0. 101 25
0. 102 8
0. 103 17
0. 104 18
0. 105 20
0. 106 6
0. 107 14
0. 108 19
0. 109 25
0. 110 19
0. 111 23
0. 112 5
0. 113 10
0. 114 12
0. 115 21
0. 116 20
0. 117 8
0. 118 6
0. 119 15
0. 120 6
0. 121 24
0. 122 17
0. 123 18
0. 124 5
0. 125 7
0. 126 7
0. 127 14
0. 128 20
0. 129 19
0. 130 19
0. 131 10
0. 132 22
0. 133 14
0. 134 18
0. 135 25
0. 136 21
0. 137 17
0. 138 15
0. 139 20
0. 140 20
0. 141 18
0. 142 25
0. 143 14
0. 144 21
0. 145 9
0. 146 11
0. 147 22
0. 148 18
0. 149 5
0. 150 14
0. 151 15
0. 152 11
0. 153 8
0. 154 13
0. 155 17
0. 156 14
0. 157 9
0. 158 6
0. 159 14
0. 160 19
0. 161 11
0. 162 8
0. 163 10
0. 164 16
0. 165 18
0. 166 17
0. 167 21
0. 168 24
0. 169 21
0. 170 25
0. 171 22
0. 172 5
0. 173 13
0. 174 22
0. 175 10
0. 176 18
0. 177 14
0. 178 25
0. 179 7
0. 180 21
0. 181 10
0. 182 12
0. 183 22
0. 184 14
0. 185 17
0. 186 11
0. 187 25
0. 188 5
0. 189 24
0. 190 25
0. 191 9
0. 192 19
0. 193 5
0. 194 12
0. 195 24
0. 196 24
0. 197 21
0. 198 5
0. 199 11
0. 200 6
0. 201 6
0. 202 23
0. 203 19
0. 204 22
0. 205 18
0. 206 16
0. 207 10
0. 208 5
0. 209 5
0. 210 9
0. 211 17
0. 212 6
0. 213 21
0. 214 22
0. 215 18
0. 216 22
0. 217 6
0. 218 8
0. 219 8
0. 220 24
0. 221 9
0. 222 9
0. 223 15
0. 224 11
0. 225 25
0. 226 21
0. 227 15
0. 228 24
0. 229 13
0. 230 7
0. 231 14
0. 232 20
0. 233 13
0. 234 17
0. 235 9
0. 236 7
0. 237 25
0. 238 14
0. 239 8
0. 240 22
0. 241 12
0. 242 25
0. 243 25
0. 244 8
0. 245 21
0. 246 25
0. 247 20
0. 248 9
0. 249 21
0. 250 24
0. 251 15
0. 252 22
0. 253 12
0. 254 6
0. 255 5
0. 256 22
0. 257 19
0. 258 21
0. 259 10
0. 260 20
0. 261 12
0. 262 5
0. 263 7
0. 264 6
0. 265 8
0. 266 17
0. 267 24
0. 268 12
0. 269 10
0. 270 5
0. 271 15
0. 272 18
0. 273 5
0. 274 10
0. 275 23
0. 276 7
0. 277 22
0. 278 25
0. 279 5
0. 280 5
0. 281 8
0. 282 18
0. 283 23
0. 284 6
0. 285 5
0. 286 6
0. 287 8
0. 288 5
0. 289 24
0. 290 25
0. 291 6
0. 292 13
0. 293 21
0. 294 23
0. 295 24
0. 296 19
0. 297 5
0. 298 13
0. 299 11
0. 300 19
0. 301 23
0. 302 19
0. 303 18
0. 304 14
0. 305 5
0. 306 7
0. 307 19
0. 308 20
0. 309 20
0. 310 7
0. 311 23
0. 312 8
0. 313 6
0. 314 12
0. 315 9
0. 316 14
0. 317 6
0. 318 19
0. 319 8
0. 320 9
0. 321 24
0. 322 24
0. 323 21
0. 324 12
0. 325 10
0. 326 25
0. 327 13
0. 328 24
0. 329 24
0. 330 18
0. 331 18
0. 332 18
0. 333 10
0. 334 5
0. 335 19
0. 336 23
0. 337 19
0. 338 19
0. 339 18
0. 340 8
0. 341 17
0. 342 19
0. 343 22
0. 344 10
0. 345 18
0. 346 8
0. 347 7
0. 348 13
0. 349 19
0. 350 15
0. 351 8
0. 352 11
0. 353 5
0. 354 9
0. 355 5
0. 356 18
0. 357 16
0. 358 20
0. 359 19
0. 360 15
0. 361 7
0. 362 25
0. 363 24
0. 364 13
0. 365 13
0. 366 18
0. 367 19
0. 368 8
0. 369 17
0. 370 6
0. 371 18
0. 372 11
0. 373 23
0. 374 6
0. 375 24
0. 376 10
0. 377 10
0. 378 11
0. 379 7
0. 380 22
0. 381 14
0. 382 8
0. 383 25
0. 384 22
0. 385 6
0. 386 18
0. 387 8
0. 388 23
0. 389 19
0. 390 15
0. 391 25
0. 392 21
0. 393 9
0. 394 7
0. 395 5
0. 396 21
0. 397 13
0. 398 9
0. 399 13
1. 0 5
1. 1 18
1. 2 16
1. 3 17
1. 4 16
1. 5 13
1. 6 19
1. 7 9
1. 8 24
1. 9 19
1. 10 5
1. 11 13
1. 12 12
1. 13 9
1. 14 13
1. 15 11
1. 16 21
1. 17 6
1. 18 24
1. 19 15
1. 20 9
1. 21 9
1. 22 20
1. 23 7
1. 24 19
1. 25 7
1. 26 23
1. 27 19
1. 28 5
1. 29 21
1. 30 13
1. 31 13
1. 32 21
1. 33 6
1. 34 14
1. 35 8
1. 36 21
1. 37 9
1. 38 6
1. 39 15
1. 40 13
1. 41 25
1. 42 18
1. 43 8
1. 44 25
1. 45 6
1. 46 24
1. 47 19
1. 48 20
1. 49 14
1. 50 23
1. 51 25
1. 52 12
1. 53 21
1. 54 25
1. 55 22
1. 56 21
1. 57 5
1. 58 6
1. 59 12
1. 60 5
1. 61 12
1. 62 7
1. 63 6
1. 64 12
1. 65 14
1. 66 7
1. 67 20
1. 68 16
1. 69 19
1. 70 20
1. 71 12
1. 72 14
1. 73 15
1. 74 16
1. 75 9
1. 76 12
1. 77 16
1. 78 18
1. 79 13
1. 80 22
1. 81 23
1. 82 14
1. 83 16
1. 84 18
1. 85 14
1. 86 22
1. 87 17
1. 88 5
1. 89 14
1. 90 18
1. 91 12
1. 92 10
1. 93 11
1. 94 7
1. 95 20
1. 96 7
1. 97 16
1. 98 25
1. 99 17
1. 100 24
1. 101 16
1. 102 12
1. 103 10
1. 104 13
1. 105 24
1. 106 8
1. 107 11
1. 108 20
1. 109 13
1. 110 12
1. 111 17
1. 112 23
1. 113 12
1. 114 17
1. 115 22
1. 116 23
1. 117 17
1. 118 25
1. 119 21
1. 120 6
1. 121 9
1. 122 16
1. 123 22
1. 124 18
1. 125 25
1. 126 13
1. 127 12
1. 128 7
1. 129 18
1. 130 16
1. 131 21
1. 132 15
1. 133 21
1. 134 16
1. 135 14
1. 136 9
1. 137 10
1. 138 5
1. 139 25
1. 140 23
1. 141 20
1. 142 5
1. 143 9
1. 144 7
1. 145 10
1. 146 12
1. 147 12
1. 148 16
1. 149 23
1. 150 6
1. 151 16
1. 152 6
1. 153 16
1. 154 22
1. 155 18
1. 156 20
1. 157 9
1. 158 23
1. 159 21
1. 160 23
1. 161 7
1. 162 11
1. 163 10
1. 164 16
1. 165 20
1. 166 7
1. 167 24
1. 168 10
1. 169 21
1. 170 18
1. 171 17
1. 172 7
1. 173 25
1. 174 20
1. 175 5
1. 176 12
1. 177 8
1. 178 20
1. 179 11
1. 180 16
1. 181 11
1. 182 24
1. 183 22
1. 184 21
1. 185 22
1. 186 17
1. 187 18
1. 188 20
1. 189 5
1. 190 18
1. 191 19
1. 192 17
1. 193 21
1. 194 25
1. 195 18
1. 196 22
1. 197 6
1. 198 23
1. 199 17
1. 200 17
1. 201 7
1. 202 19
1. 203 9
1. 204 13
1. 205 21
1. 206 15
1. 207 16
1. 208 5
1. 209 5
1. 210 24
1. 211 24
1. 212 14
1. 213 8
1. 214 13
1. 215 14
1. 216 15
1. 217 23
1. 218 5
1. 219 11
1. 220 10
1. 221 20
1. 222 22
1. 223 17
1. 224 23
1. 225 21
1. 226 8
1. 227 16
1. 228 17
1. 229 20
1. 230 18
1. 231 7
1. 232 21
1. 233 10
1. 234 23
1. 235 23
1. 236 7
1. 237 10
1. 238 14
1. 239 9
1. 240 8
1. 241 7
1. 242 8
1. 243 5
1. 244 13
1. 245 6
1. 246 13
1. 247 23
1. 248 7
1. 249 20
1. 250 11
1. 251 6
1. 252 17
1. 253 7
1. 254 16
1. 255 19
1. 256 5
1. 257 15
1. 258 17
1. 259 8
1. 260 20
1. 261 25
1. 262 14
1. 263 25
1. 264 25
1. 265 12
1. 266 25
1. 267 12
1. 268 12
1. 269 19
1. 270 22
1. 271 8
1. 272 8
1. 273 5
1. 274 18
1. 275 13
1. 276 5
1. 277 24
1. 278 22
1. 279 17
1. 280 25
1. 281 23
1. 282 19
1. 283 6
1. 284 15
1. 285 8
1. 286 5
1. 287 7
1. 288 23
1. 289 18
1. 290 7
1. 291 21
1. 292 21
1. 293 12
1. 294 8
1. 295 14
1. 296 24
1. 297 5
1. 298 19
1. 299 10
1. 300 19
1. 301 21
1. 302 24
1. 303 14
1. 304 10
1. 305 17
1. 306 21
1. 307 16
1. 308 17
1. 309 24
1. 310 21
1. 311 21
1. 312 7
1. 313 24
1. 314 18
1. 315 11
1. 316 12
1. 317 8
1. 318 18
1. 319 22
1. 320 20
1. 321 11
1. 322 18
1. 323 9
1. 324 18
1. 325 21
1. 326 25
1. 327 20
1. 328 22
1. 329 7
1. 330 5
1. 331 24
1. 332 9
1. 333 15
1. 334 25
1. 335 23
1. 336 6
1. 337 5
1. 338 25
1. 339 22
1. 340 22
1. 341 20
1. 342 11
1. 343 15
1. 344 7
1. 345 25
1. 346 15
1. 347 17
1. 348 8
1. 349 20
1. 350 18
1. 351 15
1. 352 18
1. 353 21
1. 354 25
1. 355 11
1. 356 25
1. 357 15
1. 358 24
1. 359 19
1. 360 16
1. 361 22
1. 362 23
1. 363 17
1. 364 19
1. 365 6
1. 366 14
1. 367 6
1. 368 21
1. 369 22
1. 370 18
1. 371 15
1. 372 7
1. 373 7
1. 374 18
1. 375 15
1. 376 5
1. 377 11
1. 378 20
1. 379 16
1. 380 11
1. 381 22
1. 382 16
1. 383 19
1. 384 25
1. 385 21
1. 386 9
1. 387 17
1. 388 23
1. 389 25
1. 390 10
1. 391 6
1. 392 14
1. 393 17
1. 394 10
1. 395 12
1. 396 13
1. 397 7
1. 398 20
1. 399 14
2. 0 8
2. 1 23
2. 2 11
2. 3 13
2. 4 13
2. 5 10
2. 6 23
2. 7 15
2. 8 17
2. 9 17
2. 10 23
2. 11 18
2. 12 24
2. 13 19
2. 14 20
2. 15 19
2. 16 23
2. 17 10
2. 18 11
2. 19 15
2. 20 5
2. 21 6
2. 22 8
2. 23 13
2. 24 16
2. 25 10
2. 26 10
2. 27 25
2. 28 9
2. 29 16
2. 30 13
2. 31 10
2. 32 18
2. 33 9
2. 34 16
2. 35 14
2. 36 7
2. 37 19
2. 38 13
2. 39 24
2. 40 25
2. 41 22
2. 42 17
2. 43 6
2. 44 17
2. 45 24
2. 46 23
2. 47 20
2. 48 5
2. 49 15
2. 50 15
2. 51 8
2. 52 19
2. 53 23
2. 54 25
2. 55 6
2. 56 11
2. 57 25
2. 58 25
2. 59 7
2. 60 14
2. 61 17
2. 62 5
2. 63 18
2. 64 6
2. 65 12
2. 66 6
2. 67 8
2. 68 12
2. 69 8
2. 70 15
2. 71 6
2. 72 5
2. 73 9
2. 74 14
2. 75 24
2. 76 15
2. 77 11
2. 78 15
2. 79 21
2. 80 15
2. 81 7
2. 82 23
2. 83 19
2. 84 20
2. 85 23
2. 86 6
2. 87 11
2. 88 22
2. 89 7
2. 90 17
2. 91 10
2. 92 7
2. 93 22
2. 94 8
2. 95 13
2. 96 23
2. 97 6
2. 98 15
2. 99 5
2. 100 19
2. 101 21
2. 102 17
2. 103 25
2. 104 5
2. 105 14
2. 106 10
2. 107 6
2. 108 14
2. 109 7
2. 110 10
2. 111 17
2. 112 6
2. 113 5
2. 114 19
2. 115 21
2. 116 16
2. 117 23
2. 118 24
2. 119 5
2. 120 20
2. 121 14
2. 122 13
2. 123 19
2. 124 20
2. 125 25
2. 126 18
2. 127 11
2. 128 9
2. 129 12
2. 130 18
2. 131 9
2. 132 10
2. 133 5
2. 134 8
2. 135 16
2. 136 5
2. 137 11
2. 138 21
2. 139 8
2. 140 18
2. 141 22
2. 142 25
2. 143 21
2. 144 7
2. 145 13
2. 146 10
2. 147 9
2. 148 25
2. 149 24
2. 150 25
2. 151 5
2. 152 10
2. 153 5
2. 154 19
2. 155 15
2. 156 13
2. 157 11
2. 158 7
2. 159 20
2. 160 17
2. 161 18
2. 162 13
2. 163 21
2. 164 23
2. 165 16
2. 166 19
2. 167 15
2. 168 14
2. 169 6
2. 170 22
2. 171 21
2. 172 6
2. 173 10
2. 174 12
2. 175 20
2. 176 15
2. 177 23
2. 178 25
2. 179 11
2. 180 18
2. 181 12
2. 182 21
2. 183 24
2. 184 9
2. 185 9
2. 186 23
2. 187 16
2. 188 21
2. 189 10
2. 190 15
2. 191 8
2. 192 8
2. 193 18
2. 194 16
2. 195 18
2. 196 20
2. 197 14
2. 198 22
2. 199 13
2. 200 11
2. 201 9
2. 202 12
2. 203 7
2. 204 6
2. 205 16
2. 206 10
2. 207 19
2. 208 18
2. 209 10
2. 210 9
2. 211 14
2. 212 16
2. 213 24
2. 214 5
2. 215 9
2. 216 21
2. 217 20
2. 218 12
2. 219 18
2. 220 5
2. 221 16
2. 222 17
2. 223 17
2. 224 20
2. 225 11
2. 226 7
2. 227 13
2. 228 20
2. 229 7
2. 230 9
2. 231 15
2. 232 10
2. 233 18
2. 234 12
2. 235 13
2. 236 18
2. 237 6
2. 238 19
2. 239 20
2. 240 15
2. 241 19
2. 242 16
2. 243 17
2. 244 13
2. 245 19
2. 246 11
2. 247 6
2. 248 5
2. 249 15
2. 250 19
2. 251 9
2. 252 25
2. 253 12
2. 254 14
2. 255 5
2. 256 14
2. 257 5
2. 258 8
2. 259 16
2. 260 11
2. 261 8
2. 262 16
2. 263 5
2. 264 15
2. 265 15
2. 266 21
2. 267 15
2. 268 13
2. 269 18
2. 270 16
2. 271 18
2. 272 20
2. 273 19
2. 274 13
2. 275 19
2. 276 11
2. 277 24
2. 278 14
2. 279 17
2. 280 11
2. 281 22
2. 282 13
2. 283 18
2. 284 24
2. 285 6
2. 286 25
2. 287 8
2. 288 11
2. 289 12
2. 290 19
2. 291 13
2. 292 13
2. 293 17
2. 294 17
2. 295 22
2. 296 19
2. 297 8
2. 298 22
2. 299 8
2. 300 13
2. 301 10
2. 302 24
2. 303 6
2. 304 13
2. 305 5
2. 306 15
2. 307 14
2. 308 7
2. 309 10
2. 310 10
2. 311 17
2. 312 18
2. 313 13
2. 314 8
2. 315 6
2. 316 22
2. 317 12
2. 318 11
2. 319 18
2. 320 17
2. 321 11
2. 322 23
2. 323 6
2. 324 17
2. 325 19
2. 326 9
2. 327 21
2. 328 9
2. 329 14
2. 330 17
2. 331 25
2. 332 13
2. 333 12
2. 334 24
2. 335 16
2. 336 9
2. 337 21
2. 338 15
2. 339 12
2. 340 6
2. 341 19
2. 342 17
2. 343 20
2. 344 18
2. 345 7
2. 346 18
2. 347 14
2. 348 6
2. 349 12
2. 350 17
2. 351 22
2. 352 12
2. 353 7
2. 354 24
2. 355 13
2. 356 25
2. 357 7
2. 358 12
2. 359 14
2. 360 22
2. 361 15
2. 362 11
2. 363 11
2. 364 17
2. 365 18
2. 366 19
2. 367 12
2. 368 13
2. 369 13
2. 370 6
2. 371 20
2. 372 7
2. 373 14
2. 374 13
2. 375 17
2. 376 14
2. 377 9
2. 378 17
2. 379 18
2. 380 20
2. 381 10
2. 382 5
2. 383 23
2. 384 7
2. 385 12
2. 386 8
2. 387 9
2. 388 8
2. 389 20
2. 390 24
2. 391 8
2. 392 6
2. 393 19
2. 394 11
2. 395 11
2. 396 21
2. 397 6
2. 398 14
2. 399 16
3. 0 22
3. 1 18
3. 2 7
3. 3 20
3. 4 19
3. 5 7
3. 6 18
3. 7 13
3. 8 20
3. 9 10
3. 10 22
3. 11 7
3. 12 13
3. 13 23
3. 14 23
3. 15 22
3. 16 24
3. 17 24
3. 18 23
3. 19 5
3. 20 14
3. 21 22
3. 22 25
3. 23 9
3. 24 23
3. 25 18
3. 26 24
3. 27 5
3. 28 12
3. 29 24
3. 30 16
3. 31 6
3. 32 22
3. 33 14
3. 34 14
3. 35 11
3. 36 21
3. 37 17
3. 38 13
3. 39 10
3. 40 22
3. 41 6
3. 42 10
3. 43 12
3. 44 10
3. 45 6
3. 46 13
3. 47 14
3. 48 15
3. 49 25
3. 50 14
3. 51 8
3. 52 18
3. 53 24
3. 54 17
3. 55 16
3. 56 22
3. 57 15
3. 58 16
3. 59 9
3. 60 9
3. 61 24
3. 62 11
3. 63 17
3. 64 12
3. 65 10
3. 66 5
3. 67 8
3. 68 25
3. 69 7
3. 70 21
3. 71 8
3. 72 15
3. 73 23
3. 74 21
3. 75 17
3. 76 24
3. 77 8
3. 78 7
3. 79 14
3. 80 25
3. 81 6
3. 82 12
3. 83 22
3. 84 5
3. 85 22
3. 86 24
3. 87 5
3. 88 25
3. 89 16
3. 90 18
3. 91 16
3. 92 23
3. 93 24
3. 94 7
3. 95 20
3. 96 24
3. 97 19
3. 98 21
3. 99 25
3. 100 13
3. 101 8
3. 102 5
3. 103 21
3. 104 8
3. 105 8
3. 106 15
3. 107 21
3. 108 20
3. 109 20
3. 110 12
3. 111 9
3. 112 10
3. 113 25
3. 114 7
3. 115 5
3. 116 15
3. 117 22
3. 118 10
3. 119 11
3. 120 5
3. 121 13
3. 122 21
3. 123 14
3. 124 14
3. 125 8
3. 126 16
3. 127 21
3. 128 17
3. 129 20
3. 130 22
3. 131 6
3. 132 20
3. 133 16
3. 134 11
3. 135 20
3. 136 21
3. 137 20
3. 138 12
3. 139 21
3. 140 16
3. 141 20
3. 142 19
3. 143 25
3. 144 17
3. 145 22
3. 146 11
3. 147 14
3. 148 18
3. 149 11
3. 150 20
3. 151 22
3. 152 9
3. 153 6
3. 154 16
3. 155 8
3. 156 14
3. 157 11
3. 158 6
3. 159 24
3. 160 25
3. 161 19
3. 162 10
3. 163 19
3. 164 11
3. 165 14
3. 166 5
3. 167 11
3. 168 23
3. 169 20
3. 170 16
3. 171 11
3. 172 20
3. 173 12
3. 174 19
3. 175 23
3. 176 24
3. 177 8
3. 178 18
3. 179 22
3. 180 14
3. 181 7
3. 182 22
3. 183 24
3. 184 12
3. 185 22
3. 186 18
3. 187 19
3. 188 8
3. 189 8
3. 190 11
3. 191 8
3. 192 11
3. 193 7
3. 194 9
3. 195 21
3. 196 22
3. 197 11
3. 198 14
3. 199 20
3. 200 15
3. 201 16
3. 202 11
3. 203 20
3. 204 10
3. 205 6
3. 206 25
3. 207 19
3. 208 21
3. 209 17
3. 210 20
3. 211 14
3. 212 15
3. 213 11
3. 214 23
3. 215 16
3. 216 21
3. 217 10
3. 218 19
3. 219 25
3. 220 10
3. 221 23
3. 222 25
3. 223 9
3. 224 10
3. 225 5
3. 226 5
3. 227 8
3. 228 22
3. 229 23
3. 230 7
3. 231 25
3. 232 12
3. 233 24
3. 234 21
3. 235 13
3. 236 18
3. 237 22
3. 238 10
3. 239 9
3. 240 6
3. 241 11
3. 242 13
3. 243 19
3. 244 25
3. 245 13
3. 246 13
3. 247 20
3. 248 14
3. 249 9
3. 250 17
3. 251 19
3. 252 6
3. 253 5
3. 254 20
3. 255 19
3. 256 9
3. 257 16
3. 258 24
3. 259 16
3. 260 7
3. 261 10
3. 262 14
3. 263 23
3. 264 16
3. 265 24
3. 266 13
3. 267 13
3. 268 25
3. 269 20
3. 270 12
3. 271 24
3. 272 15
3. 273 19
3. 274 15
3. 275 15
3. 276 18
3. 277 5
3. 278 23
3. 279 6
3. 280 21
3. 281 25
3. 282 7
3. 283 11
3. 284 14
3. 285 13
3. 286 14
3. 287 5
3. 288 5
3. 289 9
3. 290 10
3. 291 12
3. 292 11
3. 293 22
3. 294 6
3. 295 25
3. 296 25
3. 297 23
3. 298 15
3. 299 17
3. 300 24
3. 301 9
3. 302 5
3. 303 7
3. 304 8
3. 305 12
3. 306 23
3. 307 20
3. 308 20
3. 309 11
3. 310 23
3. 311 8
3. 312 24
3. 313 5
3. 314 10
3. 315 8
3. 316 23
3. 317 7
3. 318 24
3. 319 14
3. 320 7
3. 321 25
3. 322 16
3. 323 22
3. 324 13
3. 325 10
3. 326 16
3. 327 20
3. 328 22
3. 329 17
3. 330 15
3. 331 20
3. 332 19
3. 333 7
3. 334 8
3. 335 23
3. 336 22
3. 337 11
3. 338 16
3. 339 6
3. 340 7
3. 341 17
3. 342 7
3. 343 11
3. 344 13
3. 345 8
3. 346 24
3. 347 12
3. 348 11
3. 349 18
3. 350 7
3. 351 25
3. 352 16
3. 353 24
3. 354 9
3. 355 6
3. 356 6
3. 357 18
3. 358 17
3. 359 14
3. 360 7
3. 361 24
3. 362 24
3. 363 12
3. 364 5
3. 365 16
3. 366 20
3. 367 10
3. 368 21
3. 369 25
3. 370 14
3. 371 5
3. 372 10
3. 373 15
3. 374 11
3. 375 19
3. 376 14
3. 377 18
3. 378 7
3. 379 22
3. 380 11
3. 381 18
3. 382 25
3. 383 15
3. 384 21
3. 385 16
3. 386 22
3. 387 24
3. 388 15
3. 389 9
3. 390 25
3. 391 6
3. 392 10
3. 393 9
3. 394 12
3. 395 20
3. 396 11
3. 397 22
3. 398 21
3. 399 24
4. 0 21
4. 1 24
4. 2 20
4. 3 23
4. 4 6
4. 5 6
4. 6 8
4. 7 9
4. 8 21
4. 9 22
4. 10 6
4. 11 11
4. 12 5
4. 13 10
4. 14 16
4. 15 17
4. 16 6
4. 17 18
4. 18 25
4. 19 7
4. 20 15
4. 21 20
4. 22 14
4. 23 16
4. 24 9
4. 25 7
4. 26 14
4. 27 7
4. 28 14
4. 29 21
4. 30 11
4. 31 15
4. 32 12
4. 33 6
4. 34 17
4. 35 19
4. 36 7
4. 37 17
4. 38 17
4. 39 18
4. 40 19
4. 41 16
4. 42 22
4. 43 13
4. 44 6
4. 45 23
4. 46 25
4. 47 22
4. 48 5
4. 49 12
4. 50 12
4. 51 9
4. 52 11
4. 53 5
4. 54 24
4. 55 15
4. 56 18
4. 57 16
4. 58 22
4. 59 12
4. 60 23
4. 61 12
4. 62 16
4. 63 11
4. 64 12
4. 65 20
4. 66 7
4. 67 14
4. 68 16
4. 69 18
4. 70 15
4. 71 17
4. 72 6
4. 73 23
4. 74 18
4. 75 13
4. 76 20
4. 77 7
4. 78 13
4. 79 13
4. 80 23
4. 81 25
4. 82 20
4. 83 14
4. 84 22
4. 85 14
4. 86 12
4. 87 13
4. 88 19
4. 89 20
4. 90 11
4. 91 12
4. 92 17
4. 93 24
4. 94 18
4. 95 16
4. 96 14
4. 97 14
4. 98 18
4. 99 22
4. 100 24
4. 101 8
4. 102 22
4. 103 15
4. 104 11
4. 105 9
4. 106 22
4. 107 17
4. 108 22
4. 109 6
4. 110 7
4. 111 14
4. 112 16
4. 113 12
4. 114 24
4. 115 25
4. 116 16
4. 117 16
4. 118 20
4. 119 18
4. 120 25
4. 121 10
4. 122 18
4. 123 17
4. 124 10
4. 125 7
4. 126 22
4. 127 11
4. 128 17
4. 129 7
4. 130 16
4. 131 13
4. 132 17
4. 133 13
4. 134 17
4. 135 14
4. 136 12
4. 137 10
4. 138 20
4. 139 24
4. 140 19
4. 141 25
4. 142 11
4. 143 24
4. 144 11
4. 145 15
4. 146 20
4. 147 21
4. 148 15
4. 149 9
4. 150 6
4. 151 10
4. 152 22
4. 153 25
4. 154 22
4. 155 16
4. 156 25
4. 157 25
4. 158 16
4. 159 11
4. 160 16
4. 161 24
4. 162 7
4. 163 15
4. 164 11
4. 165 24
4. 166 24
4. 167 17
4. 168 22
4. 169 5
4. 170 20
4. 171 8
4. 172 11
4. 173 14
4. 174 13
4. 175 15
4. 176 7
4. 177 20
4. 178 7
4. 179 18
4. 180 8
4. 181 18
4. 182 16
4. 183 9
4. 184 7
4. 185 5
4. 186 19
4. 187 13
4. 188 15
4. 189 20
4. 190 5
4. 191 8
4. 192 15
4. 193 12
4. 194 24
4. 195 11
4. 196 12
4. 197 16
4. 198 25
4. 199 19
4. 200 23
4. 201 23
4. 202 12
4. 203 25
4. 204 8
4. 205 14
4. 206 22
4. 207 20
4. 208 15
4. 209 20
4. 210 6
4. 211 6
4. 212 20
4. 213 12
4. 214 11
4. 215 10
4. 216 8
4. 217 24
4. 218 11
4. 219 8
4. 220 5
4. 221 25
4. 222 23
4. 223 14
4. 224 10
4. 225 10
4. 226 13
4. 227 22
4. 228 20
4. 229 14
4. 230 24
4. 231 12
4. 232 6
4. 233 14
4. 234 6
4. 235 21
4. 236 10
4. 237 10
4. 238 6
4. 239 24
4. 240 16
4. 241 14
4. 242 18
4. 243 15
4. 244 24
4. 245 9
4. 246 18
4. 247 23
4. 248 24
4. 249 16
4. 250 19
4. 251 20
4. 252 15
4. 253 17
4. 254 15
4. 255 10
4. 256 7
4. 257 21
4. 258 9
4. 259 22
4. 260 24
4. 261 7
4. 262 6
4. 263 8
4. 264 19
4. 265 19
4. 266 16
4. 267 23
4. 268 10
4. 269 14
4. 270 18
4. 271 11
4. 272 22
4. 273 10
4. 274 24
4. 275 6
4. 276 24
4. 277 11
4. 278 22
4. 279 15
4. 280 25
4. 281 23
4. 282 5
4. 283 19
4. 284 9
4. 285 23
4. 286 15
4. 287 21
4. 288 5
4. 289 12
4. 290 24
4. 291 24
4. 292 23
4. 293 13
4. 294 21
4. 295 10
4. 296 15
4. 297 24
4. 298 14
4. 299 10
4. 300 12
4. 301 22
4. 302 7
4. 303 21
4. 304 17
4. 305 19
4. 306 8
4. 307 23
4. 308 18
4. 309 7
4. 310 10
4. 311 10
4. 312 12
4. 313 15
4. 314 15
4. 315 17
4. 316 9
4. 317 11
4. 318 16
4. 319 22
4. 320 14
4. 321 20
4. 322 12
4. 323 16
4. 324 11
4. 325 11
4. 326 13
4. 327 21
4. 328 25
4. 329 18
4. 330 13
4. 331 22
4. 332 10
4. 333 18
4. 334 10
4. 335 9
4. 336 16
4. 337 18
4. 338 16
4. 339 20
4. 340 14
4. 341 13
4. 342 12
4. 343 8
4. 344 19
4. 345 5
4. 346 11
4. 347 17
4. 348 25
4. 349 20
4. 350 12
4. 351 8
4. 352 13
4. 353 5
4. 354 8
4. 355 23
4. 356 11
4. 357 12
4. 358 14
4. 359 18
4. 360 24
4. 361 23
4. 362 11
4. 363 10
4. 364 10
4. 365 12
4. 366 20
4. 367 7
4. 368 5
4. 369 13
4. 370 12
4. 371 9
4. 372 9
4. 373 10
4. 374 18
4. 375 5
4. 376 10
4. 377 16
4. 378 22
4. 379 24
4. 380 17
4. 381 11
4. 382 17
4. 383 8
4. 384 15
4. 385 15
4. 386 9
4. 387 5
4. 388 18
4. 389 10
4. 390 14
4. 391 16
4. 392 23
4. 393 20
4. 394 25
4. 395 5
4. 396 11
4. 397 21
4. 398 13
4. 399 25
5. 0 23
5. 1 14
5. 2 5
5. 3 22
5. 4 16
5. 5 5
5. 6 18
5. 7 14
5. 8 20
5. 9 15
5. 10 14
5. 11 12
5. 12 21
5. 13 16
5. 14 9
5. 15 10
5. 16 23
5. 17 25
5. 18 14
5. 19 21
5. 20 17
5. 21 5
5. 22 5
5. 23 25
5. 24 23
5. 25 21
5. 26 10
5. 27 14
5. 28 21
5. 29 7
5. 30 5
5. 31 25
5. 32 17
5. 33 19
5. 34 24
5. 35 21
5. 36 14
5. 37 15
5. 38 25
5. 39 22
5. 40 16
5. 41 14
5. 42 17
5. 43 20
5. 44 18
5. 45 8
5. 46 5
5. 47 16
5. 48 10
5. 49 13
5. 50 21
5. 51 22
5. 52 25
5. 53 5
5. 54 20
5. 55 11
5. 56 16
5. 57 22
5. 58 10
5. 59 20
5. 60 18
5. 61 19
5. 62 17
5. 63 8
5. 64 8
5. 65 11
5. 66 16
5. 67 9
5. 68 17
5. 69 17
5. 70 13
5. 71 14
5. 72 15
5. 73 15
5. 74 21
5. 75 14
5. 76 6
5. 77 10
5. 78 25
5. 79 25
5. 80 25
5. 81 7
5. 82 10
5. 83 20
5. 84 11
5. 85 24
5. 86 12
5. 87 18
5. 88 5
5. 89 5
5. 90 23
5. 91 19
5. 92 15
5. 93 11
5. 94 6
5. 95 13
5. 96 7
5. 97 19
5. 98 15
5. 99 25
5. 100 8
5. 101 19
5. 102 17
5. 103 12
5. 104 6
5. 105 23
5. 106 16
5. 107 25
5. 108 11
5. 109 11
5. 110 7
5. 111 10
5. 112 22
5. 113 21
5. 114 25
5. 115 19
5. 116 14
5. 117 21
5. 118 19
5. 119 24
5. 120 7
5. 121 23
5. 122 11
5. 123 7
5. 124 15
5. 125 6
5. 126 16
5. 127 11
5. 128 17
5. 129 19
5. 130 12
5. 131 21
5. 132 24
5. 133 14
5. 134 13
5. 135 13
5. 136 11
5. 137 10
5. 138 16
5. 139 12
5. 140 11
5. 141 25
5. 142 15
5. 143 5
5. 144 10
5. 145 10
5. 146 5
5. 147 21
5. 148 5
5. 149 21
5. 150 16
5. 151 5
5. 152 5
5. 153 7
5. 154 19
5. 155 17
5. 156 10
5. 157 10
5. 158 5
5. 159 12
5. 160 11
5. 161 12
5. 162 22
5. 163 7
5. 164 8
5. 165 21
5. 166 18
5. 167 10
5. 168 22
5. 169 16
5. 170 15
5. 171 17
5. 172 15
5. 173 10
5. 174 10
5. 175 17
5. 176 8
5. 177 24
5. 178 18
5. 179 6
5. 180 6
5. 181 18
5. 182 22
5. 183 13
5. 184 20
5. 185 22
5. 186 10
5. 187 14
5. 188 5
5. 189 18
5. 190 21
5. 191 23
5. 192 15
5. 193 9
5. 194 17
5. 195 11
5. 196 22
5. 197 25
5. 198 12
5. 199 14
5. 200 19
5. 201 24
5. 202 7
5. 203 15
5. 204 24
5. 205 17
5. 206 18
5. 207 9
5. 208 9
5. 209 9
5. 210 8
5. 211 7
5. 212 12
5. 213 9
5. 214 16
5. 215 16
5. 216 16
5. 217 14
5. 218 10
5. 219 23
5. 220 18
5. 221 8
5. 222 25
5. 223 24
5. 224 25
5. 225 23
5. 226 15
5. 227 16
5. 228 12
5. 229 17
5. 230 14
5. 231 9
5. 232 17
5. 233 6
5. 234 9
5. 235 18
5. 236 9
5. 237 16
5. 238 23
5. 239 22
5. 240 12
5. 241 7
5. 242 22
5. 243 17
5. 244 25
5. 245 20
5. 246 19
5. 247 17
5. 248 16
5. 249 19
5. 250 6
5. 251 24
5. 252 15
5. 253 9
5. 254 24
5. 255 14
5. 256 7
5. 257 13
5. 258 13
5. 259 19
5. 260 20
5. 261 16
5. 262 5
5. 263 19
5. 264 23
5. 265 20
5. 266 19
5. 267 13
5. 268 14
5. 269 8
5. 270 11
5. 271 11
5. 272 11
5. 273 21
5. 274 6
5. 275 21
5. 276 22
5. 277 21
5. 278 12
5. 279 18
5. 280 9
5. 281 15
5. 282 7
5. 283 12
5. 284 14
5. 285 12
5. 286 5
5. 287 8
5. 288 22
5. 289 9
5. 290 10
5. 291 17
5. 292 16
5. 293 6
5. 294 8
5. 295 22
5. 296 12
5. 297 9
5. 298 15
5. 299 5
5. 300 13
5. 301 19
5. 302 11
5. 303 10
5. 304 12
5. 305 20
5. 306 12
5. 307 24
5. 308 10
5. 309 9
5. 310 19
5. 311 14
5. 312 19
5. 313 11
5. 314 22
5. 315 21
5. 316 6
5. 317 16
5. 318 18
5. 319 17
5. 320 19
5. 321 23
5. 322 5
5. 323 21
5. 324 23
5. 325 17
5. 326 7
5. 327 12
5. 328 13
5. 329 23
5. 330 19
5. 331 15
5. 332 11
5. 333 20
5. 334 11
5. 335 7
5. 336 8
5. 337 21
5. 338 9
5. 339 24
5. 340 7
5. 341 9
5. 342 24
5. 343 19
5. 344 18
5. 345 19
5. 346 21
5. 347 19
5. 348 12
5. 349 5
5. 350 11
5. 351 7
5. 352 20
5. 353 14
5. 354 20
5. 355 19
5. 356 15
5. 357 25
5. 358 6
5. 359 22
5. 360 25
5. 361 17
5. 362 9
5. 363 20
5. 364 5
5. 365 8
5. 366 22
5. 367 8
5. 368 8
5. 369 6
5. 370 9
5. 371 17
5. 372 24
5. 373 9
5. 374 11
5. 375 22
5. 376 12
5. 377 18
5. 378 17
5. 379 10
5. 380 25
5. 381 12
5. 382 15
5. 383 22
5. 384 16
5. 385 9
5. 386 16
5. 387 14
5. 388 18
5. 389 13
5. 390 13
5. 391 17
5. 392 17
5. 393 15
5. 394 11
5. 395 11
5. 396 24
5. 397 9
5. 398 15
5. 399 14
6. 0 10
6. 1 6
6. 2 5
6. 3 16
6. 4 20
6. 5 5
6. 6 10
6. 7 7
6. 8 16
6. 9 14
6. 10 23
6. 11 17
6. 12 5
6. 13 13
6. 14 24
6. 15 20
6. 16 13
6. 17 20
6. 18 18
6. 19 6
6. 20 7
6. 21 11
6. 22 13
6. 23 22
6. 24 11
6. 25 25
6. 26 7
6. 27 20
6. 28 5
6. 29 14
6. 30 24
6. 31 22
6. 32 23
6. 33 14
6. 34 11
6. 35 9
6. 36 7
6. 37 21
6. 38 7
6. 39 19
6. 40 17
6. 41 19
6. 42 13
6. 43 16
6. 44 12
6. 45 13
6. 46 8
6. 47 18
6. 48 24
6. 49 24
6. 50 9
6. 51 14
6. 52 12
6. 53 14
6. 54 17
6. 55 16
6. 56 22
6. 57 21
6. 58 24
6. 59 10
6. 60 21
6. 61 19
6. 62 22
6. 63 5
6. 64 7
6. 65 12
6. 66 23
6. 67 22
6. 68 10
6. 69 24
6. 70 12
6. 71 12
6. 72 14
6. 73 10
6. 74 24
6. 75 21
6. 76 10
6. 77 21
6. 78 25
6. 79 7
6. 80 17
6. 81 5
6. 82 17
6. 83 8
6. 84 10
6. 85 23
6. 86 13
6. 87 15
6. 88 11
6. 89 5
6. 90 5
6. 91 5
6. 92 12
6. 93 7
6. 94 24
6. 95 16
6. 96 15
6. 97 8
6. 98 16
6. 99 13
6. 100 24
6. 101 8
6. 102 15
6. 103 23
6. 104 18
6. 105 12
6. 106 11
6. 107 23
6. 108 16
6. 109 14
6. 110 9
6. 111 17
6. 112 7
6. 113 17
6. 114 8
6. 115 19
6. 116 11
6. 117 5
6. 118 14
6. 119 12
6. 120 16
6. 121 25
6. 122 21
6. 123 22
6. 124 12
6. 125 8
6. 126 6
6. 127 19
6. 128 9
6. 129 17
6. 130 10
6. 131 22
6. 132 11
6. 133 16
6. 134 9
6. 135 21
6. 136 8
6. 137 15
6. 138 14
6. 139 6
6. 140 19
6. 141 14
6. 142 18
6. 143 11
6. 144 6
6. 145 14
6. 146 12
6. 147 11
6. 148 19
6. 149 17
6. 150 11
6. 151 15
6. 152 22
6. 153 13
6. 154 19
6. 155 15
6. 156 25
6. 157 17
6. 158 7
6. 159 17
6. 160 25
6. 161 17
6. 162 24
6. 163 20
6. 164 12
6. 165 13
6. 166 5
6. 167 13
6. 168 17
6. 169 16
6. 170 12
6. 171 14
6. 172 18
6. 173 10
6. 174 9
6. 175 10
6. 176 13
6. 177 21
6. 178 17
6. 179 6
6. 180 23
6. 181 17
6. 182 19
6. 183 9
6. 184 7
6. 185 10
6. 186 9
6. 187 16
6. 188 6
6. 189 16
6. 190 7
6. 191 8
6. 192 7
6. 193 15
6. 194 16
6. 195 18
6. 196 14
6. 197 14
6. 198 21
6. 199 22
6. 200 8
6. 201 18
6. 202 5
6. 203 6
6. 204 5
6. 205 17
6. 206 24
6. 207 11
6. 208 18
6. 209 6
6. 210 16
6. 211 22
6. 212 9
6. 213 11
6. 214 12
6. 215 15
6. 216 22
6. 217 23
6. 218 24
6. 219 10
6. 220 23
6. 221 14
6. 222 25
6. 223 9
6. 224 13
6. 225 25
6. 226 10
6. 227 22
6. 228 17
6. 229 19
6. 230 8
6. 231 6
6. 232 17
6. 233 10
6. 234 17
6. 235 16
6. 236 23
6. 237 16
6. 238 22
6. 239 7
6. 240 25
6. 241 6
6. 242 19
6. 243 11
6. 244 13
6. 245 14
6. 246 6
6. 247 10
6. 248 24
6. 249 22
6. 250 15
6. 251 22
6. 252 12
6. 253 25
6. 254 22
6. 255 11
6. 256 11
6. 257 24
6. 258 9
6. 259 13
6. 260 10
6. 261 12
6. 262 6
6. 263 23
6. 264 9
6. 265 8
6. 266 9
6. 267 16
6. 268 25
6. 269 15
6. 270 6
6. 271 8
6. 272 6
6. 273 24
6. 274 22
6. 275 6
6. 276 21
6. 277 24
6. 278 20
6. 279 8
6. 280 7
6. 281 6
6. 282 17
6. 283 8
6. 284 25
6. 285 7
6. 286 21
6. 287 21
6. 288 21
6. 289 18
6. 290 16
6. 291 11
6. 292 18
6. 293 6
6. 294 13
6. 295 22
6. 296 22
6. 297 14
6. 298 7
6. 299 12
6. 300 15
6. 301 7
6. 302 20
6. 303 20
6. 304 8
6. 305 5
6. 306 17
6. 307 13
6. 308 8
6. 309 5
6. 310 11
6. 311 18
6. 312 13
6. 313 22
6. 314 25
6. 315 7
6. 316 20
6. 317 12
6. 318 6
6. 319 22
6. 320 12
6. 321 19
6. 322 18
6. 323 9
6. 324 12
6. 325 22
6. 326 7
6. 327 12
6. 328 24
6. 329 14
6. 330 16
6. 331 9
6. 332 10
6. 333 14
6. 334 6
6. 335 24
6. 336 7
6. 337 7
6. 338 23
6. 339 13
6. 340 7
6. 341 12
6. 342 21
6. 343 7
6. 344 18
6. 345 19
6. 346 14
6. 347 10
6. 348 10
6. 349 9
6. 350 25
6. 351 15
6. 352 7
6. 353 25
6. 354 20
6. 355 19
6. 356 18
6. 357 21
6. 358 9
6. 359 18
6. 360 13
6. 361 25
6. 362 24
6. 363 7
6. 364 19
6. 365 20
6. 366 13
6. 367 19
6. 368 10
6. 369 9
6. 370 16
6. 371 6
6. 372 16
6. 373 20
6. 374 9
6. 375 17
6. 376 24
6. 377 14
6. 378 24
6. 379 25
6. 380 18
6. 381 19
6. 382 20
6. 383 17
6. 384 21
6. 385 18
6. 386 10
6. 387 7
6. 388 10
6. 389 15
6. 390 22
6. 391 19
6. 392 23
6. 393 25
6. 394 17
6. 395 22
6. 396 18
6. 397 18
6. 398 7
6. 399 18
7. 0 16
7. 1 19
7. 2 14
7. 3 8
7. 4 7
7. 5 12
7. 6 19
7. 7 5
7. 8 10
7. 9 13
7. 10 11
7. 11 15
7. 12 18
7. 13 7
7. 14 22
7. 15 19
7. 16 14
7. 17 9
7. 18 19
7. 19 18
7. 20 18
7. 21 22
7. 22 6
7. 23 12
7. 24 15
7. 25 22
7. 26 6
7. 27 25
7. 28 18
7. 29 6
7. 30 16
7. 31 13
7. 32 15
7. 33 9
7. 34 18
7. 35 9
7. 36 23
7. 37 22
7. 38 13
7. 39 9
7. 40 24
7. 41 25
7. 42 18
7. 43 22
7. 44 16
7. 45 5
7. 46 18
7. 47 11
7. 48 5
7. 49 15
7. 50 15
7. 51 9
7. 52 17
7. 53 5
7. 54 9
7. 55 10
7. 56 22
7. 57 8
7. 58 23
7. 59 6
7. 60 20
7. 61 12
7. 62 10
7. 63 11
7. 64 7
7. 65 20
7. 66 8
7. 67 19
7. 68 16
7. 69 24
7. 70 18
7. 71 17
7. 72 23
7. 73 25
7. 74 25
7. 75 22
7. 76 7
7. 77 13
7. 78 20
7. 79 19
7. 80 21
7. 81 19
7. 82 12
7. 83 19
7. 84 19
7. 85 14
7. 86 15
7. 87 23
7. 88 9
7. 89 25
7. 90 18
7. 91 10
7. 92 16
7. 93 25
7. 94 21
7. 95 15
7. 96 7
7. 97 16
7. 98 6
7. 99 19
7. 100 14
7. 101 22
7. 102 19
7. 103 18
7. 104 19
7. 105 15
7. 106 14
7. 107 7
7. 108 23
7. 109 13
7. 110 19
7. 111 22
7. 112 19
7. 113 8
7. 114 22
7. 115 18
7. 116 24
7. 117 5
7. 118 11
7. 119 15
7. 120 12
7. 121 15
7. 122 25
7. 123 19
7. 124 11
7. 125 22
7. 126 19
7. 127 25
7. 128 18
7. 129 10
7. 130 18
7. 131 11
7. 132 11
7. 133 24
7. 134 25
7. 135 14
7. 136 14
7. 137 5
7. 138 9
7. 139 9
7. 140 18
7. 141 16
7. 142 7
7. 143 19
7. 144 8
7. 145 20
7. 146 18
7. 147 15
7. 148 24
7. 149 20
7. 150 5
7. 151 8
7. 152 19
7. 153 11
7. 154 18
7. 155 8
7. 156 19
7. 157 7
7. 158 18
7. 159 15
7. 160 14
7. 161 22
7. 162 6
7. 163 12
7. 164 17
7. 165 5
7. 166 22
7. 167 6
7. 168 20
7. 169 10
7. 170 17
7. 171 12
7. 172 6
7. 173 20
7. 174 19
7. 175 23
7. 176 10
7. 177 14
7. 178 17
7. 179 15
7. 180 22
7. 181 6
7. 182 6
7. 183 22
7. 184 7
7. 185 12
7. 186 14
7. 187 13
7. 188 5
7. 189 12
7. 190 14
7. 191 18
7. 192 23
7. 193 13
7. 194 18
7. 195 14
7. 196 9
7. 197 9
7. 198 22
7. 199 11
7. 200 21
7. 201 10
7. 202 23
7. 203 19
7. 204 8
7. 205 6
7. 206 10
7. 207 5
7. 208 16
7. 209 19
7. 210 16
7. 211 19
7. 212 13
7. 213 21
7. 214 5
7. 215 7
7. 216 7
7. 217 22
7. 218 8
7. 219 23
7. 220 8
7. 221 11
7. 222 22
7. 223 23
7. 224 20
7. 225 17
7. 226 21
7. 227 5
7. 228 19
7. 229 22
7. 230 15
7. 231 19
7. 232 12
7. 233 13
7. 234 13
7. 235 5
7. 236 18
7. 237 6
7. 238 17
7. 239 11
7. 240 9
7. 241 7
7. 242 11
7. 243 23
7. 244 24
7. 245 24
7. 246 14
7. 247 17
7. 248 20
7. 249 9
7. 250 21
7. 251 24
7. 252 17
7. 253 8
7. 254 19
7. 255 13
7. 256 16
7. 257 9
7. 258 22
7. 259 12
7. 260 6
7. 261 18
7. 262 15
7. 263 20
7. 264 22
7. 265 13
7. 266 19
7. 267 8
7. 268 18
7. 269 15
7. 270 16
7. 271 24
7. 272 5
7. 273 22
7. 274 24
7. 275 21
7. 276 10
7. 277 21
7. 278 6
7. 279 17
7. 280 17
7. 281 13
7. 282 10
7. 283 18
7. 284 10
7. 285 11
7. 286 24
7. 287 10
7. 288 10
7. 289 13
7. 290 12
7. 291 16
7. 292 5
7. 293 17
7. 294 15
7. 295 18
7. 296 5
7. 297 9
7. 298 9
7. 299 17
7. 300 5
7. 301 13
7. 302 8
7. 303 22
7. 304 8
7. 305 6
7. 306 12
7. 307 22
7. 308 21
7. 309 6
7. 310 15
7. 311 10
7. 312 23
7. 313 15
7. 314 17
7. 315 25
7. 316 21
7. 317 15
7. 318 16
7. 319 11
7. 320 14
7. 321 20
7. 322 22
7. 323 14
7. 324 20
7. 325 7
7. 326 9
7. 327 14
7. 328 14
7. 329 7
7. 330 16
7. 331 18
7. 332 6
7. 333 10
7. 334 13
7. 335 21
7. 336 16
7. 337 15
7. 338 19
7. 339 13
7. 340 15
7. 341 21
7. 342 17
7. 343 16
7. 344 11
7. 345 5
7. 346 24
7. 347 18
7. 348 9
7. 349 22
7. 350 16
7. 351 8
7. 352 10
7. 353 23
7. 354 25
7. 355 22
7. 356 25
7. 357 20
7. 358 16
7. 359 5
7. 360 6
7. 361 21
7. 362 11
7. 363 15
7. 364 18
7. 365 21
7. 366 11
7. 367 11
7. 368 17
7. 369 5
7. 370 7
7. 371 15
7. 372 24
7. 373 10
7. 374 8
7. 375 10
7. 376 9
7. 377 19
7. 378 13
7. 379 10
7. 380 9
7. 381 18
7. 382 6
7. 383 11
7. 384 12
7. 385 5
7. 386 12
7. 387 6
7. 388 5
7. 389 15
7. 390 10
7. 391 6
7. 392 16
7. 393 7
7. 394 9
7. 395 6
7. 396 11
7. 397 24
7. 398 7
7. 399 21
8. 0 9
8. 1 25
8. 2 22
8. 3 8
8. 4 9
8. 5 5
8. 6 8
8. 7 24
8. 8 13
8. 9 18
8. 10 10
8. 11 8
8. 12 7
8. 13 18
8. 14 10
8. 15 6
8. 16 5
8. 17 16
8. 18 22
8. 19 18
8. 20 22
8. 21 18
8. 22 11
8. 23 6
8. 24 25
8. 25 12
8. 26 25
8. 27 9
8. 28 5
8. 29 7
8. 30 24
8. 31 14
8. 32 25
8. 33 23
8. 34 7
8. 35 5
8. 36 5
8. 37 5
8. 38 14
8. 39 24
8. 40 12
8. 41 9
8. 42 21
8. 43 16
8. 44 19
8. 45 21
8. 46 13
8. 47 15
8. 48 5
8. 49 8
8. 50 7
8. 51 16
8. 52 21
8. 53 20
8. 54 21
8. 55 11
8. 56 5
8. 57 6
8. 58 14
8. 59 15
8. 60 13
8. 61 5
8. 62 6
8. 63 10
8. 64 25
8. 65 18
8. 66 10
8. 67 18
8. 68 16
8. 69 15
8. 70 8
8. 71 16
8. 72 25
8. 73 7
8. 74 11
8. 75 13
8. 76 10
8. 77 15
8. 78 20
8. 79 16
8. 80 21
8. 81 24
8. 82 6
8. 83 22
8. 84 24
8. 85 18
8. 86 18
8. 87 24
8. 88 5
8. 89 7
8. 90 15
8. 91 10
8. 92 16
8. 93 15
8. 94 22
8. 95 6
8. 96 23
8. 97 13
8. 98 19
8. 99 13
8. 100 16
8. 101 5
8. 102 12
8. 103 20
8. 104 24
8. 105 14
8. 106 10
8. 107 16
8. 108 22
8. 109 10
8. 110 18
8. 111 23
8. 112 10
8. 113 9
8. 114 19
8. 115 10
8. 116 22
8. 117 17
8. 118 6
8. 119 21
8. 120 21
8. 121 18
8. 122 6
8. 123 21
8. 124 10
8. 125 25
8. 126 18
8. 127 15
8. 128 23
8. 129 20
8. 130 22
8. 131 14
8. 132 15
8. 133 14
8. 134 9
8. 135 13
8. 136 9
8. 137 15
8. 138 7
8. 139 17
8. 140 22
8. 141 7
8. 142 17
8. 143 7
8. 144 23
8. 145 19
8. 146 24
8. 147 11
8. 148 18
8. 149 7
8. 150 9
8. 151 20
8. 152 19
8. 153 9
8. 154 9
8. 155 6
8. 156 20
8. 157 24
8. 158 24
8. 159 25
8. 160 21
8. 161 13
8. 162 11
8. 163 21
8. 164 9
8. 165 24
8. 166 23
8. 167 7
8. 168 17
8. 169 24
8. 170 13
8. 171 25
8. 172 13
8. 173 11
8. 174 25
8. 175 16
8. 176 21
8. 177 10
8. 178 23
8. 179 14
8. 180 5
8. 181 6
8. 182 12
8. 183 9
8. 184 19
8. 185 17
8. 186 24
8. 187 25
8. 188 23
8. 189 11
8. 190 8
8. 191 21
8. 192 25
8. 193 17
8. 194 17
8. 195 8
8. 196 9
8. 197 24
8. 198 18
8. 199 12
8. 200 10
8. 201 18
8. 202 19
8. 203 24
8. 204 6
8. 205 12
8. 206 12
8. 207 12
8. 208 16
8. 209 11
8. 210 16
8. 211 23
8. 212 10
8. 213 15
8. 214 21
8. 215 18
8. 216 12
8. 217 24
8. 218 13
8. 219 8
8. 220 5
8. 221 12
8. 222 5
8. 223 24
8. 224 10
8. 225 20
8. 226 12
8. 227 10
8. 228 15
8. 229 11
8. 230 24
8. 231 12
8. 232 5
8. 233 5
8. 234 20
8. 235 16
8. 236 6
8. 237 7
8. 238 13
8. 239 14
8. 240 13
8. 241 12
8. 242 10
8. 243 17
8. 244 8
8. 245 24
8. 246 23
8. 247 8
8. 248 19
8. 249 17
8. 250 21
8. 251 5
8. 252 8
8. 253 17
8. 254 6
8. 255 12
8. 256 9
8. 257 17
8. 258 12
8. 259 13
8. 260 20
8. 261 8
8. 262 6
8. 263 11
8. 264 10
8. 265 16
8. 266 8
8. 267 19
8. 268 7
8. 269 23
8. 270 21
8. 271 20
8. 272 6
8. 273 13
8. 274 7
8. 275 14
8. 276 8
8. 277 7
8. 278 6
8. 279 22
8. 280 12
8. 281 12
8. 282 12
8. 283 24
8. 284 22
8. 285 22
8. 286 5
8. 287 20
8. 288 21
8. 289 9
8. 290 11
8. 291 24
8. 292 6
8. 293 22
8. 294 17
8. 295 5
8. 296 22
8. 297 9
8. 298 22
8. 299 25
8. 300 16
8. 301 5
8. 302 8
8. 303 20
8. 304 23
8. 305 17
8. 306 15
8. 307 5
8. 308 7
8. 309 8
8. 310 23
8. 311 13
8. 312 18
8. 313 11
8. 314 14
8. 315 24
8. 316 7
8. 317 9
8. 318 18
8. 319 16
8. 320 18
8. 321 5
8. 322 7
8. 323 21
8. 324 8
8. 325 8
8. 326 25
8. 327 9
8. 328 11
8. 329 8
8. 330 16
8. 331 5
8. 332 9
8. 333 14
8. 334 12
8. 335 22
8. 336 19
8. 337 15
8. 338 21
8. 339 21
8. 340 17
8. 341 13
8. 342 22
8. 343 15
8. 344 9
8. 345 21
8. 346 13
8. 347 24
8. 348 18
8. 349 11
8. 350 21
8. 351 8
8. 352 24
8. 353 18
8. 354 17
8. 355 23
8. 356 13
8. 357 7
8. 358 21
8. 359 13
8. 360 19
8. 361 24
8. 362 10
8. 363 5
8. 364 16
8. 365 10
8. 366 10
8. 367 11
8. 368 25
8. 369 25
8. 370 12
8. 371 25
8. 372 19
8. 373 16
8. 374 17
8. 375 15
8. 376 13
8. 377 14
8. 378 19
8. 379 18
8. 380 19
8. 381 21
8. 382 10
8. 383 18
8. 384 12
8. 385 8
8. 386 21
8. 387 23
8. 388 18
8. 389 7
8. 390 20
8. 391 25
8. 392 17
8. 393 12
8. 394 23
8. 395 8
8. 396 17
8. 397 22
8. 398 20
8. 399 8
9. 0 19
9. 1 9
9. 2 20
9. 3 20
9. 4 25
9. 5 18
9. 6 22
9. 7 20
9. 8 8
9. 9 11
9. 10 22
9. 11 16
9. 12 25
9. 13 22
9. 14 7
9. 15 25
9. 16 8
9. 17 22
9. 18 18
9. 19 10
9. 20 9
9. 21 21
9. 22 16
9. 23 25
9. 24 9
9. 25 17
9. 26 16
9. 27 12
9. 28 22
9. 29 5
9. 30 22
9. 31 11
9. 32 14
9. 33 18
9. 34 14
9. 35 24
9. 36 19
9. 37 5
9. 38 10
9. 39 8
9. 40 24
9. 41 19
9. 42 12
9. 43 7
9. 44 22
9. 45 21
9. 46 12
9. 47 24
9. 48 10
9. 49 11
9. 50 10
9. 51 11
9. 52 7
9. 53 8
9. 54 25
9. 55 14
9. 56 10
9. 57 7
9. 58 10
9. 59 13
9. 60 13
9. 61 22
9. 62 16
9. 63 11
9. 64 12
9. 65 6
9. 66 8
9. 67 9
9. 68 17
9. 69 11
9. 70 20
9. 71 20
9. 72 20
9. 73 8
9. 74 24
9. 75 12
9. 76 8
9. 77 13
9. 78 25
9. 79 5
9. 80 5
9. 81 17
9. 82 21
9. 83 7
9. 84 24
9. 85 15
9. 86 22
9. 87 7
9. 88 5
9. 89 19
9. 90 9
9. 91 21
9. 92 5
9. 93 18
9. 94 5
9. 95 19
9. 96 6
9. 97 17
9. 98 15
9. 99 8
9. 100 25
9. 101 15
9. 102 7
9. 103 6
9. 104 7
9. 105 20
9. 106 10
9. 107 11
9. 108 15
9. 109 19
9. 110 9
9. 111 18
9. 112 13
9. 113 23
9. 114 15
9. 115 17
9. 116 21
9. 117 13
9. 118 6
9. 119 17
9. 120 14
9. 121 13
9. 122 19
9. 123 23
9. 124 23
9. 125 7
9. 126 13
9. 127 21
9. 128 24
9. 129 18
9. 130 9
9. 131 5
9. 132 21
9. 133 20
9. 134 11
9. 135 19
9. 136 10
9. 137 16
9. 138 5
9. 139 21
9. 140 21
9. 141 5
9. 142 9
9. 143 5
9. 144 25
9. 145 20
9. 146 16
9. 147 16
9. 148 10
9. 149 22
9. 150 18
9. 151 10
9. 152 22
9. 153 18
9. 154 23
9. 155 24
9. 156 23
9. 157 11
9. 158 24
9. 159 17
9. 160 18
9. 161 24
9. 162 7
9. 163 5
9. 164 13
9. 165 20
9. 166 13
9. 167 22
9. 168 22
9. 169 10
9. 170 7
9. 171 10
9. 172 17
9. 173 5
9. 174 9
9. 175 7
9. 176 23
9. 177 7
9. 178 13
9. 179 14
9. 180 18
9. 181 25
9. 182 17
9. 183 12
9. 184 10
9. 185 7
9. 186 9
9. 187 23
9. 188 10
9. 189 15
9. 190 24
9. 191 6
9. 192 19
9. 193 16
9. 194 6
9. 195 6
9. 196 23
9. 197 12
9. 198 12
9. 199 19
9. 200 7
9. 201 18
9. 202 13
9. 203 10
9. 204 9
9. 205 18
9. 206 17
9. 207 21
9. 208 18
9. 209 7
9. 210 12
9. 211 18
9. 212 20
9. 213 13
9. 214 25
9. 215 22
9. 216 10
9. 217 23
9. 218 6
9. 219 16
9. 220 6
9. 221 11
9. 222 19
9. 223 24
9. 224 24
9. 225 20
9. 226 5
9. 227 23
9. 228 21
9. 229 20
9. 230 12
9. 231 7
9. 232 25
9. 233 25
9. 234 22
9. 235 24
9. 236 9
9. 237 10
9. 238 20
9. 239 18
9. 240 17
9. 241 11
9. 242 23
9. 243 12
9. 244 23
9. 245 5
9. 246 25
9. 247 16
9. 248 24
9. 249 10
9. 250 23
9. 251 17
9. 252 20
9. 253 19
9. 254 19
9. 255 20
9. 256 24
9. 257 10
9. 258 24
9. 259 6
9. 260 10
9. 261 14
9. 262 16
9. 263 24
9. 264 20
9. 265 18
9. 266 12
9. 267 11
9. 268 24
9. 269 12
9. 270 6
9. 271 7
9. 272 15
9. 273 16
9. 274 16
9. 275 16
9. 276 25
9. 277 24
9. 278 22
9. 279 8
9. 280 24
9. 281 23
9. 282 11
9. 283 13
9. 284 11
9. 285 23
9. 286 13
9. 287 22
9. 288 19
9. 289 6
9. 290 23
9. 291 6
9. 292 25
9. 293 11
9. 294 9
9. 295 18
9. 296 13
9. 297 16
9. 298 7
9. 299 9
9. 300 8
9. 301 24
9. 302 8
9. 303 14
9. 304 18
9. 305 23
9. 306 24
9. 307 5
9. 308 14
9. 309 18
9. 310 20
9. 311 8
9. 312 16
9. 313 19
9. 314 22
9. 315 10
9. 316 15
9. 317 14
9. 318 12
9. 319 12
9. 320 22
9. 321 13
9. 322 25
9. 323 5
9. 324 8
9. 325 14
9. 326 18
9. 327 17
9. 328 15
9. 329 21
9. 330 9
9. 331 12
9. 332 13
9. 333 7
9. 334 15
9. 335 21
9. 336 5
9. 337 21
9. 338 18
9. 339 12
9. 340 14
9. 341 25
9. 342 8
9. 343 20
9. 344 15
9. 345 5
9. 346 7
9. 347 8
9. 348 12
9. 349 11
9. 350 7
9. 351 10
9. 352 18
9. 353 25
9. 354 12
9. 355 25
9. 356 20
9. 357 12
9. 358 9
9. 359 25
9. 360 6
9. 361 20
9. 362 22
9. 363 8
9. 364 15
9. 365 16
9. 366 21
9. 367 23
9. 368 6
9. 369 5
9. 370 14
9. 371 24
9. 372 16
9. 373 5
9. 374 13
9. 375 6
9. 376 10
9. 377 13
9. 378 25
9. 379 6
9. 380 20
9. 381 17
9. 382 14
9. 383 13
9. 384 21
9. 385 16
9. 386 12
9. 387 19
9. 388 5
9. 389 21
9. 390 12
9. 391 21
9. 392 21
9. 393 8
9. 394 9
9. 395 25
9. 396 6
9. 397 25
9. 398 20
9. 399 16
/;
parameter b(i)/
0 480
1 490
2 461
3 491
4 484
5 477
6 472
7 469
8 474
9 484
/;
