set j job /0*199/;
set i machine /0*9/;
parameter c(i,j)/
0. 0 81
0. 1 137
0. 2 999
0. 3 102
0. 4 136
0. 5 36
0. 6 118
0. 7 61
0. 8 325
0. 9 995
0. 10 137
0. 11 196
0. 12 63
0. 13 105
0. 14 56
0. 15 497
0. 16 74
0. 17 240
0. 18 57
0. 19 192
0. 20 119
0. 21 500
0. 22 76
0. 23 115
0. 24 191
0. 25 44
0. 26 997
0. 27 328
0. 28 325
0. 29 249
0. 30 165
0. 31 990
0. 32 193
0. 33 242
0. 34 12
0. 35 82
0. 36 495
0. 37 245
0. 38 990
0. 39 91
0. 40 60
0. 41 495
0. 42 69
0. 43 82
0. 44 93
0. 45 109
0. 46 1000
0. 47 994
0. 48 73
0. 49 328
0. 50 134
0. 51 191
0. 52 61
0. 53 249
0. 54 492
0. 55 34
0. 56 32
0. 57 991
0. 58 40
0. 59 192
0. 60 993
0. 61 159
0. 62 13
0. 63 123
0. 64 998
0. 65 68
0. 66 494
0. 67 163
0. 68 94
0. 69 70
0. 70 67
0. 71 66
0. 72 36
0. 73 494
0. 74 103
0. 75 328
0. 76 999
0. 77 122
0. 78 323
0. 79 132
0. 80 190
0. 81 998
0. 82 87
0. 83 325
0. 84 163
0. 85 45
0. 86 58
0. 87 135
0. 88 26
0. 89 70
0. 90 34
0. 91 159
0. 92 56
0. 93 27
0. 94 332
0. 95 54
0. 96 198
0. 97 48
0. 98 244
0. 99 61
0. 100 248
0. 101 992
0. 102 49
0. 103 162
0. 104 199
0. 105 323
0. 106 34
0. 107 101
0. 108 247
0. 109 997
0. 110 249
0. 111 497
0. 112 23
0. 113 68
0. 114 90
0. 115 326
0. 116 328
0. 117 47
0. 118 33
0. 119 132
0. 120 32
0. 121 991
0. 122 196
0. 123 198
0. 124 22
0. 125 49
0. 126 35
0. 127 122
0. 128 244
0. 129 243
0. 130 246
0. 131 58
0. 132 490
0. 133 120
0. 134 196
0. 135 995
0. 136 329
0. 137 163
0. 138 136
0. 139 246
0. 140 330
0. 141 190
0. 142 995
0. 143 110
0. 144 330
0. 145 55
0. 146 82
0. 147 491
0. 148 199
0. 149 12
0. 150 119
0. 151 141
0. 152 75
0. 153 53
0. 154 104
0. 155 160
0. 156 108
0. 157 59
0. 158 36
0. 159 121
0. 160 247
0. 161 79
0. 162 43
0. 163 74
0. 164 140
0. 165 192
0. 166 159
0. 167 330
0. 168 991
0. 169 327
0. 170 995
0. 171 326
0. 172 16
0. 173 108
0. 174 497
0. 175 64
0. 176 198
0. 177 101
0. 178 993
0. 179 44
0. 180 332
0. 181 59
0. 182 81
0. 183 495
0. 184 117
0. 185 191
0. 186 73
0. 187 995
0. 188 20
0. 189 993
0. 190 992
0. 191 49
0. 192 245
0. 193 28
0. 194 94
0. 195 996
0. 196 991
0. 197 323
0. 198 28
0. 199 71
1. 0 31
1. 1 24
1. 2 499
1. 3 244
1. 4 323
1. 5 194
1. 6 159
1. 7 73
1. 8 24
1. 9 26
1. 10 60
1. 11 164
1. 12 34
1. 13 331
1. 14 494
1. 15 194
1. 16 494
1. 17 33
1. 18 49
1. 19 46
1. 20 993
1. 21 60
1. 22 48
1. 23 132
1. 24 73
1. 25 991
1. 26 328
1. 27 136
1. 28 996
1. 29 93
1. 30 45
1. 31 122
1. 32 326
1. 33 110
1. 34 163
1. 35 51
1. 36 40
1. 37 994
1. 38 116
1. 39 46
1. 40 496
1. 41 88
1. 42 991
1. 43 994
1. 44 42
1. 45 325
1. 46 993
1. 47 326
1. 48 56
1. 49 326
1. 50 999
1. 51 115
1. 52 495
1. 53 97
1. 54 25
1. 55 18
1. 56 499
1. 57 245
1. 58 328
1. 59 58
1. 60 325
1. 61 84
1. 62 16
1. 63 39
1. 64 28
1. 65 50
1. 66 158
1. 67 996
1. 68 95
1. 69 74
1. 70 24
1. 71 138
1. 72 196
1. 73 13
1. 74 75
1. 75 491
1. 76 41
1. 77 492
1. 78 996
1. 79 3
1. 80 15
1. 81 49
1. 82 199
1. 83 496
1. 84 33
1. 85 24
1. 86 32
1. 87 50
1. 88 16
1. 89 998
1. 90 997
1. 91 28
1. 92 105
1. 93 332
1. 94 498
1. 95 991
1. 96 246
1. 97 28
1. 98 94
1. 99 82
1. 100 196
1. 101 493
1. 102 247
1. 103 197
1. 104 107
1. 105 20
1. 106 46
1. 107 240
1. 108 247
1. 109 247
1. 110 38
1. 111 495
1. 112 48
1. 113 38
1. 114 81
1. 115 54
1. 116 124
1. 117 29
1. 118 243
1. 119 48
1. 120 55
1. 121 991
1. 122 1000
1. 123 324
1. 124 91
1. 125 70
1. 126 999
1. 127 96
1. 128 996
1. 129 991
1. 130 193
1. 131 194
1. 132 196
1. 133 63
1. 134 27
1. 135 248
1. 136 498
1. 137 242
1. 138 247
1. 139 190
1. 140 56
1. 141 164
1. 142 240
1. 143 326
1. 144 59
1. 145 193
1. 146 47
1. 147 40
1. 148 96
1. 149 250
1. 150 139
1. 151 51
1. 152 75
1. 153 26
1. 154 58
1. 155 20
1. 156 194
1. 157 132
1. 158 249
1. 159 241
1. 160 115
1. 161 41
1. 162 997
1. 163 992
1. 164 110
1. 165 98
1. 166 191
1. 167 248
1. 168 50
1. 169 165
1. 170 32
1. 171 194
1. 172 73
1. 173 498
1. 174 34
1. 175 991
1. 176 72
1. 177 64
1. 178 77
1. 179 40
1. 180 490
1. 181 121
1. 182 49
1. 183 991
1. 184 494
1. 185 34
1. 186 194
1. 187 50
1. 188 493
1. 189 245
1. 190 121
1. 191 994
1. 192 327
1. 193 57
1. 194 41
1. 195 24
1. 196 323
1. 197 97
1. 198 52
1. 199 95
2. 0 22
2. 1 199
2. 2 165
2. 3 194
2. 4 134
2. 5 110
2. 6 247
2. 7 60
2. 8 994
2. 9 245
2. 10 23
2. 11 105
2. 12 89
2. 13 58
2. 14 90
2. 15 75
2. 16 329
2. 17 30
2. 18 993
2. 19 124
2. 20 60
2. 21 58
2. 22 245
2. 23 34
2. 24 246
2. 25 35
2. 26 498
2. 27 242
2. 28 27
2. 29 328
2. 30 101
2. 31 91
2. 32 324
2. 33 33
2. 34 121
2. 35 49
2. 36 331
2. 37 54
2. 38 36
2. 39 118
2. 40 94
2. 41 993
2. 42 196
2. 43 46
2. 44 996
2. 45 34
2. 46 998
2. 47 243
2. 48 240
2. 49 115
2. 50 497
2. 51 995
2. 52 86
2. 53 328
2. 54 994
2. 55 327
2. 56 324
2. 57 13
2. 58 27
2. 59 87
2. 60 23
2. 61 92
2. 62 34
2. 63 40
2. 64 89
2. 65 107
2. 66 36
2. 67 241
2. 68 139
2. 69 240
2. 70 246
2. 71 96
2. 72 106
2. 73 122
2. 74 156
2. 75 53
2. 76 87
2. 77 158
2. 78 190
2. 79 109
2. 80 494
2. 81 499
2. 82 119
2. 83 164
2. 84 197
2. 85 116
2. 86 495
2. 87 161
2. 88 21
2. 89 110
2. 90 200
2. 91 90
2. 92 62
2. 93 81
2. 94 37
2. 95 244
2. 96 40
2. 97 164
2. 98 994
2. 99 161
2. 100 990
2. 101 140
2. 102 84
2. 103 67
2. 104 104
2. 105 996
2. 106 52
2. 107 74
2. 108 244
2. 109 106
2. 110 88
2. 111 193
2. 112 498
2. 113 94
2. 114 198
2. 115 492
2. 116 496
2. 117 165
2. 118 995
2. 119 329
2. 120 29
2. 121 56
2. 122 158
2. 123 324
2. 124 196
2. 125 998
2. 126 99
2. 127 83
2. 128 40
2. 129 194
2. 130 139
2. 131 324
2. 132 138
2. 133 327
2. 134 164
2. 135 103
2. 136 56
2. 137 61
2. 138 17
2. 139 999
2. 140 493
2. 141 328
2. 142 21
2. 143 62
2. 144 42
2. 145 66
2. 146 86
2. 147 86
2. 148 135
2. 149 493
2. 150 37
2. 151 161
2. 152 28
2. 153 137
2. 154 493
2. 155 194
2. 156 323
2. 157 56
2. 158 498
2. 159 327
2. 160 490
2. 161 37
2. 162 73
2. 163 63
2. 164 162
2. 165 328
2. 166 44
2. 167 996
2. 168 60
2. 169 327
2. 170 196
2. 171 161
2. 172 43
2. 173 997
2. 174 247
2. 175 25
2. 176 86
2. 177 44
2. 178 243
2. 179 82
2. 180 132
2. 181 77
2. 182 993
2. 183 498
2. 184 331
2. 185 497
2. 186 197
2. 187 194
2. 188 332
2. 189 8
2. 190 198
2. 191 248
2. 192 164
2. 193 328
2. 194 994
2. 195 193
2. 196 328
2. 197 33
2. 198 492
2. 199 157
3. 0 164
3. 1 40
3. 2 249
3. 3 61
3. 4 100
3. 5 327
3. 6 115
3. 7 162
3. 8 25
3. 9 26
3. 10 994
3. 11 991
3. 12 122
3. 13 51
3. 14 107
3. 15 106
3. 16 133
3. 17 491
3. 18 13
3. 19 80
3. 20 62
3. 21 328
3. 22 490
3. 23 163
3. 24 495
3. 25 323
3. 26 47
3. 27 133
3. 28 160
3. 29 243
3. 30 198
3. 31 42
3. 32 326
3. 33 68
3. 34 493
3. 35 494
3. 36 38
3. 37 65
3. 38 116
3. 39 60
3. 40 40
3. 41 44
3. 42 43
3. 43 22
3. 44 106
3. 45 30
3. 46 99
3. 47 497
3. 48 33
3. 49 324
3. 50 70
3. 51 26
3. 52 162
3. 53 40
3. 54 133
3. 55 247
3. 56 27
3. 57 115
3. 58 164
3. 59 53
3. 60 330
3. 61 996
3. 62 110
3. 63 991
3. 64 997
3. 65 88
3. 66 997
3. 67 94
3. 68 80
3. 69 244
3. 70 499
3. 71 56
3. 72 57
3. 73 8
3. 74 191
3. 75 99
3. 76 23
3. 77 990
3. 78 492
3. 79 164
3. 80 999
3. 81 499
3. 82 243
3. 83 31
3. 84 132
3. 85 53
3. 86 22
3. 87 42
3. 88 492
3. 89 193
3. 90 44
3. 91 330
3. 92 326
3. 93 89
3. 94 51
3. 95 116
3. 96 991
3. 97 23
3. 98 248
3. 99 67
3. 100 195
3. 101 331
3. 102 992
3. 103 117
3. 104 74
3. 105 165
3. 106 326
3. 107 138
3. 108 164
3. 109 999
3. 110 329
3. 111 326
3. 112 45
3. 113 991
3. 114 190
3. 115 74
3. 116 92
3. 117 51
3. 118 199
3. 119 491
3. 120 329
3. 121 69
3. 122 193
3. 123 60
3. 124 196
3. 125 324
3. 126 999
3. 127 246
3. 128 323
3. 129 40
3. 130 24
3. 131 997
3. 132 59
3. 133 120
3. 134 999
3. 135 490
3. 136 32
3. 137 20
3. 138 990
3. 139 496
3. 140 498
3. 141 246
3. 142 75
3. 143 124
3. 144 38
3. 145 993
3. 146 120
3. 147 163
3. 148 47
3. 149 331
3. 150 190
3. 151 136
3. 152 198
3. 153 323
3. 154 992
3. 155 76
3. 156 993
3. 157 134
3. 158 997
3. 159 243
3. 160 137
3. 161 323
3. 162 490
3. 163 199
3. 164 243
3. 165 26
3. 166 106
3. 167 27
3. 168 330
3. 169 497
3. 170 194
3. 171 124
3. 172 41
3. 173 37
3. 174 198
3. 175 136
3. 176 21
3. 177 78
3. 178 240
3. 179 156
3. 180 76
3. 181 493
3. 182 134
3. 183 244
3. 184 992
3. 185 326
3. 186 55
3. 187 165
3. 188 497
3. 189 995
3. 190 57
3. 191 27
3. 192 115
3. 193 156
3. 194 70
3. 195 81
3. 196 104
3. 197 38
3. 198 332
3. 199 104
4. 0 49
4. 1 492
4. 2 78
4. 3 109
4. 4 110
4. 5 67
4. 6 493
4. 7 141
4. 8 163
4. 9 162
4. 10 496
4. 11 195
4. 12 993
4. 13 248
4. 14 324
4. 15 242
4. 16 495
4. 17 64
4. 18 76
4. 19 118
4. 20 17
4. 21 26
4. 22 51
4. 23 96
4. 24 137
4. 25 67
4. 26 70
4. 27 990
4. 28 55
4. 29 165
4. 30 105
4. 31 71
4. 32 195
4. 33 63
4. 34 159
4. 35 108
4. 36 41
4. 37 241
4. 38 95
4. 39 998
4. 40 990
4. 41 490
4. 42 159
4. 43 28
4. 44 160
4. 45 999
4. 46 493
4. 47 329
4. 48 18
4. 49 119
4. 50 119
4. 51 55
4. 52 244
4. 53 499
4. 54 997
4. 55 38
4. 56 67
4. 57 998
4. 58 991
4. 59 44
4. 60 117
4. 61 196
4. 62 17
4. 63 197
4. 64 31
4. 65 92
4. 66 32
4. 67 48
4. 68 84
4. 69 40
4. 70 135
4. 71 25
4. 72 4
4. 73 56
4. 74 115
4. 75 991
4. 76 140
4. 77 79
4. 78 134
4. 79 326
4. 80 117
4. 81 36
4. 82 496
4. 83 243
4. 84 326
4. 85 495
4. 86 34
4. 87 67
4. 88 498
4. 89 37
4. 90 159
4. 91 68
4. 92 41
4. 93 323
4. 94 50
4. 95 106
4. 96 498
4. 97 28
4. 98 141
4. 99 17
4. 100 245
4. 101 324
4. 102 158
4. 103 993
4. 104 25
4. 105 106
4. 106 71
4. 107 33
4. 108 102
4. 109 46
4. 110 69
4. 111 157
4. 112 33
4. 113 15
4. 114 241
4. 115 326
4. 116 132
4. 117 500
4. 118 996
4. 119 13
4. 120 329
4. 121 120
4. 122 90
4. 123 243
4. 124 330
4. 125 991
4. 126 193
4. 127 66
4. 128 55
4. 129 87
4. 130 193
4. 131 58
4. 132 72
4. 133 8
4. 134 42
4. 135 137
4. 136 22
4. 137 75
4. 138 330
4. 139 52
4. 140 193
4. 141 494
4. 142 999
4. 143 326
4. 144 45
4. 145 103
4. 146 69
4. 147 56
4. 148 990
4. 149 992
4. 150 1000
4. 151 23
4. 152 69
4. 153 27
4. 154 243
4. 155 123
4. 156 104
4. 157 81
4. 158 40
4. 159 328
4. 160 161
4. 161 191
4. 162 99
4. 163 329
4. 164 494
4. 165 165
4. 166 241
4. 167 141
4. 168 103
4. 169 31
4. 170 494
4. 171 329
4. 172 33
4. 173 68
4. 174 82
4. 175 241
4. 176 139
4. 177 495
4. 178 993
4. 179 77
4. 180 191
4. 181 89
4. 182 332
4. 183 991
4. 184 56
4. 185 62
4. 186 495
4. 187 162
4. 188 333
4. 189 62
4. 190 120
4. 191 43
4. 192 49
4. 193 195
4. 194 159
4. 195 195
4. 196 330
4. 197 123
4. 198 491
4. 199 97
5. 0 75
5. 1 63
5. 2 91
5. 3 40
5. 4 31
5. 5 141
5. 6 73
5. 7 250
5. 8 194
5. 9 64
5. 10 60
5. 11 104
5. 12 161
5. 13 992
5. 14 17
5. 15 64
5. 16 331
5. 17 241
5. 18 88
5. 19 191
5. 20 25
5. 21 162
5. 22 157
5. 23 157
5. 24 242
5. 25 77
5. 26 39
5. 27 99
5. 28 326
5. 29 34
5. 30 52
5. 31 135
5. 32 67
5. 33 195
5. 34 85
5. 35 99
5. 36 193
5. 37 34
5. 38 244
5. 39 247
5. 40 139
5. 41 248
5. 42 138
5. 43 157
5. 44 90
5. 45 240
5. 46 78
5. 47 35
5. 48 19
5. 49 122
5. 50 242
5. 51 48
5. 52 994
5. 53 88
5. 54 104
5. 55 16
5. 56 119
5. 57 21
5. 58 41
5. 59 162
5. 60 82
5. 61 45
5. 62 136
5. 63 4
5. 64 116
5. 65 121
5. 66 325
5. 67 123
5. 68 93
5. 69 195
5. 70 160
5. 71 190
5. 72 249
5. 73 241
5. 74 101
5. 75 242
5. 76 80
5. 77 992
5. 78 124
5. 79 159
5. 80 69
5. 81 495
5. 82 97
5. 83 193
5. 84 997
5. 85 34
5. 86 990
5. 87 52
5. 88 80
5. 89 95
5. 90 246
5. 91 105
5. 92 110
5. 93 159
5. 94 161
5. 95 493
5. 96 249
5. 97 50
5. 98 497
5. 99 46
5. 100 110
5. 101 66
5. 102 998
5. 103 28
5. 104 98
5. 105 27
5. 106 138
5. 107 102
5. 108 37
5. 109 70
5. 110 70
5. 111 163
5. 112 191
5. 113 105
5. 114 46
5. 115 24
5. 116 325
5. 117 95
5. 118 77
5. 119 197
5. 120 195
5. 121 75
5. 122 491
5. 123 29
5. 124 192
5. 125 249
5. 126 63
5. 127 328
5. 128 53
5. 129 123
5. 130 160
5. 131 993
5. 132 99
5. 133 97
5. 134 996
5. 135 158
5. 136 56
5. 137 328
5. 138 118
5. 139 86
5. 140 35
5. 141 241
5. 142 160
5. 143 327
5. 144 196
5. 145 46
5. 146 190
5. 147 118
5. 148 36
5. 149 81
5. 150 194
5. 151 498
5. 152 87
5. 153 41
5. 154 990
5. 155 102
5. 156 990
5. 157 37
5. 158 84
5. 159 110
5. 160 499
5. 161 134
5. 162 79
5. 163 71
5. 164 159
5. 165 192
5. 166 246
5. 167 87
5. 168 105
5. 169 110
5. 170 38
5. 171 244
5. 172 37
5. 173 108
5. 174 98
5. 175 163
5. 176 108
5. 177 59
5. 178 162
5. 179 197
5. 180 330
5. 181 69
5. 182 27
5. 183 496
5. 184 39
5. 185 100
5. 186 48
5. 187 65
5. 188 54
5. 189 327
5. 190 997
5. 191 51
5. 192 35
5. 193 198
5. 194 81
5. 195 82
5. 196 329
5. 197 24
5. 198 123
5. 199 134
6. 0 498
6. 1 190
6. 2 38
6. 3 248
6. 4 247
6. 5 45
6. 6 198
6. 7 90
6. 8 328
6. 9 64
6. 10 497
6. 11 45
6. 12 109
6. 13 493
6. 14 497
6. 15 499
6. 16 1000
6. 17 994
6. 18 491
6. 19 21
6. 20 116
6. 21 493
6. 22 996
6. 23 57
6. 24 490
6. 25 196
6. 26 990
6. 27 24
6. 28 89
6. 29 998
6. 30 132
6. 31 27
6. 32 490
6. 33 116
6. 34 124
6. 35 76
6. 36 333
6. 37 199
6. 38 95
6. 39 66
6. 40 496
6. 41 36
6. 42 63
6. 43 94
6. 44 59
6. 45 28
6. 46 107
6. 47 120
6. 48 124
6. 49 998
6. 50 110
6. 51 52
6. 52 192
6. 53 992
6. 54 158
6. 55 138
6. 56 499
6. 57 141
6. 58 137
6. 59 61
6. 60 58
6. 61 1000
6. 62 75
6. 63 163
6. 64 90
6. 65 59
6. 66 19
6. 67 51
6. 68 994
6. 69 39
6. 70 331
6. 71 49
6. 72 132
6. 73 498
6. 74 330
6. 75 161
6. 76 997
6. 77 50
6. 78 33
6. 79 105
6. 80 992
6. 81 25
6. 82 89
6. 83 491
6. 84 5
6. 85 493
6. 86 993
6. 87 17
6. 88 999
6. 89 141
6. 90 195
6. 91 163
6. 92 494
6. 93 994
6. 94 38
6. 95 249
6. 96 991
6. 97 246
6. 98 326
6. 99 996
6. 100 94
6. 101 51
6. 102 22
6. 103 325
6. 104 45
6. 105 53
6. 106 122
6. 107 327
6. 108 324
6. 109 330
6. 110 83
6. 111 49
6. 112 68
6. 113 997
6. 114 37
6. 115 18
6. 116 133
6. 117 326
6. 118 65
6. 119 75
6. 120 19
6. 121 93
6. 122 332
6. 123 117
6. 124 108
6. 125 48
6. 126 135
6. 127 328
6. 128 191
6. 129 242
6. 130 491
6. 131 35
6. 132 328
6. 133 161
6. 134 81
6. 135 246
6. 136 330
6. 137 328
6. 138 89
6. 139 327
6. 140 157
6. 141 331
6. 142 244
6. 143 998
6. 144 157
6. 145 493
6. 146 73
6. 147 121
6. 148 193
6. 149 81
6. 150 330
6. 151 492
6. 152 55
6. 153 35
6. 154 163
6. 155 51
6. 156 117
6. 157 73
6. 158 28
6. 159 990
6. 160 992
6. 161 245
6. 162 68
6. 163 242
6. 164 73
6. 165 115
6. 166 16
6. 167 82
6. 168 494
6. 169 240
6. 170 162
6. 171 73
6. 172 246
6. 173 87
6. 174 240
6. 175 494
6. 176 992
6. 177 47
6. 178 191
6. 179 328
6. 180 110
6. 181 42
6. 182 496
6. 183 998
6. 184 82
6. 185 493
6. 186 190
6. 187 240
6. 188 43
6. 189 46
6. 190 81
6. 191 42
6. 192 66
6. 193 40
6. 194 60
6. 195 331
6. 196 498
6. 197 73
6. 198 118
6. 199 246
7. 0 139
7. 1 135
7. 2 68
7. 3 323
7. 4 65
7. 5 37
7. 6 996
7. 7 246
7. 8 327
7. 9 197
7. 10 244
7. 11 115
7. 12 139
7. 13 77
7. 14 492
7. 15 159
7. 16 329
7. 17 56
7. 18 246
7. 19 998
7. 20 70
7. 21 496
7. 22 999
7. 23 48
7. 24 68
7. 25 9
7. 26 21
7. 27 52
7. 28 494
7. 29 496
7. 30 37
7. 31 996
7. 32 89
7. 33 999
7. 34 325
7. 35 105
7. 36 199
7. 37 498
7. 38 71
7. 39 61
7. 40 35
7. 41 79
7. 42 108
7. 43 243
7. 44 998
7. 45 90
7. 46 91
7. 47 248
7. 48 104
7. 49 56
7. 50 158
7. 51 249
7. 52 36
7. 53 25
7. 54 332
7. 55 246
7. 56 59
7. 57 135
7. 58 996
7. 59 161
7. 60 42
7. 61 69
7. 62 124
7. 63 496
7. 64 163
7. 65 994
7. 66 109
7. 67 104
7. 68 998
7. 69 241
7. 70 82
7. 71 992
7. 72 141
7. 73 196
7. 74 123
7. 75 120
7. 76 198
7. 77 28
7. 78 499
7. 79 32
7. 80 329
7. 81 996
7. 82 46
7. 83 73
7. 84 116
7. 85 102
7. 86 110
7. 87 20
7. 88 16
7. 89 63
7. 90 72
7. 91 80
7. 92 82
7. 93 324
7. 94 31
7. 95 999
7. 96 991
7. 97 497
7. 98 116
7. 99 190
7. 100 994
7. 101 65
7. 102 21
7. 103 35
7. 104 49
7. 105 84
7. 106 494
7. 107 250
7. 108 248
7. 109 81
7. 110 491
7. 111 54
7. 112 993
7. 113 17
7. 114 66
7. 115 42
7. 116 498
7. 117 44
7. 118 993
7. 119 119
7. 120 40
7. 121 1000
7. 122 164
7. 123 492
7. 124 109
7. 125 69
7. 126 156
7. 127 330
7. 128 497
7. 129 164
7. 130 136
7. 131 333
7. 132 197
7. 133 45
7. 134 48
7. 135 491
7. 136 493
7. 137 78
7. 138 134
7. 139 29
7. 140 40
7. 141 162
7. 142 36
7. 143 85
7. 144 109
7. 145 50
7. 146 995
7. 147 80
7. 148 76
7. 149 197
7. 150 33
7. 151 998
7. 152 132
7. 153 993
7. 154 55
7. 155 26
7. 156 35
7. 157 198
7. 158 158
7. 159 106
7. 160 40
7. 161 990
7. 162 997
7. 163 89
7. 164 21
7. 165 139
7. 166 330
7. 167 67
7. 168 323
7. 169 990
7. 170 121
7. 171 15
7. 172 59
7. 173 136
7. 174 70
7. 175 244
7. 176 120
7. 177 195
7. 178 42
7. 179 493
7. 180 76
7. 181 191
7. 182 997
7. 183 118
7. 184 329
7. 185 164
7. 186 325
7. 187 991
7. 188 135
7. 189 64
7. 190 992
7. 191 28
7. 192 60
7. 193 62
7. 194 90
7. 195 331
7. 196 77
7. 197 491
7. 198 325
7. 199 998
8. 0 326
8. 1 998
8. 2 325
8. 3 492
8. 4 25
8. 5 30
8. 6 46
8. 7 50
8. 8 331
8. 9 497
8. 10 25
8. 11 77
8. 12 7
8. 13 67
8. 14 164
8. 15 156
8. 16 33
8. 17 191
8. 18 993
8. 19 47
8. 20 123
8. 21 242
8. 22 119
8. 23 132
8. 24 64
8. 25 43
8. 26 105
8. 27 39
8. 28 102
8. 29 332
8. 30 74
8. 31 122
8. 32 85
8. 33 31
8. 34 161
8. 35 240
8. 36 40
8. 37 165
8. 38 197
8. 39 198
8. 40 240
8. 41 159
8. 42 496
8. 43 99
8. 44 25
8. 45 492
8. 46 996
8. 47 323
8. 48 19
8. 49 86
8. 50 97
8. 51 55
8. 52 74
8. 53 26
8. 54 990
8. 55 120
8. 56 197
8. 57 164
8. 58 497
8. 59 96
8. 60 495
8. 61 81
8. 62 136
8. 63 72
8. 64 96
8. 65 249
8. 66 43
8. 67 108
8. 68 136
8. 69 196
8. 70 134
8. 71 192
8. 72 27
8. 73 498
8. 74 190
8. 75 107
8. 76 248
8. 77 46
8. 78 101
8. 79 100
8. 80 500
8. 81 994
8. 82 325
8. 83 110
8. 84 490
8. 85 106
8. 86 81
8. 87 109
8. 88 249
8. 89 325
8. 90 73
8. 91 82
8. 92 199
8. 93 993
8. 94 199
8. 95 158
8. 96 110
8. 97 119
8. 98 195
8. 99 331
8. 100 990
8. 101 50
8. 102 498
8. 103 124
8. 104 74
8. 105 54
8. 106 497
8. 107 162
8. 108 495
8. 109 28
8. 110 38
8. 111 118
8. 112 137
8. 113 81
8. 114 995
8. 115 993
8. 116 158
8. 117 138
8. 118 249
8. 119 193
8. 120 995
8. 121 66
8. 122 193
8. 123 157
8. 124 66
8. 125 45
8. 126 495
8. 127 68
8. 128 190
8. 129 38
8. 130 139
8. 131 99
8. 132 158
8. 133 103
8. 134 162
8. 135 118
8. 136 97
8. 137 60
8. 138 249
8. 139 992
8. 140 242
8. 141 1000
8. 142 81
8. 143 999
8. 144 66
8. 145 117
8. 146 244
8. 147 327
8. 148 122
8. 149 49
8. 150 30
8. 151 73
8. 152 491
8. 153 993
8. 154 324
8. 155 132
8. 156 991
8. 157 997
8. 158 132
8. 159 70
8. 160 159
8. 161 990
8. 162 45
8. 163 141
8. 164 71
8. 165 992
8. 166 996
8. 167 157
8. 168 491
8. 169 20
8. 170 331
8. 171 49
8. 172 76
8. 173 111
8. 174 108
8. 175 140
8. 176 36
8. 177 249
8. 178 39
8. 179 195
8. 180 45
8. 181 190
8. 182 136
8. 183 62
8. 184 40
8. 185 23
8. 186 248
8. 187 91
8. 188 122
8. 189 245
8. 190 22
8. 191 57
8. 192 135
8. 193 84
8. 194 999
8. 195 82
8. 196 91
8. 197 162
8. 198 996
8. 199 243
9. 0 498
9. 1 493
9. 2 86
9. 3 997
9. 4 50
9. 5 118
9. 6 493
9. 7 242
9. 8 135
9. 9 248
9. 10 29
9. 11 27
9. 12 242
9. 13 85
9. 14 73
9. 15 57
9. 16 47
9. 17 991
9. 18 75
9. 19 49
9. 20 30
9. 21 997
9. 22 493
9. 23 101
9. 24 61
9. 25 68
9. 26 110
9. 27 491
9. 28 325
9. 29 117
9. 30 996
9. 31 98
9. 32 23
9. 33 101
9. 34 32
9. 35 323
9. 36 69
9. 37 73
9. 38 26
9. 39 993
9. 40 159
9. 41 121
9. 42 191
9. 43 121
9. 44 991
9. 45 57
9. 46 190
9. 47 494
9. 48 990
9. 49 139
9. 50 241
9. 51 244
9. 52 117
9. 53 193
9. 54 118
9. 55 68
9. 56 35
9. 57 330
9. 58 52
9. 59 499
9. 60 997
9. 61 45
9. 62 31
9. 63 42
9. 64 242
9. 65 243
9. 66 162
9. 67 497
9. 68 61
9. 69 107
9. 70 199
9. 71 75
9. 72 495
9. 73 65
9. 74 994
9. 75 34
9. 76 990
9. 77 66
9. 78 491
9. 79 123
9. 80 990
9. 81 491
9. 82 22
9. 83 245
9. 84 58
9. 85 491
9. 86 138
9. 87 324
9. 88 19
9. 89 99
9. 90 991
9. 91 999
9. 92 490
9. 93 96
9. 94 331
9. 95 64
9. 96 137
9. 97 994
9. 98 110
9. 99 68
9. 100 88
9. 101 490
9. 102 45
9. 103 328
9. 104 159
9. 105 191
9. 106 42
9. 107 499
9. 108 195
9. 109 36
9. 110 63
9. 111 69
9. 112 84
9. 113 118
9. 114 116
9. 115 163
9. 116 57
9. 117 78
9. 118 162
9. 119 496
9. 120 102
9. 121 328
9. 122 80
9. 123 141
9. 124 81
9. 125 78
9. 126 93
9. 127 327
9. 128 995
9. 129 192
9. 130 109
9. 131 496
9. 132 62
9. 133 198
9. 134 65
9. 135 54
9. 136 165
9. 137 192
9. 138 135
9. 139 246
9. 140 106
9. 141 90
9. 142 88
9. 143 44
9. 144 244
9. 145 23
9. 146 81
9. 147 198
9. 148 996
9. 149 246
9. 150 88
9. 151 47
9. 152 93
9. 153 7
9. 154 48
9. 155 490
9. 156 75
9. 157 86
9. 158 123
9. 159 190
9. 160 999
9. 161 492
9. 162 74
9. 163 64
9. 164 66
9. 165 84
9. 166 324
9. 167 41
9. 168 26
9. 169 99
9. 170 85
9. 171 52
9. 172 60
9. 173 65
9. 174 196
9. 175 24
9. 176 63
9. 177 161
9. 178 490
9. 179 999
9. 180 192
9. 181 76
9. 182 195
9. 183 51
9. 184 116
9. 185 136
9. 186 58
9. 187 15
9. 188 199
9. 189 58
9. 190 121
9. 191 158
9. 192 491
9. 193 248
9. 194 997
9. 195 16
9. 196 82
9. 197 323
9. 198 92
9. 199 994
/;
parameter a(i,j)/
0. 0 11
0. 1 7
0. 2 1
0. 3 9
0. 4 7
0. 5 27
0. 6 8
0. 7 15
0. 8 3
0. 9 1
0. 10 7
0. 11 5
0. 12 14
0. 13 9
0. 14 17
0. 15 2
0. 16 12
0. 17 4
0. 18 16
0. 19 5
0. 20 8
0. 21 2
0. 22 13
0. 23 8
0. 24 5
0. 25 19
0. 26 1
0. 27 3
0. 28 3
0. 29 4
0. 30 6
0. 31 1
0. 32 5
0. 33 4
0. 34 45
0. 35 11
0. 36 2
0. 37 4
0. 38 1
0. 39 10
0. 40 15
0. 41 2
0. 42 13
0. 43 11
0. 44 10
0. 45 9
0. 46 1
0. 47 1
0. 48 13
0. 49 3
0. 50 7
0. 51 5
0. 52 14
0. 53 4
0. 54 2
0. 55 27
0. 56 26
0. 57 1
0. 58 23
0. 59 5
0. 60 1
0. 61 6
0. 62 50
0. 63 8
0. 64 1
0. 65 14
0. 66 2
0. 67 6
0. 68 10
0. 69 13
0. 70 14
0. 71 14
0. 72 24
0. 73 2
0. 74 9
0. 75 3
0. 76 1
0. 77 8
0. 78 3
0. 79 7
0. 80 5
0. 81 1
0. 82 11
0. 83 3
0. 84 6
0. 85 18
0. 86 16
0. 87 7
0. 88 36
0. 89 14
0. 90 23
0. 91 6
0. 92 16
0. 93 32
0. 94 3
0. 95 17
0. 96 5
0. 97 18
0. 98 4
0. 99 14
0. 100 4
0. 101 1
0. 102 18
0. 103 6
0. 104 5
0. 105 3
0. 106 25
0. 107 9
0. 108 4
0. 109 1
0. 110 4
0. 111 2
0. 112 31
0. 113 13
0. 114 10
0. 115 3
0. 116 3
0. 117 18
0. 118 25
0. 119 7
0. 120 30
0. 121 1
0. 122 5
0. 123 5
0. 124 36
0. 125 20
0. 126 24
0. 127 8
0. 128 4
0. 129 4
0. 130 4
0. 131 15
0. 132 2
0. 133 8
0. 134 5
0. 135 1
0. 136 3
0. 137 6
0. 138 7
0. 139 4
0. 140 3
0. 141 5
0. 142 1
0. 143 9
0. 144 3
0. 145 17
0. 146 12
0. 147 2
0. 148 5
0. 149 48
0. 150 8
0. 151 7
0. 152 13
0. 153 18
0. 154 9
0. 155 6
0. 156 9
0. 157 16
0. 158 27
0. 159 8
0. 160 4
0. 161 12
0. 162 19
0. 163 13
0. 164 7
0. 165 5
0. 166 6
0. 167 3
0. 168 1
0. 169 3
0. 170 1
0. 171 3
0. 172 47
0. 173 9
0. 174 2
0. 175 14
0. 176 5
0. 177 9
0. 178 1
0. 179 22
0. 180 3
0. 181 15
0. 182 11
0. 183 2
0. 184 8
0. 185 5
0. 186 13
0. 187 1
0. 188 47
0. 189 1
0. 190 1
0. 191 17
0. 192 4
0. 193 33
0. 194 10
0. 195 1
0. 196 1
0. 197 3
0. 198 31
0. 199 13
1. 0 26
1. 1 29
1. 2 2
1. 3 4
1. 4 3
1. 5 5
1. 6 6
1. 7 13
1. 8 38
1. 9 34
1. 10 16
1. 11 6
1. 12 26
1. 13 3
1. 14 2
1. 15 5
1. 16 2
1. 17 26
1. 18 19
1. 19 18
1. 20 1
1. 21 16
1. 22 17
1. 23 7
1. 24 12
1. 25 1
1. 26 3
1. 27 7
1. 28 1
1. 29 10
1. 30 20
1. 31 8
1. 32 3
1. 33 9
1. 34 6
1. 35 17
1. 36 23
1. 37 1
1. 38 8
1. 39 18
1. 40 2
1. 41 11
1. 42 1
1. 43 1
1. 44 19
1. 45 3
1. 46 1
1. 47 3
1. 48 16
1. 49 3
1. 50 1
1. 51 8
1. 52 2
1. 53 10
1. 54 28
1. 55 42
1. 56 2
1. 57 4
1. 58 3
1. 59 15
1. 60 3
1. 61 11
1. 62 59
1. 63 21
1. 64 27
1. 65 17
1. 66 6
1. 67 1
1. 68 10
1. 69 13
1. 70 36
1. 71 7
1. 72 5
1. 73 47
1. 74 13
1. 75 2
1. 76 20
1. 77 2
1. 78 1
1. 79 91
1. 80 54
1. 81 18
1. 82 5
1. 83 2
1. 84 26
1. 85 35
1. 86 30
1. 87 19
1. 88 40
1. 89 1
1. 90 1
1. 91 28
1. 92 9
1. 93 3
1. 94 2
1. 95 1
1. 96 4
1. 97 33
1. 98 10
1. 99 12
1. 100 5
1. 101 2
1. 102 4
1. 103 5
1. 104 9
1. 105 35
1. 106 20
1. 107 4
1. 108 4
1. 109 4
1. 110 22
1. 111 2
1. 112 18
1. 113 24
1. 114 11
1. 115 16
1. 116 8
1. 117 28
1. 118 4
1. 119 18
1. 120 16
1. 121 1
1. 122 1
1. 123 3
1. 124 10
1. 125 13
1. 126 1
1. 127 10
1. 128 1
1. 129 1
1. 130 5
1. 131 5
1. 132 5
1. 133 14
1. 134 33
1. 135 4
1. 136 2
1. 137 4
1. 138 4
1. 139 5
1. 140 17
1. 141 6
1. 142 4
1. 143 3
1. 144 15
1. 145 5
1. 146 18
1. 147 21
1. 148 10
1. 149 4
1. 150 7
1. 151 19
1. 152 12
1. 153 32
1. 154 15
1. 155 37
1. 156 5
1. 157 7
1. 158 4
1. 159 4
1. 160 8
1. 161 21
1. 162 1
1. 163 1
1. 164 9
1. 165 10
1. 166 5
1. 167 4
1. 168 19
1. 169 6
1. 170 28
1. 171 5
1. 172 12
1. 173 2
1. 174 26
1. 175 1
1. 176 13
1. 177 14
1. 178 12
1. 179 23
1. 180 2
1. 181 8
1. 182 18
1. 183 1
1. 184 2
1. 185 27
1. 186 5
1. 187 18
1. 188 2
1. 189 4
1. 190 8
1. 191 1
1. 192 3
1. 193 16
1. 194 22
1. 195 35
1. 196 3
1. 197 10
1. 198 17
1. 199 10
2. 0 39
2. 1 5
2. 2 6
2. 3 5
2. 4 7
2. 5 9
2. 6 4
2. 7 16
2. 8 1
2. 9 4
2. 10 31
2. 11 9
2. 12 11
2. 13 16
2. 14 10
2. 15 12
2. 16 3
2. 17 26
2. 18 1
2. 19 8
2. 20 16
2. 21 16
2. 22 4
2. 23 23
2. 24 4
2. 25 22
2. 26 2
2. 27 4
2. 28 35
2. 29 3
2. 30 9
2. 31 10
2. 32 3
2. 33 26
2. 34 8
2. 35 19
2. 36 3
2. 37 16
2. 38 27
2. 39 8
2. 40 10
2. 41 1
2. 42 5
2. 43 19
2. 44 1
2. 45 26
2. 46 1
2. 47 4
2. 48 4
2. 49 8
2. 50 2
2. 51 1
2. 52 11
2. 53 3
2. 54 1
2. 55 3
2. 56 3
2. 57 47
2. 58 27
2. 59 11
2. 60 32
2. 61 10
2. 62 23
2. 63 24
2. 64 11
2. 65 9
2. 66 22
2. 67 4
2. 68 7
2. 69 4
2. 70 4
2. 71 10
2. 72 9
2. 73 8
2. 74 6
2. 75 16
2. 76 11
2. 77 6
2. 78 5
2. 79 9
2. 80 2
2. 81 2
2. 82 8
2. 83 6
2. 84 5
2. 85 8
2. 86 2
2. 87 6
2. 88 40
2. 89 9
2. 90 5
2. 91 11
2. 92 15
2. 93 12
2. 94 21
2. 95 4
2. 96 22
2. 97 6
2. 98 1
2. 99 6
2. 100 1
2. 101 7
2. 102 11
2. 103 13
2. 104 9
2. 105 1
2. 106 18
2. 107 12
2. 108 4
2. 109 9
2. 110 11
2. 111 5
2. 112 2
2. 113 10
2. 114 5
2. 115 2
2. 116 2
2. 117 6
2. 118 1
2. 119 3
2. 120 28
2. 121 15
2. 122 6
2. 123 3
2. 124 5
2. 125 1
2. 126 10
2. 127 11
2. 128 23
2. 129 5
2. 130 7
2. 131 3
2. 132 7
2. 133 3
2. 134 6
2. 135 9
2. 136 17
2. 137 15
2. 138 44
2. 139 1
2. 140 2
2. 141 3
2. 142 35
2. 143 15
2. 144 23
2. 145 14
2. 146 11
2. 147 11
2. 148 7
2. 149 2
2. 150 25
2. 151 6
2. 152 27
2. 153 7
2. 154 2
2. 155 5
2. 156 3
2. 157 16
2. 158 2
2. 159 3
2. 160 2
2. 161 23
2. 162 12
2. 163 14
2. 164 6
2. 165 3
2. 166 22
2. 167 1
2. 168 15
2. 169 3
2. 170 5
2. 171 6
2. 172 20
2. 173 1
2. 174 4
2. 175 35
2. 176 11
2. 177 19
2. 178 4
2. 179 12
2. 180 7
2. 181 12
2. 182 1
2. 183 2
2. 184 3
2. 185 2
2. 186 5
2. 187 5
2. 188 3
2. 189 67
2. 190 5
2. 191 4
2. 192 6
2. 193 3
2. 194 1
2. 195 5
2. 196 3
2. 197 26
2. 198 2
2. 199 6
3. 0 6
3. 1 21
3. 2 4
3. 3 16
3. 4 10
3. 5 3
3. 6 8
3. 7 6
3. 8 31
3. 9 37
3. 10 1
3. 11 1
3. 12 8
3. 13 18
3. 14 9
3. 15 9
3. 16 7
3. 17 2
3. 18 43
3. 19 12
3. 20 14
3. 21 3
3. 22 2
3. 23 6
3. 24 2
3. 25 3
3. 26 20
3. 27 7
3. 28 6
3. 29 4
3. 30 5
3. 31 23
3. 32 3
3. 33 14
3. 34 2
3. 35 2
3. 36 21
3. 37 14
3. 38 8
3. 39 16
3. 40 20
3. 41 22
3. 42 20
3. 43 38
3. 44 9
3. 45 28
3. 46 10
3. 47 2
3. 48 23
3. 49 3
3. 50 13
3. 51 28
3. 52 6
3. 53 20
3. 54 7
3. 55 4
3. 56 32
3. 57 8
3. 58 6
3. 59 17
3. 60 3
3. 61 1
3. 62 9
3. 63 1
3. 64 1
3. 65 11
3. 66 1
3. 67 10
3. 68 11
3. 69 4
3. 70 2
3. 71 17
3. 72 17
3. 73 53
3. 74 5
3. 75 10
3. 76 32
3. 77 1
3. 78 2
3. 79 6
3. 80 1
3. 81 2
3. 82 4
3. 83 30
3. 84 7
3. 85 18
3. 86 33
3. 87 20
3. 88 2
3. 89 5
3. 90 20
3. 91 3
3. 92 3
3. 93 11
3. 94 18
3. 95 8
3. 96 1
3. 97 35
3. 98 4
3. 99 14
3. 100 5
3. 101 3
3. 102 1
3. 103 8
3. 104 13
3. 105 6
3. 106 3
3. 107 7
3. 108 6
3. 109 1
3. 110 3
3. 111 3
3. 112 20
3. 113 1
3. 114 5
3. 115 13
3. 116 10
3. 117 18
3. 118 5
3. 119 2
3. 120 3
3. 121 13
3. 122 5
3. 123 16
3. 124 5
3. 125 3
3. 126 1
3. 127 4
3. 128 3
3. 129 22
3. 130 33
3. 131 1
3. 132 16
3. 133 8
3. 134 1
3. 135 2
3. 136 29
3. 137 45
3. 138 1
3. 139 2
3. 140 2
3. 141 4
3. 142 12
3. 143 8
3. 144 22
3. 145 1
3. 146 8
3. 147 6
3. 148 20
3. 149 3
3. 150 5
3. 151 7
3. 152 5
3. 153 3
3. 154 1
3. 155 12
3. 156 1
3. 157 7
3. 158 1
3. 159 4
3. 160 7
3. 161 3
3. 162 2
3. 163 5
3. 164 4
3. 165 29
3. 166 9
3. 167 29
3. 168 3
3. 169 2
3. 170 5
3. 171 8
3. 172 21
3. 173 22
3. 174 5
3. 175 7
3. 176 32
3. 177 12
3. 178 4
3. 179 6
3. 180 12
3. 181 2
3. 182 7
3. 183 4
3. 184 1
3. 185 3
3. 186 17
3. 187 6
3. 188 2
3. 189 1
3. 190 15
3. 191 29
3. 192 8
3. 193 6
3. 194 13
3. 195 11
3. 196 9
3. 197 22
3. 198 3
3. 199 9
4. 0 18
4. 1 2
4. 2 12
4. 3 9
4. 4 9
4. 5 14
4. 6 2
4. 7 7
4. 8 6
4. 9 6
4. 10 2
4. 11 5
4. 12 1
4. 13 4
4. 14 3
4. 15 4
4. 16 2
4. 17 15
4. 18 12
4. 19 8
4. 20 41
4. 21 28
4. 22 19
4. 23 10
4. 24 7
4. 25 13
4. 26 14
4. 27 1
4. 28 16
4. 29 6
4. 30 9
4. 31 13
4. 32 5
4. 33 15
4. 34 6
4. 35 9
4. 36 20
4. 37 4
4. 38 10
4. 39 1
4. 40 1
4. 41 2
4. 42 6
4. 43 27
4. 44 6
4. 45 1
4. 46 2
4. 47 3
4. 48 52
4. 49 8
4. 50 8
4. 51 17
4. 52 4
4. 53 2
4. 54 1
4. 55 24
4. 56 13
4. 57 1
4. 58 1
4. 59 22
4. 60 8
4. 61 5
4. 62 49
4. 63 5
4. 64 30
4. 65 10
4. 66 29
4. 67 18
4. 68 11
4. 69 20
4. 70 7
4. 71 31
4. 72 75
4. 73 15
4. 74 8
4. 75 1
4. 76 7
4. 77 12
4. 78 7
4. 79 3
4. 80 8
4. 81 23
4. 82 2
4. 83 4
4. 84 3
4. 85 2
4. 86 25
4. 87 13
4. 88 2
4. 89 21
4. 90 6
4. 91 14
4. 92 21
4. 93 3
4. 94 17
4. 95 9
4. 96 2
4. 97 29
4. 98 7
4. 99 40
4. 100 4
4. 101 3
4. 102 6
4. 103 1
4. 104 31
4. 105 9
4. 106 13
4. 107 28
4. 108 9
4. 109 20
4. 110 13
4. 111 6
4. 112 25
4. 113 57
4. 114 4
4. 115 3
4. 116 7
4. 117 2
4. 118 1
4. 119 53
4. 120 3
4. 121 8
4. 122 10
4. 123 4
4. 124 3
4. 125 1
4. 126 5
4. 127 13
4. 128 16
4. 129 11
4. 130 5
4. 131 16
4. 132 13
4. 133 54
4. 134 19
4. 135 7
4. 136 36
4. 137 13
4. 138 3
4. 139 18
4. 140 5
4. 141 2
4. 142 1
4. 143 3
4. 144 21
4. 145 9
4. 146 13
4. 147 16
4. 148 1
4. 149 1
4. 150 1
4. 151 40
4. 152 13
4. 153 32
4. 154 4
4. 155 8
4. 156 9
4. 157 12
4. 158 21
4. 159 3
4. 160 6
4. 161 5
4. 162 10
4. 163 3
4. 164 2
4. 165 6
4. 166 4
4. 167 7
4. 168 9
4. 169 29
4. 170 2
4. 171 3
4. 172 29
4. 173 13
4. 174 11
4. 175 4
4. 176 7
4. 177 2
4. 178 1
4. 179 12
4. 180 5
4. 181 11
4. 182 3
4. 183 1
4. 184 17
4. 185 15
4. 186 2
4. 187 6
4. 188 3
4. 189 15
4. 190 8
4. 191 20
4. 192 17
4. 193 5
4. 194 6
4. 195 5
4. 196 3
4. 197 8
4. 198 2
4. 199 10
5. 0 12
5. 1 15
5. 2 10
5. 3 21
5. 4 30
5. 5 7
5. 6 13
5. 7 4
5. 8 5
5. 9 14
5. 10 15
5. 11 9
5. 12 6
5. 13 1
5. 14 54
5. 15 15
5. 16 3
5. 17 4
5. 18 11
5. 19 5
5. 20 37
5. 21 6
5. 22 6
5. 23 6
5. 24 4
5. 25 12
5. 26 21
5. 27 10
5. 28 3
5. 29 23
5. 30 17
5. 31 7
5. 32 14
5. 33 5
5. 34 11
5. 35 10
5. 36 5
5. 37 28
5. 38 4
5. 39 4
5. 40 7
5. 41 4
5. 42 7
5. 43 6
5. 44 10
5. 45 4
5. 46 12
5. 47 24
5. 48 37
5. 49 8
5. 50 4
5. 51 17
5. 52 1
5. 53 11
5. 54 9
5. 55 46
5. 56 8
5. 57 41
5. 58 20
5. 59 6
5. 60 12
5. 61 19
5. 62 7
5. 63 81
5. 64 8
5. 65 8
5. 66 3
5. 67 8
5. 68 10
5. 69 5
5. 70 6
5. 71 5
5. 72 4
5. 73 4
5. 74 9
5. 75 4
5. 76 12
5. 77 1
5. 78 8
5. 79 6
5. 80 13
5. 81 2
5. 82 10
5. 83 5
5. 84 1
5. 85 27
5. 86 1
5. 87 18
5. 88 12
5. 89 10
5. 90 4
5. 91 9
5. 92 9
5. 93 6
5. 94 6
5. 95 2
5. 96 4
5. 97 19
5. 98 2
5. 99 19
5. 100 9
5. 101 14
5. 102 1
5. 103 27
5. 104 10
5. 105 35
5. 106 7
5. 107 9
5. 108 22
5. 109 14
5. 110 13
5. 111 6
5. 112 5
5. 113 9
5. 114 19
5. 115 29
5. 116 3
5. 117 10
5. 118 12
5. 119 5
5. 120 5
5. 121 12
5. 122 2
5. 123 29
5. 124 5
5. 125 4
5. 126 15
5. 127 3
5. 128 17
5. 129 8
5. 130 6
5. 131 1
5. 132 10
5. 133 10
5. 134 1
5. 135 6
5. 136 16
5. 137 3
5. 138 8
5. 139 11
5. 140 25
5. 141 4
5. 142 6
5. 143 3
5. 144 5
5. 145 21
5. 146 5
5. 147 8
5. 148 26
5. 149 11
5. 150 5
5. 151 2
5. 152 11
5. 153 20
5. 154 1
5. 155 9
5. 156 1
5. 157 22
5. 158 11
5. 159 9
5. 160 2
5. 161 7
5. 162 12
5. 163 13
5. 164 6
5. 165 5
5. 166 4
5. 167 11
5. 168 9
5. 169 9
5. 170 25
5. 171 4
5. 172 21
5. 173 9
5. 174 10
5. 175 6
5. 176 9
5. 177 15
5. 178 6
5. 179 5
5. 180 3
5. 181 13
5. 182 35
5. 183 2
5. 184 23
5. 185 10
5. 186 19
5. 187 15
5. 188 18
5. 189 3
5. 190 1
5. 191 19
5. 192 24
5. 193 5
5. 194 12
5. 195 12
5. 196 3
5. 197 29
5. 198 8
5. 199 7
6. 0 2
6. 1 5
6. 2 21
6. 3 4
6. 4 4
6. 5 22
6. 6 5
6. 7 10
6. 8 3
6. 9 14
6. 10 2
6. 11 21
6. 12 9
6. 13 2
6. 14 2
6. 15 2
6. 16 1
6. 17 1
6. 18 2
6. 19 35
6. 20 8
6. 21 2
6. 22 1
6. 23 17
6. 24 2
6. 25 5
6. 26 1
6. 27 37
6. 28 11
6. 29 1
6. 30 7
6. 31 31
6. 32 2
6. 33 8
6. 34 8
6. 35 13
6. 36 3
6. 37 5
6. 38 10
6. 39 13
6. 40 2
6. 41 26
6. 42 14
6. 43 10
6. 44 15
6. 45 27
6. 46 9
6. 47 8
6. 48 8
6. 49 1
6. 50 9
6. 51 17
6. 52 5
6. 53 1
6. 54 6
6. 55 7
6. 56 2
6. 57 7
6. 58 7
6. 59 15
6. 60 16
6. 61 1
6. 62 13
6. 63 6
6. 64 10
6. 65 15
6. 66 45
6. 67 17
6. 68 1
6. 69 22
6. 70 3
6. 71 18
6. 72 7
6. 73 2
6. 74 3
6. 75 6
6. 76 1
6. 77 18
6. 78 24
6. 79 9
6. 80 1
6. 81 28
6. 82 11
6. 83 2
6. 84 63
6. 85 2
6. 86 1
6. 87 37
6. 88 1
6. 89 7
6. 90 5
6. 91 6
6. 92 2
6. 93 1
6. 94 21
6. 95 4
6. 96 1
6. 97 4
6. 98 3
6. 99 1
6. 100 10
6. 101 19
6. 102 38
6. 103 3
6. 104 18
6. 105 17
6. 106 8
6. 107 3
6. 108 3
6. 109 3
6. 110 11
6. 111 17
6. 112 14
6. 113 1
6. 114 22
6. 115 46
6. 116 7
6. 117 3
6. 118 15
6. 119 12
6. 120 37
6. 121 10
6. 122 3
6. 123 8
6. 124 9
6. 125 17
6. 126 7
6. 127 3
6. 128 5
6. 129 4
6. 130 2
6. 131 25
6. 132 3
6. 133 6
6. 134 12
6. 135 4
6. 136 3
6. 137 3
6. 138 11
6. 139 3
6. 140 6
6. 141 3
6. 142 4
6. 143 1
6. 144 6
6. 145 2
6. 146 12
6. 147 8
6. 148 5
6. 149 12
6. 150 3
6. 151 2
6. 152 16
6. 153 26
6. 154 6
6. 155 19
6. 156 8
6. 157 12
6. 158 26
6. 159 1
6. 160 1
6. 161 4
6. 162 14
6. 163 4
6. 164 13
6. 165 8
6. 166 39
6. 167 12
6. 168 2
6. 169 4
6. 170 6
6. 171 12
6. 172 4
6. 173 11
6. 174 4
6. 175 2
6. 176 1
6. 177 20
6. 178 5
6. 179 3
6. 180 9
6. 181 23
6. 182 2
6. 183 1
6. 184 11
6. 185 2
6. 186 5
6. 187 4
6. 188 19
6. 189 20
6. 190 12
6. 191 20
6. 192 13
6. 193 21
6. 194 15
6. 195 3
6. 196 2
6. 197 12
6. 198 8
6. 199 4
7. 0 7
7. 1 7
7. 2 13
7. 3 3
7. 4 15
7. 5 24
7. 6 1
7. 7 4
7. 8 3
7. 9 5
7. 10 4
7. 11 8
7. 12 7
7. 13 12
7. 14 2
7. 15 6
7. 16 3
7. 17 15
7. 18 4
7. 19 1
7. 20 14
7. 21 2
7. 22 1
7. 23 17
7. 24 14
7. 25 57
7. 26 39
7. 27 18
7. 28 2
7. 29 2
7. 30 21
7. 31 1
7. 32 11
7. 33 1
7. 34 3
7. 35 9
7. 36 5
7. 37 2
7. 38 13
7. 39 15
7. 40 25
7. 41 12
7. 42 9
7. 43 4
7. 44 1
7. 45 10
7. 46 10
7. 47 4
7. 48 9
7. 49 16
7. 50 6
7. 51 4
7. 52 26
7. 53 32
7. 54 3
7. 55 4
7. 56 16
7. 57 7
7. 58 1
7. 59 6
7. 60 20
7. 61 14
7. 62 8
7. 63 2
7. 64 6
7. 65 1
7. 66 9
7. 67 9
7. 68 1
7. 69 4
7. 70 11
7. 71 1
7. 72 7
7. 73 5
7. 74 8
7. 75 8
7. 76 5
7. 77 33
7. 78 2
7. 79 24
7. 80 3
7. 81 1
7. 82 20
7. 83 12
7. 84 8
7. 85 9
7. 86 9
7. 87 35
7. 88 40
7. 89 15
7. 90 13
7. 91 11
7. 92 12
7. 93 3
7. 94 27
7. 95 1
7. 96 1
7. 97 2
7. 98 8
7. 99 5
7. 100 1
7. 101 15
7. 102 43
7. 103 23
7. 104 17
7. 105 11
7. 106 2
7. 107 4
7. 108 4
7. 109 12
7. 110 2
7. 111 17
7. 112 1
7. 113 49
7. 114 14
7. 115 19
7. 116 2
7. 117 21
7. 118 1
7. 119 8
7. 120 21
7. 121 1
7. 122 6
7. 123 2
7. 124 9
7. 125 14
7. 126 6
7. 127 3
7. 128 2
7. 129 6
7. 130 7
7. 131 3
7. 132 5
7. 133 20
7. 134 19
7. 135 2
7. 136 2
7. 137 12
7. 138 7
7. 139 27
7. 140 21
7. 141 6
7. 142 22
7. 143 11
7. 144 9
7. 145 17
7. 146 1
7. 147 11
7. 148 12
7. 149 5
7. 150 24
7. 151 1
7. 152 7
7. 153 1
7. 154 16
7. 155 28
7. 156 25
7. 157 5
7. 158 6
7. 159 9
7. 160 21
7. 161 1
7. 162 1
7. 163 11
7. 164 37
7. 165 7
7. 166 3
7. 167 14
7. 168 3
7. 169 1
7. 170 8
7. 171 39
7. 172 15
7. 173 7
7. 174 13
7. 175 4
7. 176 8
7. 177 5
7. 178 20
7. 179 2
7. 180 12
7. 181 5
7. 182 1
7. 183 8
7. 184 3
7. 185 6
7. 186 3
7. 187 1
7. 188 7
7. 189 15
7. 190 1
7. 191 26
7. 192 15
7. 193 15
7. 194 10
7. 195 3
7. 196 12
7. 197 2
7. 198 3
7. 199 1
8. 0 3
8. 1 1
8. 2 3
8. 3 2
8. 4 28
8. 5 27
8. 6 18
8. 7 17
8. 8 3
8. 9 2
8. 10 29
8. 11 12
8. 12 58
8. 13 13
8. 14 6
8. 15 6
8. 16 28
8. 17 5
8. 18 1
8. 19 20
8. 20 8
8. 21 4
8. 22 8
8. 23 7
8. 24 15
8. 25 20
8. 26 9
8. 27 23
8. 28 9
8. 29 3
8. 30 12
8. 31 8
8. 32 11
8. 33 26
8. 34 6
8. 35 4
8. 36 21
8. 37 6
8. 38 5
8. 39 5
8. 40 4
8. 41 6
8. 42 2
8. 43 10
8. 44 29
8. 45 2
8. 46 1
8. 47 3
8. 48 45
8. 49 11
8. 50 10
8. 51 17
8. 52 13
8. 53 35
8. 54 1
8. 55 8
8. 56 5
8. 57 6
8. 58 2
8. 59 10
8. 60 2
8. 61 11
8. 62 7
8. 63 13
8. 64 10
8. 65 4
8. 66 22
8. 67 9
8. 68 7
8. 69 5
8. 70 7
8. 71 5
8. 72 28
8. 73 2
8. 74 5
8. 75 9
8. 76 4
8. 77 20
8. 78 9
8. 79 10
8. 80 2
8. 81 1
8. 82 3
8. 83 9
8. 84 2
8. 85 9
8. 86 11
8. 87 9
8. 88 4
8. 89 3
8. 90 13
8. 91 11
8. 92 5
8. 93 1
8. 94 5
8. 95 6
8. 96 9
8. 97 8
8. 98 5
8. 99 3
8. 100 1
8. 101 18
8. 102 2
8. 103 8
8. 104 13
8. 105 16
8. 106 2
8. 107 6
8. 108 2
8. 109 28
8. 110 24
8. 111 8
8. 112 7
8. 113 11
8. 114 1
8. 115 1
8. 116 6
8. 117 7
8. 118 4
8. 119 5
8. 120 1
8. 121 14
8. 122 5
8. 123 6
8. 124 13
8. 125 21
8. 126 2
8. 127 13
8. 128 5
8. 129 22
8. 130 7
8. 131 10
8. 132 6
8. 133 9
8. 134 6
8. 135 8
8. 136 10
8. 137 15
8. 138 4
8. 139 1
8. 140 4
8. 141 1
8. 142 12
8. 143 1
8. 144 13
8. 145 8
8. 146 4
8. 147 3
8. 148 8
8. 149 17
8. 150 27
8. 151 13
8. 152 2
8. 153 1
8. 154 3
8. 155 7
8. 156 1
8. 157 1
8. 158 7
8. 159 13
8. 160 6
8. 161 1
8. 162 21
8. 163 7
8. 164 13
8. 165 1
8. 166 1
8. 167 6
8. 168 2
8. 169 43
8. 170 3
8. 171 19
8. 172 12
8. 173 9
8. 174 9
8. 175 7
8. 176 22
8. 177 4
8. 178 23
8. 179 5
8. 180 19
8. 181 5
8. 182 7
8. 183 15
8. 184 23
8. 185 39
8. 186 4
8. 187 10
8. 188 8
8. 189 4
8. 190 31
8. 191 17
8. 192 7
8. 193 11
8. 194 1
8. 195 12
8. 196 10
8. 197 6
8. 198 1
8. 199 4
9. 0 2
9. 1 2
9. 2 11
9. 3 1
9. 4 19
9. 5 8
9. 6 2
9. 7 4
9. 8 7
9. 9 4
9. 10 30
9. 11 29
9. 12 4
9. 13 11
9. 14 12
9. 15 15
9. 16 20
9. 17 1
9. 18 13
9. 19 18
9. 20 32
9. 21 1
9. 22 2
9. 23 9
9. 24 14
9. 25 13
9. 26 9
9. 27 2
9. 28 3
9. 29 8
9. 30 1
9. 31 10
9. 32 30
9. 33 9
9. 34 24
9. 35 3
9. 36 14
9. 37 13
9. 38 29
9. 39 1
9. 40 6
9. 41 8
9. 42 5
9. 43 8
9. 44 1
9. 45 17
9. 46 5
9. 47 2
9. 48 1
9. 49 7
9. 50 4
9. 51 4
9. 52 8
9. 53 5
9. 54 8
9. 55 13
9. 56 22
9. 57 3
9. 58 16
9. 59 2
9. 60 1
9. 61 20
9. 62 27
9. 63 19
9. 64 4
9. 65 4
9. 66 6
9. 67 2
9. 68 14
9. 69 9
9. 70 5
9. 71 13
9. 72 2
9. 73 14
9. 74 1
9. 75 25
9. 76 1
9. 77 13
9. 78 2
9. 79 8
9. 80 1
9. 81 2
9. 82 39
9. 83 4
9. 84 16
9. 85 2
9. 86 7
9. 87 3
9. 88 38
9. 89 10
9. 90 1
9. 91 1
9. 92 2
9. 93 10
9. 94 3
9. 95 14
9. 96 7
9. 97 1
9. 98 9
9. 99 14
9. 100 11
9. 101 2
9. 102 21
9. 103 3
9. 104 6
9. 105 5
9. 106 19
9. 107 2
9. 108 5
9. 109 23
9. 110 14
9. 111 14
9. 112 11
9. 113 8
9. 114 8
9. 115 6
9. 116 16
9. 117 12
9. 118 6
9. 119 2
9. 120 9
9. 121 3
9. 122 11
9. 123 7
9. 124 12
9. 125 12
9. 126 10
9. 127 3
9. 128 1
9. 129 5
9. 130 9
9. 131 2
9. 132 15
9. 133 5
9. 134 14
9. 135 16
9. 136 6
9. 137 5
9. 138 7
9. 139 4
9. 140 9
9. 141 10
9. 142 11
9. 143 19
9. 144 4
9. 145 41
9. 146 12
9. 147 5
9. 148 1
9. 149 4
9. 150 11
9. 151 20
9. 152 10
9. 153 57
9. 154 19
9. 155 2
9. 156 12
9. 157 11
9. 158 8
9. 159 5
9. 160 1
9. 161 2
9. 162 12
9. 163 15
9. 164 14
9. 165 11
9. 166 3
9. 167 20
9. 168 37
9. 169 10
9. 170 11
9. 171 16
9. 172 15
9. 173 15
9. 174 5
9. 175 39
9. 176 15
9. 177 6
9. 178 2
9. 179 1
9. 180 5
9. 181 12
9. 182 5
9. 183 18
9. 184 8
9. 185 7
9. 186 16
9. 187 45
9. 188 5
9. 189 15
9. 190 8
9. 191 6
9. 192 2
9. 193 4
9. 194 1
9. 195 38
9. 196 12
9. 197 3
9. 198 10
9. 199 1
/;
parameter b(i)/
0 159
1 194
2 163
3 164
4 182
5 180
6 158
7 164
8 156
9 164
/;
