set j job /0*99/;
set i machine /0*19/;
parameter c(i,j)/
0. 0 15
0. 1 15
0. 2 48
0. 3 38
0. 4 45
0. 5 16
0. 6 14
0. 7 50
0. 8 30
0. 9 35
0. 10 29
0. 11 19
0. 12 43
0. 13 33
0. 14 26
0. 15 21
0. 16 16
0. 17 29
0. 18 45
0. 19 26
0. 20 40
0. 21 19
0. 22 11
0. 23 19
0. 24 50
0. 25 16
0. 26 23
0. 27 11
0. 28 46
0. 29 29
0. 30 37
0. 31 34
0. 32 48
0. 33 14
0. 34 15
0. 35 37
0. 36 11
0. 37 39
0. 38 16
0. 39 28
0. 40 30
0. 41 43
0. 42 20
0. 43 18
0. 44 40
0. 45 28
0. 46 25
0. 47 18
0. 48 41
0. 49 33
0. 50 19
0. 51 24
0. 52 11
0. 53 11
0. 54 19
0. 55 30
0. 56 43
0. 57 20
0. 58 34
0. 59 49
0. 60 31
0. 61 25
0. 62 22
0. 63 11
0. 64 26
0. 65 11
0. 66 28
0. 67 19
0. 68 37
0. 69 32
0. 70 35
0. 71 14
0. 72 50
0. 73 41
0. 74 37
0. 75 45
0. 76 39
0. 77 15
0. 78 10
0. 79 22
0. 80 25
0. 81 26
0. 82 21
0. 83 48
0. 84 40
0. 85 31
0. 86 39
0. 87 40
0. 88 29
0. 89 17
0. 90 21
0. 91 40
0. 92 24
0. 93 20
0. 94 25
0. 95 27
0. 96 32
0. 97 47
0. 98 44
0. 99 35
1. 0 27
1. 1 45
1. 2 27
1. 3 28
1. 4 42
1. 5 42
1. 6 46
1. 7 27
1. 8 31
1. 9 49
1. 10 45
1. 11 47
1. 12 23
1. 13 22
1. 14 15
1. 15 12
1. 16 31
1. 17 11
1. 18 25
1. 19 45
1. 20 35
1. 21 14
1. 22 18
1. 23 41
1. 24 37
1. 25 11
1. 26 46
1. 27 14
1. 28 14
1. 29 29
1. 30 33
1. 31 26
1. 32 49
1. 33 11
1. 34 26
1. 35 46
1. 36 25
1. 37 46
1. 38 27
1. 39 29
1. 40 10
1. 41 33
1. 42 21
1. 43 22
1. 44 35
1. 45 26
1. 46 19
1. 47 14
1. 48 14
1. 49 13
1. 50 46
1. 51 41
1. 52 29
1. 53 46
1. 54 33
1. 55 48
1. 56 45
1. 57 50
1. 58 35
1. 59 23
1. 60 22
1. 61 15
1. 62 22
1. 63 40
1. 64 14
1. 65 39
1. 66 17
1. 67 42
1. 68 41
1. 69 43
1. 70 13
1. 71 15
1. 72 15
1. 73 41
1. 74 32
1. 75 39
1. 76 41
1. 77 30
1. 78 26
1. 79 48
1. 80 25
1. 81 27
1. 82 46
1. 83 23
1. 84 46
1. 85 16
1. 86 46
1. 87 32
1. 88 30
1. 89 29
1. 90 19
1. 91 23
1. 92 11
1. 93 13
1. 94 10
1. 95 17
1. 96 42
1. 97 40
1. 98 21
1. 99 32
2. 0 34
2. 1 13
2. 2 13
2. 3 49
2. 4 49
2. 5 31
2. 6 39
2. 7 26
2. 8 49
2. 9 13
2. 10 42
2. 11 43
2. 12 20
2. 13 50
2. 14 40
2. 15 25
2. 16 20
2. 17 20
2. 18 11
2. 19 26
2. 20 14
2. 21 16
2. 22 19
2. 23 22
2. 24 38
2. 25 17
2. 26 11
2. 27 42
2. 28 49
2. 29 17
2. 30 11
2. 31 27
2. 32 14
2. 33 43
2. 34 49
2. 35 10
2. 36 35
2. 37 16
2. 38 38
2. 39 31
2. 40 48
2. 41 27
2. 42 47
2. 43 33
2. 44 43
2. 45 48
2. 46 39
2. 47 40
2. 48 36
2. 49 18
2. 50 17
2. 51 43
2. 52 27
2. 53 45
2. 54 50
2. 55 27
2. 56 25
2. 57 12
2. 58 10
2. 59 12
2. 60 40
2. 61 22
2. 62 34
2. 63 41
2. 64 14
2. 65 50
2. 66 34
2. 67 40
2. 68 23
2. 69 12
2. 70 22
2. 71 20
2. 72 12
2. 73 29
2. 74 33
2. 75 27
2. 76 17
2. 77 38
2. 78 48
2. 79 17
2. 80 37
2. 81 42
2. 82 47
2. 83 29
2. 84 19
2. 85 39
2. 86 35
2. 87 45
2. 88 39
2. 89 10
2. 90 50
2. 91 49
2. 92 22
2. 93 37
2. 94 10
2. 95 42
2. 96 50
2. 97 16
2. 98 18
2. 99 17
3. 0 29
3. 1 49
3. 2 13
3. 3 39
3. 4 19
3. 5 47
3. 6 50
3. 7 13
3. 8 33
3. 9 45
3. 10 24
3. 11 27
3. 12 30
3. 13 29
3. 14 14
3. 15 34
3. 16 25
3. 17 50
3. 18 20
3. 19 38
3. 20 48
3. 21 14
3. 22 21
3. 23 50
3. 24 48
3. 25 48
3. 26 16
3. 27 41
3. 28 42
3. 29 39
3. 30 24
3. 31 41
3. 32 27
3. 33 41
3. 34 32
3. 35 50
3. 36 50
3. 37 15
3. 38 38
3. 39 40
3. 40 23
3. 41 21
3. 42 38
3. 43 18
3. 44 49
3. 45 29
3. 46 10
3. 47 46
3. 48 44
3. 49 16
3. 50 37
3. 51 10
3. 52 44
3. 53 12
3. 54 35
3. 55 11
3. 56 50
3. 57 12
3. 58 39
3. 59 44
3. 60 13
3. 61 38
3. 62 49
3. 63 25
3. 64 40
3. 65 33
3. 66 49
3. 67 16
3. 68 29
3. 69 21
3. 70 31
3. 71 12
3. 72 44
3. 73 50
3. 74 37
3. 75 18
3. 76 29
3. 77 38
3. 78 18
3. 79 30
3. 80 38
3. 81 50
3. 82 37
3. 83 44
3. 84 46
3. 85 26
3. 86 12
3. 87 29
3. 88 47
3. 89 19
3. 90 20
3. 91 19
3. 92 13
3. 93 46
3. 94 21
3. 95 26
3. 96 10
3. 97 40
3. 98 29
3. 99 20
4. 0 26
4. 1 16
4. 2 38
4. 3 17
4. 4 36
4. 5 21
4. 6 39
4. 7 12
4. 8 50
4. 9 42
4. 10 35
4. 11 50
4. 12 14
4. 13 27
4. 14 41
4. 15 20
4. 16 13
4. 17 21
4. 18 49
4. 19 18
4. 20 21
4. 21 42
4. 22 17
4. 23 11
4. 24 34
4. 25 43
4. 26 47
4. 27 39
4. 28 48
4. 29 43
4. 30 12
4. 31 21
4. 32 13
4. 33 23
4. 34 43
4. 35 36
4. 36 23
4. 37 34
4. 38 16
4. 39 26
4. 40 14
4. 41 15
4. 42 31
4. 43 30
4. 44 23
4. 45 36
4. 46 25
4. 47 17
4. 48 10
4. 49 35
4. 50 12
4. 51 30
4. 52 41
4. 53 25
4. 54 40
4. 55 24
4. 56 49
4. 57 37
4. 58 42
4. 59 35
4. 60 23
4. 61 33
4. 62 33
4. 63 17
4. 64 26
4. 65 12
4. 66 40
4. 67 32
4. 68 34
4. 69 37
4. 70 16
4. 71 43
4. 72 10
4. 73 42
4. 74 31
4. 75 32
4. 76 37
4. 77 10
4. 78 41
4. 79 35
4. 80 47
4. 81 12
4. 82 28
4. 83 18
4. 84 13
4. 85 41
4. 86 10
4. 87 22
4. 88 16
4. 89 25
4. 90 18
4. 91 46
4. 92 13
4. 93 10
4. 94 37
4. 95 48
4. 96 45
4. 97 25
4. 98 40
4. 99 27
5. 0 20
5. 1 28
5. 2 40
5. 3 44
5. 4 30
5. 5 32
5. 6 33
5. 7 17
5. 8 35
5. 9 15
5. 10 10
5. 11 29
5. 12 32
5. 13 49
5. 14 31
5. 15 32
5. 16 14
5. 17 10
5. 18 47
5. 19 46
5. 20 42
5. 21 35
5. 22 42
5. 23 43
5. 24 17
5. 25 24
5. 26 45
5. 27 27
5. 28 34
5. 29 48
5. 30 26
5. 31 19
5. 32 16
5. 33 12
5. 34 40
5. 35 11
5. 36 45
5. 37 48
5. 38 50
5. 39 46
5. 40 38
5. 41 45
5. 42 12
5. 43 35
5. 44 23
5. 45 25
5. 46 12
5. 47 21
5. 48 39
5. 49 25
5. 50 20
5. 51 14
5. 52 50
5. 53 41
5. 54 31
5. 55 13
5. 56 38
5. 57 10
5. 58 31
5. 59 31
5. 60 19
5. 61 19
5. 62 36
5. 63 30
5. 64 22
5. 65 44
5. 66 45
5. 67 45
5. 68 15
5. 69 17
5. 70 26
5. 71 34
5. 72 31
5. 73 18
5. 74 37
5. 75 49
5. 76 19
5. 77 14
5. 78 16
5. 79 34
5. 80 50
5. 81 22
5. 82 35
5. 83 49
5. 84 31
5. 85 47
5. 86 38
5. 87 47
5. 88 43
5. 89 37
5. 90 44
5. 91 13
5. 92 13
5. 93 24
5. 94 41
5. 95 14
5. 96 41
5. 97 26
5. 98 36
5. 99 43
6. 0 44
6. 1 19
6. 2 44
6. 3 40
6. 4 43
6. 5 27
6. 6 31
6. 7 21
6. 8 43
6. 9 37
6. 10 21
6. 11 16
6. 12 10
6. 13 30
6. 14 29
6. 15 26
6. 16 40
6. 17 45
6. 18 10
6. 19 48
6. 20 42
6. 21 16
6. 22 45
6. 23 48
6. 24 11
6. 25 17
6. 26 26
6. 27 29
6. 28 39
6. 29 32
6. 30 29
6. 31 21
6. 32 15
6. 33 41
6. 34 33
6. 35 20
6. 36 26
6. 37 11
6. 38 11
6. 39 26
6. 40 21
6. 41 20
6. 42 18
6. 43 15
6. 44 50
6. 45 46
6. 46 16
6. 47 24
6. 48 34
6. 49 16
6. 50 27
6. 51 23
6. 52 10
6. 53 35
6. 54 31
6. 55 44
6. 56 31
6. 57 23
6. 58 29
6. 59 29
6. 60 26
6. 61 21
6. 62 33
6. 63 39
6. 64 40
6. 65 17
6. 66 23
6. 67 29
6. 68 16
6. 69 39
6. 70 32
6. 71 13
6. 72 25
6. 73 44
6. 74 12
6. 75 13
6. 76 21
6. 77 34
6. 78 41
6. 79 36
6. 80 34
6. 81 10
6. 82 23
6. 83 36
6. 84 47
6. 85 22
6. 86 30
6. 87 33
6. 88 35
6. 89 12
6. 90 22
6. 91 29
6. 92 17
6. 93 44
6. 94 10
6. 95 27
6. 96 10
6. 97 33
6. 98 14
6. 99 19
7. 0 15
7. 1 25
7. 2 18
7. 3 13
7. 4 28
7. 5 12
7. 6 24
7. 7 14
7. 8 19
7. 9 48
7. 10 23
7. 11 18
7. 12 47
7. 13 28
7. 14 25
7. 15 49
7. 16 11
7. 17 42
7. 18 25
7. 19 43
7. 20 50
7. 21 28
7. 22 33
7. 23 20
7. 24 30
7. 25 38
7. 26 39
7. 27 43
7. 28 45
7. 29 42
7. 30 20
7. 31 44
7. 32 27
7. 33 16
7. 34 10
7. 35 13
7. 36 30
7. 37 23
7. 38 47
7. 39 41
7. 40 25
7. 41 31
7. 42 37
7. 43 42
7. 44 20
7. 45 15
7. 46 36
7. 47 45
7. 48 12
7. 49 42
7. 50 35
7. 51 22
7. 52 45
7. 53 18
7. 54 20
7. 55 13
7. 56 47
7. 57 30
7. 58 28
7. 59 15
7. 60 43
7. 61 23
7. 62 31
7. 63 12
7. 64 16
7. 65 27
7. 66 43
7. 67 41
7. 68 10
7. 69 40
7. 70 45
7. 71 12
7. 72 21
7. 73 14
7. 74 29
7. 75 19
7. 76 48
7. 77 28
7. 78 29
7. 79 21
7. 80 38
7. 81 21
7. 82 29
7. 83 36
7. 84 14
7. 85 41
7. 86 38
7. 87 41
7. 88 11
7. 89 17
7. 90 41
7. 91 38
7. 92 10
7. 93 31
7. 94 48
7. 95 15
7. 96 38
7. 97 41
7. 98 21
7. 99 41
8. 0 16
8. 1 14
8. 2 41
8. 3 28
8. 4 35
8. 5 39
8. 6 20
8. 7 20
8. 8 45
8. 9 32
8. 10 35
8. 11 40
8. 12 41
8. 13 28
8. 14 11
8. 15 31
8. 16 16
8. 17 24
8. 18 33
8. 19 28
8. 20 35
8. 21 43
8. 22 17
8. 23 39
8. 24 14
8. 25 22
8. 26 45
8. 27 41
8. 28 24
8. 29 47
8. 30 50
8. 31 38
8. 32 36
8. 33 49
8. 34 28
8. 35 48
8. 36 18
8. 37 32
8. 38 26
8. 39 36
8. 40 32
8. 41 20
8. 42 14
8. 43 17
8. 44 18
8. 45 37
8. 46 21
8. 47 29
8. 48 10
8. 49 45
8. 50 48
8. 51 45
8. 52 29
8. 53 41
8. 54 48
8. 55 27
8. 56 29
8. 57 26
8. 58 14
8. 59 16
8. 60 36
8. 61 48
8. 62 21
8. 63 16
8. 64 44
8. 65 33
8. 66 15
8. 67 46
8. 68 45
8. 69 12
8. 70 14
8. 71 11
8. 72 14
8. 73 16
8. 74 26
8. 75 10
8. 76 11
8. 77 35
8. 78 50
8. 79 14
8. 80 23
8. 81 46
8. 82 15
8. 83 15
8. 84 31
8. 85 33
8. 86 17
8. 87 50
8. 88 49
8. 89 19
8. 90 38
8. 91 48
8. 92 15
8. 93 12
8. 94 25
8. 95 37
8. 96 36
8. 97 47
8. 98 24
8. 99 18
9. 0 34
9. 1 47
9. 2 28
9. 3 15
9. 4 19
9. 5 30
9. 6 19
9. 7 13
9. 8 25
9. 9 13
9. 10 42
9. 11 48
9. 12 22
9. 13 42
9. 14 46
9. 15 47
9. 16 41
9. 17 50
9. 18 46
9. 19 33
9. 20 13
9. 21 47
9. 22 13
9. 23 19
9. 24 28
9. 25 39
9. 26 23
9. 27 40
9. 28 33
9. 29 37
9. 30 49
9. 31 21
9. 32 28
9. 33 49
9. 34 22
9. 35 32
9. 36 17
9. 37 23
9. 38 37
9. 39 41
9. 40 27
9. 41 15
9. 42 18
9. 43 29
9. 44 41
9. 45 34
9. 46 20
9. 47 21
9. 48 22
9. 49 11
9. 50 45
9. 51 22
9. 52 47
9. 53 24
9. 54 11
9. 55 34
9. 56 24
9. 57 32
9. 58 13
9. 59 47
9. 60 39
9. 61 21
9. 62 20
9. 63 46
9. 64 32
9. 65 23
9. 66 27
9. 67 47
9. 68 45
9. 69 22
9. 70 18
9. 71 46
9. 72 29
9. 73 12
9. 74 32
9. 75 17
9. 76 14
9. 77 13
9. 78 37
9. 79 42
9. 80 24
9. 81 45
9. 82 43
9. 83 19
9. 84 15
9. 85 13
9. 86 37
9. 87 14
9. 88 38
9. 89 30
9. 90 24
9. 91 33
9. 92 43
9. 93 44
9. 94 41
9. 95 24
9. 96 17
9. 97 23
9. 98 25
9. 99 41
10. 0 40
10. 1 48
10. 2 34
10. 3 40
10. 4 47
10. 5 24
10. 6 49
10. 7 30
10. 8 23
10. 9 41
10. 10 43
10. 11 29
10. 12 18
10. 13 49
10. 14 19
10. 15 29
10. 16 10
10. 17 27
10. 18 27
10. 19 21
10. 20 27
10. 21 36
10. 22 41
10. 23 18
10. 24 15
10. 25 19
10. 26 27
10. 27 28
10. 28 36
10. 29 30
10. 30 35
10. 31 37
10. 32 47
10. 33 22
10. 34 50
10. 35 12
10. 36 20
10. 37 40
10. 38 31
10. 39 43
10. 40 10
10. 41 44
10. 42 44
10. 43 44
10. 44 19
10. 45 49
10. 46 27
10. 47 50
10. 48 27
10. 49 25
10. 50 14
10. 51 14
10. 52 33
10. 53 22
10. 54 39
10. 55 16
10. 56 32
10. 57 11
10. 58 29
10. 59 25
10. 60 26
10. 61 33
10. 62 27
10. 63 15
10. 64 50
10. 65 23
10. 66 44
10. 67 12
10. 68 12
10. 69 15
10. 70 11
10. 71 32
10. 72 25
10. 73 19
10. 74 16
10. 75 44
10. 76 46
10. 77 38
10. 78 37
10. 79 43
10. 80 43
10. 81 38
10. 82 45
10. 83 11
10. 84 21
10. 85 11
10. 86 32
10. 87 43
10. 88 34
10. 89 30
10. 90 32
10. 91 45
10. 92 49
10. 93 32
10. 94 46
10. 95 35
10. 96 20
10. 97 35
10. 98 49
10. 99 29
11. 0 10
11. 1 38
11. 2 19
11. 3 11
11. 4 16
11. 5 33
11. 6 32
11. 7 47
11. 8 43
11. 9 20
11. 10 48
11. 11 46
11. 12 20
11. 13 43
11. 14 18
11. 15 10
11. 16 39
11. 17 33
11. 18 23
11. 19 30
11. 20 22
11. 21 37
11. 22 34
11. 23 12
11. 24 49
11. 25 34
11. 26 50
11. 27 34
11. 28 33
11. 29 27
11. 30 31
11. 31 27
11. 32 45
11. 33 42
11. 34 36
11. 35 32
11. 36 41
11. 37 21
11. 38 14
11. 39 49
11. 40 35
11. 41 48
11. 42 15
11. 43 17
11. 44 25
11. 45 47
11. 46 49
11. 47 27
11. 48 20
11. 49 47
11. 50 11
11. 51 30
11. 52 24
11. 53 19
11. 54 46
11. 55 35
11. 56 13
11. 57 15
11. 58 32
11. 59 28
11. 60 25
11. 61 44
11. 62 12
11. 63 33
11. 64 30
11. 65 10
11. 66 37
11. 67 27
11. 68 16
11. 69 26
11. 70 24
11. 71 25
11. 72 13
11. 73 22
11. 74 50
11. 75 32
11. 76 27
11. 77 46
11. 78 21
11. 79 15
11. 80 21
11. 81 21
11. 82 30
11. 83 13
11. 84 11
11. 85 37
11. 86 13
11. 87 36
11. 88 17
11. 89 42
11. 90 17
11. 91 34
11. 92 38
11. 93 33
11. 94 24
11. 95 50
11. 96 45
11. 97 16
11. 98 33
11. 99 45
12. 0 46
12. 1 40
12. 2 12
12. 3 49
12. 4 13
12. 5 11
12. 6 13
12. 7 45
12. 8 19
12. 9 23
12. 10 38
12. 11 29
12. 12 22
12. 13 12
12. 14 26
12. 15 31
12. 16 17
12. 17 15
12. 18 15
12. 19 39
12. 20 14
12. 21 26
12. 22 25
12. 23 25
12. 24 17
12. 25 15
12. 26 37
12. 27 20
12. 28 50
12. 29 21
12. 30 25
12. 31 15
12. 32 15
12. 33 44
12. 34 25
12. 35 12
12. 36 31
12. 37 14
12. 38 43
12. 39 50
12. 40 19
12. 41 33
12. 42 12
12. 43 20
12. 44 47
12. 45 46
12. 46 17
12. 47 50
12. 48 20
12. 49 29
12. 50 26
12. 51 45
12. 52 46
12. 53 12
12. 54 31
12. 55 14
12. 56 11
12. 57 37
12. 58 29
12. 59 27
12. 60 12
12. 61 34
12. 62 12
12. 63 26
12. 64 35
12. 65 48
12. 66 43
12. 67 28
12. 68 29
12. 69 39
12. 70 28
12. 71 39
12. 72 28
12. 73 37
12. 74 35
12. 75 40
12. 76 42
12. 77 36
12. 78 19
12. 79 36
12. 80 21
12. 81 24
12. 82 32
12. 83 34
12. 84 34
12. 85 11
12. 86 40
12. 87 14
12. 88 13
12. 89 13
12. 90 39
12. 91 50
12. 92 20
12. 93 34
12. 94 24
12. 95 43
12. 96 37
12. 97 50
12. 98 18
12. 99 24
13. 0 12
13. 1 20
13. 2 13
13. 3 44
13. 4 30
13. 5 26
13. 6 46
13. 7 37
13. 8 40
13. 9 25
13. 10 40
13. 11 37
13. 12 48
13. 13 12
13. 14 32
13. 15 48
13. 16 27
13. 17 43
13. 18 14
13. 19 34
13. 20 40
13. 21 11
13. 22 33
13. 23 47
13. 24 49
13. 25 49
13. 26 45
13. 27 31
13. 28 21
13. 29 37
13. 30 40
13. 31 31
13. 32 31
13. 33 22
13. 34 38
13. 35 12
13. 36 34
13. 37 19
13. 38 42
13. 39 20
13. 40 35
13. 41 25
13. 42 38
13. 43 16
13. 44 26
13. 45 35
13. 46 43
13. 47 21
13. 48 36
13. 49 16
13. 50 28
13. 51 43
13. 52 11
13. 53 44
13. 54 35
13. 55 36
13. 56 34
13. 57 33
13. 58 12
13. 59 35
13. 60 47
13. 61 25
13. 62 49
13. 63 14
13. 64 16
13. 65 39
13. 66 10
13. 67 15
13. 68 31
13. 69 24
13. 70 31
13. 71 17
13. 72 26
13. 73 17
13. 74 11
13. 75 17
13. 76 33
13. 77 43
13. 78 10
13. 79 34
13. 80 36
13. 81 50
13. 82 30
13. 83 49
13. 84 31
13. 85 34
13. 86 41
13. 87 13
13. 88 36
13. 89 32
13. 90 20
13. 91 15
13. 92 40
13. 93 19
13. 94 39
13. 95 42
13. 96 26
13. 97 32
13. 98 39
13. 99 39
14. 0 38
14. 1 39
14. 2 39
14. 3 33
14. 4 17
14. 5 30
14. 6 27
14. 7 42
14. 8 43
14. 9 14
14. 10 17
14. 11 19
14. 12 44
14. 13 28
14. 14 42
14. 15 18
14. 16 27
14. 17 11
14. 18 21
14. 19 36
14. 20 40
14. 21 20
14. 22 32
14. 23 16
14. 24 29
14. 25 12
14. 26 19
14. 27 38
14. 28 42
14. 29 12
14. 30 21
14. 31 29
14. 32 14
14. 33 48
14. 34 20
14. 35 12
14. 36 13
14. 37 22
14. 38 28
14. 39 50
14. 40 16
14. 41 38
14. 42 40
14. 43 13
14. 44 44
14. 45 48
14. 46 40
14. 47 38
14. 48 32
14. 49 38
14. 50 40
14. 51 16
14. 52 33
14. 53 20
14. 54 49
14. 55 36
14. 56 26
14. 57 28
14. 58 12
14. 59 25
14. 60 45
14. 61 40
14. 62 10
14. 63 10
14. 64 23
14. 65 25
14. 66 28
14. 67 40
14. 68 25
14. 69 40
14. 70 31
14. 71 43
14. 72 18
14. 73 30
14. 74 25
14. 75 28
14. 76 21
14. 77 11
14. 78 35
14. 79 30
14. 80 19
14. 81 41
14. 82 14
14. 83 48
14. 84 49
14. 85 21
14. 86 23
14. 87 33
14. 88 28
14. 89 35
14. 90 14
14. 91 48
14. 92 25
14. 93 21
14. 94 13
14. 95 48
14. 96 32
14. 97 15
14. 98 46
14. 99 16
15. 0 27
15. 1 18
15. 2 45
15. 3 16
15. 4 17
15. 5 15
15. 6 18
15. 7 15
15. 8 46
15. 9 34
15. 10 28
15. 11 39
15. 12 29
15. 13 18
15. 14 37
15. 15 42
15. 16 43
15. 17 25
15. 18 21
15. 19 46
15. 20 13
15. 21 35
15. 22 35
15. 23 45
15. 24 14
15. 25 36
15. 26 30
15. 27 41
15. 28 31
15. 29 50
15. 30 31
15. 31 22
15. 32 35
15. 33 21
15. 34 35
15. 35 50
15. 36 45
15. 37 49
15. 38 35
15. 39 26
15. 40 30
15. 41 34
15. 42 19
15. 43 25
15. 44 44
15. 45 37
15. 46 11
15. 47 48
15. 48 13
15. 49 40
15. 50 24
15. 51 30
15. 52 28
15. 53 14
15. 54 17
15. 55 18
15. 56 48
15. 57 48
15. 58 15
15. 59 13
15. 60 36
15. 61 28
15. 62 37
15. 63 38
15. 64 31
15. 65 43
15. 66 38
15. 67 17
15. 68 35
15. 69 12
15. 70 26
15. 71 49
15. 72 13
15. 73 24
15. 74 37
15. 75 30
15. 76 30
15. 77 31
15. 78 17
15. 79 15
15. 80 44
15. 81 42
15. 82 47
15. 83 22
15. 84 18
15. 85 33
15. 86 40
15. 87 25
15. 88 44
15. 89 32
15. 90 36
15. 91 23
15. 92 44
15. 93 41
15. 94 49
15. 95 22
15. 96 42
15. 97 45
15. 98 45
15. 99 34
16. 0 30
16. 1 18
16. 2 35
16. 3 12
16. 4 36
16. 5 21
16. 6 28
16. 7 12
16. 8 18
16. 9 45
16. 10 28
16. 11 33
16. 12 22
16. 13 17
16. 14 17
16. 15 14
16. 16 35
16. 17 14
16. 18 34
16. 19 24
16. 20 46
16. 21 12
16. 22 33
16. 23 50
16. 24 38
16. 25 47
16. 26 27
16. 27 31
16. 28 13
16. 29 37
16. 30 41
16. 31 12
16. 32 10
16. 33 47
16. 34 41
16. 35 23
16. 36 21
16. 37 14
16. 38 49
16. 39 10
16. 40 23
16. 41 30
16. 42 29
16. 43 46
16. 44 40
16. 45 43
16. 46 17
16. 47 40
16. 48 34
16. 49 34
16. 50 22
16. 51 31
16. 52 20
16. 53 20
16. 54 23
16. 55 30
16. 56 24
16. 57 30
16. 58 24
16. 59 21
16. 60 20
16. 61 38
16. 62 46
16. 63 26
16. 64 24
16. 65 26
16. 66 35
16. 67 48
16. 68 20
16. 69 40
16. 70 33
16. 71 19
16. 72 41
16. 73 49
16. 74 21
16. 75 18
16. 76 29
16. 77 40
16. 78 42
16. 79 10
16. 80 33
16. 81 36
16. 82 46
16. 83 41
16. 84 17
16. 85 16
16. 86 16
16. 87 20
16. 88 31
16. 89 49
16. 90 27
16. 91 47
16. 92 19
16. 93 37
16. 94 31
16. 95 23
16. 96 21
16. 97 35
16. 98 23
16. 99 28
17. 0 43
17. 1 21
17. 2 27
17. 3 37
17. 4 13
17. 5 30
17. 6 18
17. 7 17
17. 8 49
17. 9 22
17. 10 41
17. 11 36
17. 12 35
17. 13 31
17. 14 36
17. 15 26
17. 16 12
17. 17 10
17. 18 12
17. 19 35
17. 20 33
17. 21 26
17. 22 37
17. 23 21
17. 24 49
17. 25 30
17. 26 43
17. 27 36
17. 28 17
17. 29 20
17. 30 24
17. 31 50
17. 32 27
17. 33 14
17. 34 29
17. 35 14
17. 36 26
17. 37 14
17. 38 48
17. 39 44
17. 40 42
17. 41 50
17. 42 38
17. 43 24
17. 44 26
17. 45 21
17. 46 18
17. 47 21
17. 48 23
17. 49 20
17. 50 11
17. 51 48
17. 52 27
17. 53 36
17. 54 28
17. 55 37
17. 56 34
17. 57 22
17. 58 42
17. 59 50
17. 60 49
17. 61 36
17. 62 31
17. 63 12
17. 64 31
17. 65 42
17. 66 33
17. 67 27
17. 68 28
17. 69 27
17. 70 30
17. 71 39
17. 72 33
17. 73 33
17. 74 50
17. 75 44
17. 76 16
17. 77 37
17. 78 34
17. 79 35
17. 80 30
17. 81 34
17. 82 41
17. 83 30
17. 84 34
17. 85 19
17. 86 29
17. 87 45
17. 88 22
17. 89 29
17. 90 21
17. 91 13
17. 92 18
17. 93 47
17. 94 10
17. 95 38
17. 96 40
17. 97 13
17. 98 27
17. 99 26
18. 0 33
18. 1 47
18. 2 22
18. 3 43
18. 4 12
18. 5 10
18. 6 47
18. 7 41
18. 8 40
18. 9 14
18. 10 15
18. 11 19
18. 12 19
18. 13 47
18. 14 47
18. 15 34
18. 16 17
18. 17 27
18. 18 43
18. 19 13
18. 20 24
18. 21 32
18. 22 49
18. 23 33
18. 24 12
18. 25 46
18. 26 24
18. 27 25
18. 28 40
18. 29 10
18. 30 31
18. 31 41
18. 32 36
18. 33 36
18. 34 12
18. 35 36
18. 36 13
18. 37 30
18. 38 33
18. 39 40
18. 40 33
18. 41 43
18. 42 31
18. 43 22
18. 44 19
18. 45 22
18. 46 45
18. 47 29
18. 48 48
18. 49 19
18. 50 43
18. 51 11
18. 52 15
18. 53 24
18. 54 26
18. 55 11
18. 56 18
18. 57 14
18. 58 24
18. 59 12
18. 60 21
18. 61 41
18. 62 20
18. 63 20
18. 64 18
18. 65 30
18. 66 44
18. 67 14
18. 68 33
18. 69 27
18. 70 48
18. 71 26
18. 72 38
18. 73 37
18. 74 41
18. 75 31
18. 76 24
18. 77 15
18. 78 50
18. 79 24
18. 80 15
18. 81 23
18. 82 21
18. 83 48
18. 84 15
18. 85 45
18. 86 48
18. 87 12
18. 88 10
18. 89 43
18. 90 20
18. 91 16
18. 92 21
18. 93 44
18. 94 43
18. 95 34
18. 96 23
18. 97 10
18. 98 11
18. 99 36
19. 0 31
19. 1 27
19. 2 42
19. 3 20
19. 4 39
19. 5 21
19. 6 21
19. 7 11
19. 8 31
19. 9 48
19. 10 23
19. 11 25
19. 12 37
19. 13 16
19. 14 19
19. 15 26
19. 16 46
19. 17 24
19. 18 43
19. 19 18
19. 20 25
19. 21 50
19. 22 34
19. 23 33
19. 24 36
19. 25 45
19. 26 21
19. 27 28
19. 28 39
19. 29 30
19. 30 27
19. 31 15
19. 32 12
19. 33 22
19. 34 41
19. 35 46
19. 36 45
19. 37 10
19. 38 39
19. 39 29
19. 40 38
19. 41 28
19. 42 48
19. 43 40
19. 44 12
19. 45 44
19. 46 15
19. 47 32
19. 48 12
19. 49 19
19. 50 13
19. 51 50
19. 52 44
19. 53 24
19. 54 19
19. 55 35
19. 56 29
19. 57 39
19. 58 32
19. 59 26
19. 60 37
19. 61 47
19. 62 14
19. 63 47
19. 64 26
19. 65 16
19. 66 25
19. 67 41
19. 68 49
19. 69 46
19. 70 17
19. 71 48
19. 72 11
19. 73 39
19. 74 34
19. 75 32
19. 76 24
19. 77 20
19. 78 40
19. 79 49
19. 80 27
19. 81 17
19. 82 37
19. 83 46
19. 84 29
19. 85 21
19. 86 28
19. 87 17
19. 88 47
19. 89 30
19. 90 23
19. 91 14
19. 92 12
19. 93 10
19. 94 30
19. 95 42
19. 96 43
19. 97 20
19. 98 47
19. 99 24
/;
parameter a(i,j)/
0. 0 22
0. 1 14
0. 2 15
0. 3 21
0. 4 13
0. 5 5
0. 6 16
0. 7 19
0. 8 8
0. 9 13
0. 10 19
0. 11 16
0. 12 8
0. 13 9
0. 14 15
0. 15 17
0. 16 13
0. 17 24
0. 18 15
0. 19 6
0. 20 10
0. 21 16
0. 22 11
0. 23 16
0. 24 23
0. 25 19
0. 26 24
0. 27 6
0. 28 12
0. 29 20
0. 30 13
0. 31 18
0. 32 11
0. 33 13
0. 34 7
0. 35 18
0. 36 24
0. 37 18
0. 38 19
0. 39 15
0. 40 16
0. 41 8
0. 42 11
0. 43 8
0. 44 24
0. 45 25
0. 46 14
0. 47 20
0. 48 19
0. 49 15
0. 50 21
0. 51 5
0. 52 20
0. 53 17
0. 54 21
0. 55 23
0. 56 24
0. 57 11
0. 58 18
0. 59 5
0. 60 11
0. 61 12
0. 62 12
0. 63 18
0. 64 9
0. 65 5
0. 66 20
0. 67 8
0. 68 22
0. 69 6
0. 70 15
0. 71 16
0. 72 25
0. 73 25
0. 74 23
0. 75 20
0. 76 6
0. 77 24
0. 78 21
0. 79 5
0. 80 15
0. 81 9
0. 82 18
0. 83 16
0. 84 12
0. 85 10
0. 86 23
0. 87 20
0. 88 11
0. 89 6
0. 90 14
0. 91 8
0. 92 20
0. 93 5
0. 94 21
0. 95 11
0. 96 15
0. 97 11
0. 98 22
0. 99 21
1. 0 24
1. 1 21
1. 2 17
1. 3 21
1. 4 18
1. 5 18
1. 6 17
1. 7 5
1. 8 24
1. 9 10
1. 10 10
1. 11 20
1. 12 5
1. 13 17
1. 14 20
1. 15 20
1. 16 24
1. 17 10
1. 18 9
1. 19 13
1. 20 7
1. 21 18
1. 22 5
1. 23 16
1. 24 18
1. 25 15
1. 26 6
1. 27 24
1. 28 21
1. 29 7
1. 30 9
1. 31 11
1. 32 25
1. 33 15
1. 34 18
1. 35 6
1. 36 15
1. 37 22
1. 38 25
1. 39 14
1. 40 25
1. 41 14
1. 42 17
1. 43 7
1. 44 7
1. 45 21
1. 46 25
1. 47 9
1. 48 11
1. 49 11
1. 50 12
1. 51 11
1. 52 24
1. 53 17
1. 54 19
1. 55 20
1. 56 7
1. 57 22
1. 58 8
1. 59 19
1. 60 8
1. 61 24
1. 62 25
1. 63 5
1. 64 5
1. 65 10
1. 66 25
1. 67 10
1. 68 23
1. 69 22
1. 70 23
1. 71 20
1. 72 23
1. 73 6
1. 74 10
1. 75 12
1. 76 10
1. 77 17
1. 78 20
1. 79 25
1. 80 16
1. 81 17
1. 82 16
1. 83 21
1. 84 25
1. 85 5
1. 86 24
1. 87 21
1. 88 9
1. 89 10
1. 90 6
1. 91 21
1. 92 13
1. 93 5
1. 94 19
1. 95 20
1. 96 6
1. 97 8
1. 98 24
1. 99 7
2. 0 23
2. 1 20
2. 2 15
2. 3 9
2. 4 11
2. 5 25
2. 6 18
2. 7 18
2. 8 15
2. 9 20
2. 10 18
2. 11 15
2. 12 20
2. 13 11
2. 14 5
2. 15 6
2. 16 6
2. 17 23
2. 18 18
2. 19 8
2. 20 9
2. 21 10
2. 22 15
2. 23 13
2. 24 22
2. 25 12
2. 26 8
2. 27 19
2. 28 9
2. 29 18
2. 30 16
2. 31 14
2. 32 6
2. 33 10
2. 34 12
2. 35 16
2. 36 6
2. 37 11
2. 38 23
2. 39 7
2. 40 14
2. 41 15
2. 42 21
2. 43 23
2. 44 5
2. 45 5
2. 46 22
2. 47 13
2. 48 19
2. 49 20
2. 50 25
2. 51 23
2. 52 14
2. 53 16
2. 54 7
2. 55 17
2. 56 13
2. 57 17
2. 58 17
2. 59 17
2. 60 20
2. 61 11
2. 62 21
2. 63 25
2. 64 18
2. 65 24
2. 66 13
2. 67 6
2. 68 25
2. 69 11
2. 70 5
2. 71 23
2. 72 12
2. 73 22
2. 74 14
2. 75 14
2. 76 18
2. 77 13
2. 78 21
2. 79 7
2. 80 20
2. 81 5
2. 82 17
2. 83 12
2. 84 12
2. 85 24
2. 86 11
2. 87 15
2. 88 19
2. 89 7
2. 90 14
2. 91 19
2. 92 24
2. 93 25
2. 94 14
2. 95 14
2. 96 14
2. 97 24
2. 98 23
2. 99 12
3. 0 5
3. 1 15
3. 2 24
3. 3 6
3. 4 6
3. 5 18
3. 6 12
3. 7 9
3. 8 6
3. 9 13
3. 10 18
3. 11 11
3. 12 24
3. 13 21
3. 14 13
3. 15 16
3. 16 14
3. 17 18
3. 18 14
3. 19 9
3. 20 20
3. 21 6
3. 22 19
3. 23 16
3. 24 10
3. 25 19
3. 26 8
3. 27 15
3. 28 22
3. 29 8
3. 30 12
3. 31 16
3. 32 12
3. 33 17
3. 34 12
3. 35 18
3. 36 25
3. 37 10
3. 38 16
3. 39 15
3. 40 19
3. 41 10
3. 42 24
3. 43 9
3. 44 12
3. 45 20
3. 46 17
3. 47 21
3. 48 11
3. 49 25
3. 50 17
3. 51 20
3. 52 11
3. 53 10
3. 54 15
3. 55 11
3. 56 8
3. 57 21
3. 58 13
3. 59 22
3. 60 22
3. 61 10
3. 62 20
3. 63 12
3. 64 25
3. 65 17
3. 66 22
3. 67 18
3. 68 6
3. 69 25
3. 70 13
3. 71 9
3. 72 7
3. 73 9
3. 74 6
3. 75 24
3. 76 23
3. 77 13
3. 78 21
3. 79 24
3. 80 18
3. 81 14
3. 82 22
3. 83 6
3. 84 19
3. 85 10
3. 86 13
3. 87 17
3. 88 10
3. 89 18
3. 90 16
3. 91 5
3. 92 5
3. 93 18
3. 94 11
3. 95 21
3. 96 11
3. 97 17
3. 98 21
3. 99 7
4. 0 5
4. 1 19
4. 2 18
4. 3 19
4. 4 24
4. 5 25
4. 6 10
4. 7 16
4. 8 22
4. 9 6
4. 10 24
4. 11 12
4. 12 10
4. 13 23
4. 14 23
4. 15 8
4. 16 22
4. 17 12
4. 18 12
4. 19 14
4. 20 11
4. 21 5
4. 22 18
4. 23 19
4. 24 16
4. 25 12
4. 26 19
4. 27 12
4. 28 16
4. 29 5
4. 30 14
4. 31 24
4. 32 5
4. 33 25
4. 34 13
4. 35 18
4. 36 24
4. 37 11
4. 38 18
4. 39 8
4. 40 9
4. 41 17
4. 42 12
4. 43 20
4. 44 7
4. 45 10
4. 46 15
4. 47 5
4. 48 8
4. 49 16
4. 50 17
4. 51 14
4. 52 6
4. 53 23
4. 54 22
4. 55 12
4. 56 9
4. 57 8
4. 58 22
4. 59 9
4. 60 10
4. 61 15
4. 62 25
4. 63 6
4. 64 22
4. 65 10
4. 66 6
4. 67 13
4. 68 25
4. 69 10
4. 70 6
4. 71 22
4. 72 17
4. 73 18
4. 74 17
4. 75 13
4. 76 7
4. 77 22
4. 78 8
4. 79 15
4. 80 23
4. 81 15
4. 82 19
4. 83 15
4. 84 13
4. 85 12
4. 86 22
4. 87 16
4. 88 13
4. 89 18
4. 90 5
4. 91 20
4. 92 23
4. 93 21
4. 94 9
4. 95 13
4. 96 23
4. 97 17
4. 98 12
4. 99 19
5. 0 24
5. 1 7
5. 2 13
5. 3 16
5. 4 7
5. 5 18
5. 6 20
5. 7 6
5. 8 12
5. 9 25
5. 10 10
5. 11 15
5. 12 16
5. 13 19
5. 14 16
5. 15 7
5. 16 11
5. 17 20
5. 18 14
5. 19 21
5. 20 6
5. 21 25
5. 22 24
5. 23 24
5. 24 7
5. 25 5
5. 26 25
5. 27 22
5. 28 6
5. 29 20
5. 30 14
5. 31 20
5. 32 22
5. 33 11
5. 34 9
5. 35 10
5. 36 17
5. 37 18
5. 38 5
5. 39 25
5. 40 5
5. 41 12
5. 42 25
5. 43 22
5. 44 15
5. 45 10
5. 46 15
5. 47 10
5. 48 22
5. 49 19
5. 50 8
5. 51 16
5. 52 19
5. 53 8
5. 54 16
5. 55 9
5. 56 18
5. 57 12
5. 58 24
5. 59 7
5. 60 6
5. 61 9
5. 62 20
5. 63 7
5. 64 23
5. 65 15
5. 66 5
5. 67 24
5. 68 11
5. 69 14
5. 70 6
5. 71 19
5. 72 13
5. 73 23
5. 74 12
5. 75 11
5. 76 18
5. 77 5
5. 78 8
5. 79 10
5. 80 9
5. 81 25
5. 82 12
5. 83 9
5. 84 15
5. 85 22
5. 86 9
5. 87 14
5. 88 10
5. 89 12
5. 90 16
5. 91 6
5. 92 5
5. 93 10
5. 94 5
5. 95 6
5. 96 8
5. 97 18
5. 98 5
5. 99 15
6. 0 9
6. 1 18
6. 2 5
6. 3 13
6. 4 22
6. 5 18
6. 6 10
6. 7 21
6. 8 13
6. 9 17
6. 10 14
6. 11 7
6. 12 17
6. 13 17
6. 14 11
6. 15 9
6. 16 9
6. 17 12
6. 18 16
6. 19 6
6. 20 24
6. 21 19
6. 22 5
6. 23 15
6. 24 19
6. 25 21
6. 26 15
6. 27 8
6. 28 7
6. 29 23
6. 30 14
6. 31 22
6. 32 23
6. 33 13
6. 34 7
6. 35 19
6. 36 21
6. 37 23
6. 38 15
6. 39 24
6. 40 23
6. 41 11
6. 42 20
6. 43 5
6. 44 14
6. 45 22
6. 46 6
6. 47 24
6. 48 8
6. 49 24
6. 50 18
6. 51 23
6. 52 17
6. 53 11
6. 54 19
6. 55 8
6. 56 13
6. 57 15
6. 58 17
6. 59 14
6. 60 5
6. 61 16
6. 62 11
6. 63 22
6. 64 13
6. 65 20
6. 66 6
6. 67 18
6. 68 21
6. 69 8
6. 70 17
6. 71 16
6. 72 18
6. 73 8
6. 74 18
6. 75 23
6. 76 8
6. 77 7
6. 78 15
6. 79 18
6. 80 11
6. 81 11
6. 82 21
6. 83 8
6. 84 13
6. 85 10
6. 86 13
6. 87 19
6. 88 8
6. 89 20
6. 90 7
6. 91 15
6. 92 15
6. 93 9
6. 94 12
6. 95 9
6. 96 16
6. 97 12
6. 98 24
6. 99 20
7. 0 15
7. 1 9
7. 2 25
7. 3 9
7. 4 6
7. 5 24
7. 6 8
7. 7 25
7. 8 11
7. 9 7
7. 10 13
7. 11 20
7. 12 6
7. 13 5
7. 14 20
7. 15 19
7. 16 16
7. 17 5
7. 18 6
7. 19 21
7. 20 14
7. 21 18
7. 22 10
7. 23 11
7. 24 5
7. 25 18
7. 26 12
7. 27 22
7. 28 17
7. 29 18
7. 30 6
7. 31 6
7. 32 18
7. 33 6
7. 34 24
7. 35 19
7. 36 23
7. 37 5
7. 38 18
7. 39 25
7. 40 15
7. 41 21
7. 42 13
7. 43 14
7. 44 19
7. 45 14
7. 46 17
7. 47 20
7. 48 10
7. 49 6
7. 50 13
7. 51 6
7. 52 15
7. 53 6
7. 54 17
7. 55 13
7. 56 12
7. 57 22
7. 58 20
7. 59 15
7. 60 15
7. 61 19
7. 62 9
7. 63 6
7. 64 7
7. 65 22
7. 66 16
7. 67 16
7. 68 17
7. 69 18
7. 70 21
7. 71 8
7. 72 14
7. 73 8
7. 74 23
7. 75 5
7. 76 22
7. 77 14
7. 78 18
7. 79 25
7. 80 24
7. 81 9
7. 82 23
7. 83 9
7. 84 24
7. 85 14
7. 86 23
7. 87 19
7. 88 9
7. 89 5
7. 90 25
7. 91 22
7. 92 19
7. 93 13
7. 94 14
7. 95 19
7. 96 20
7. 97 24
7. 98 21
7. 99 13
8. 0 9
8. 1 19
8. 2 17
8. 3 9
8. 4 25
8. 5 17
8. 6 9
8. 7 18
8. 8 20
8. 9 21
8. 10 19
8. 11 17
8. 12 6
8. 13 15
8. 14 23
8. 15 20
8. 16 8
8. 17 7
8. 18 12
8. 19 18
8. 20 15
8. 21 19
8. 22 9
8. 23 17
8. 24 12
8. 25 10
8. 26 8
8. 27 11
8. 28 17
8. 29 5
8. 30 14
8. 31 22
8. 32 11
8. 33 21
8. 34 14
8. 35 11
8. 36 6
8. 37 19
8. 38 14
8. 39 16
8. 40 13
8. 41 22
8. 42 21
8. 43 10
8. 44 9
8. 45 7
8. 46 18
8. 47 9
8. 48 6
8. 49 5
8. 50 17
8. 51 6
8. 52 8
8. 53 14
8. 54 16
8. 55 14
8. 56 8
8. 57 18
8. 58 7
8. 59 22
8. 60 20
8. 61 23
8. 62 8
8. 63 11
8. 64 9
8. 65 10
8. 66 6
8. 67 5
8. 68 19
8. 69 7
8. 70 18
8. 71 22
8. 72 9
8. 73 22
8. 74 13
8. 75 6
8. 76 5
8. 77 16
8. 78 10
8. 79 9
8. 80 9
8. 81 23
8. 82 13
8. 83 12
8. 84 11
8. 85 8
8. 86 22
8. 87 6
8. 88 13
8. 89 15
8. 90 12
8. 91 18
8. 92 14
8. 93 17
8. 94 14
8. 95 14
8. 96 18
8. 97 8
8. 98 15
8. 99 14
9. 0 24
9. 1 25
9. 2 16
9. 3 18
9. 4 12
9. 5 16
9. 6 10
9. 7 17
9. 8 11
9. 9 14
9. 10 17
9. 11 7
9. 12 17
9. 13 6
9. 14 7
9. 15 12
9. 16 5
9. 17 25
9. 18 22
9. 19 25
9. 20 24
9. 21 15
9. 22 14
9. 23 15
9. 24 5
9. 25 14
9. 26 17
9. 27 17
9. 28 5
9. 29 10
9. 30 8
9. 31 8
9. 32 25
9. 33 12
9. 34 23
9. 35 6
9. 36 15
9. 37 16
9. 38 16
9. 39 24
9. 40 21
9. 41 20
9. 42 13
9. 43 14
9. 44 5
9. 45 20
9. 46 9
9. 47 12
9. 48 16
9. 49 8
9. 50 8
9. 51 20
9. 52 10
9. 53 8
9. 54 6
9. 55 19
9. 56 21
9. 57 25
9. 58 21
9. 59 10
9. 60 13
9. 61 6
9. 62 21
9. 63 8
9. 64 8
9. 65 21
9. 66 6
9. 67 8
9. 68 22
9. 69 9
9. 70 18
9. 71 16
9. 72 15
9. 73 14
9. 74 11
9. 75 17
9. 76 21
9. 77 21
9. 78 19
9. 79 7
9. 80 11
9. 81 10
9. 82 9
9. 83 25
9. 84 13
9. 85 18
9. 86 12
9. 87 5
9. 88 10
9. 89 21
9. 90 6
9. 91 22
9. 92 11
9. 93 20
9. 94 15
9. 95 5
9. 96 23
9. 97 23
9. 98 17
9. 99 25
10. 0 10
10. 1 15
10. 2 12
10. 3 14
10. 4 15
10. 5 24
10. 6 20
10. 7 25
10. 8 19
10. 9 20
10. 10 21
10. 11 23
10. 12 18
10. 13 6
10. 14 10
10. 15 8
10. 16 6
10. 17 20
10. 18 23
10. 19 19
10. 20 6
10. 21 24
10. 22 10
10. 23 19
10. 24 24
10. 25 11
10. 26 19
10. 27 18
10. 28 16
10. 29 14
10. 30 16
10. 31 14
10. 32 10
10. 33 8
10. 34 23
10. 35 7
10. 36 22
10. 37 21
10. 38 25
10. 39 25
10. 40 11
10. 41 22
10. 42 7
10. 43 11
10. 44 7
10. 45 16
10. 46 13
10. 47 20
10. 48 15
10. 49 7
10. 50 11
10. 51 13
10. 52 22
10. 53 15
10. 54 6
10. 55 8
10. 56 6
10. 57 12
10. 58 8
10. 59 15
10. 60 21
10. 61 18
10. 62 25
10. 63 17
10. 64 24
10. 65 18
10. 66 18
10. 67 14
10. 68 20
10. 69 19
10. 70 7
10. 71 22
10. 72 19
10. 73 9
10. 74 16
10. 75 17
10. 76 12
10. 77 22
10. 78 19
10. 79 9
10. 80 16
10. 81 6
10. 82 24
10. 83 11
10. 84 11
10. 85 22
10. 86 6
10. 87 17
10. 88 8
10. 89 9
10. 90 5
10. 91 14
10. 92 10
10. 93 20
10. 94 22
10. 95 11
10. 96 22
10. 97 7
10. 98 16
10. 99 23
11. 0 17
11. 1 19
11. 2 7
11. 3 25
11. 4 15
11. 5 14
11. 6 15
11. 7 13
11. 8 6
11. 9 13
11. 10 22
11. 11 25
11. 12 19
11. 13 18
11. 14 9
11. 15 5
11. 16 13
11. 17 17
11. 18 18
11. 19 10
11. 20 6
11. 21 5
11. 22 20
11. 23 24
11. 24 19
11. 25 10
11. 26 21
11. 27 15
11. 28 9
11. 29 15
11. 30 19
11. 31 9
11. 32 20
11. 33 25
11. 34 23
11. 35 16
11. 36 25
11. 37 7
11. 38 15
11. 39 21
11. 40 5
11. 41 23
11. 42 16
11. 43 13
11. 44 23
11. 45 15
11. 46 25
11. 47 18
11. 48 6
11. 49 16
11. 50 5
11. 51 13
11. 52 13
11. 53 17
11. 54 7
11. 55 19
11. 56 5
11. 57 24
11. 58 13
11. 59 6
11. 60 25
11. 61 12
11. 62 18
11. 63 23
11. 64 20
11. 65 24
11. 66 25
11. 67 23
11. 68 5
11. 69 11
11. 70 18
11. 71 12
11. 72 9
11. 73 5
11. 74 10
11. 75 22
11. 76 22
11. 77 9
11. 78 13
11. 79 21
11. 80 11
11. 81 19
11. 82 11
11. 83 10
11. 84 11
11. 85 14
11. 86 12
11. 87 7
11. 88 7
11. 89 19
11. 90 7
11. 91 22
11. 92 15
11. 93 5
11. 94 11
11. 95 17
11. 96 7
11. 97 9
11. 98 24
11. 99 7
12. 0 5
12. 1 23
12. 2 7
12. 3 8
12. 4 16
12. 5 5
12. 6 12
12. 7 18
12. 8 20
12. 9 24
12. 10 7
12. 11 14
12. 12 12
12. 13 12
12. 14 12
12. 15 25
12. 16 16
12. 17 21
12. 18 23
12. 19 25
12. 20 5
12. 21 20
12. 22 9
12. 23 16
12. 24 21
12. 25 16
12. 26 21
12. 27 18
12. 28 17
12. 29 18
12. 30 7
12. 31 14
12. 32 7
12. 33 15
12. 34 20
12. 35 19
12. 36 7
12. 37 6
12. 38 5
12. 39 6
12. 40 14
12. 41 16
12. 42 23
12. 43 8
12. 44 11
12. 45 25
12. 46 5
12. 47 21
12. 48 14
12. 49 17
12. 50 16
12. 51 16
12. 52 23
12. 53 15
12. 54 20
12. 55 6
12. 56 15
12. 57 20
12. 58 20
12. 59 21
12. 60 25
12. 61 12
12. 62 19
12. 63 5
12. 64 23
12. 65 15
12. 66 13
12. 67 24
12. 68 8
12. 69 20
12. 70 10
12. 71 13
12. 72 11
12. 73 20
12. 74 5
12. 75 22
12. 76 18
12. 77 8
12. 78 22
12. 79 20
12. 80 24
12. 81 16
12. 82 17
12. 83 14
12. 84 25
12. 85 16
12. 86 19
12. 87 6
12. 88 22
12. 89 5
12. 90 25
12. 91 9
12. 92 8
12. 93 18
12. 94 19
12. 95 24
12. 96 17
12. 97 22
12. 98 15
12. 99 13
13. 0 24
13. 1 19
13. 2 24
13. 3 23
13. 4 12
13. 5 21
13. 6 5
13. 7 5
13. 8 19
13. 9 23
13. 10 11
13. 11 25
13. 12 17
13. 13 6
13. 14 15
13. 15 24
13. 16 17
13. 17 19
13. 18 22
13. 19 11
13. 20 17
13. 21 18
13. 22 21
13. 23 18
13. 24 6
13. 25 24
13. 26 25
13. 27 11
13. 28 5
13. 29 12
13. 30 20
13. 31 24
13. 32 21
13. 33 23
13. 34 21
13. 35 18
13. 36 9
13. 37 20
13. 38 22
13. 39 16
13. 40 5
13. 41 10
13. 42 19
13. 43 15
13. 44 15
13. 45 9
13. 46 8
13. 47 18
13. 48 7
13. 49 6
13. 50 22
13. 51 14
13. 52 8
13. 53 15
13. 54 20
13. 55 8
13. 56 20
13. 57 5
13. 58 11
13. 59 7
13. 60 17
13. 61 14
13. 62 8
13. 63 24
13. 64 9
13. 65 15
13. 66 11
13. 67 23
13. 68 6
13. 69 14
13. 70 20
13. 71 21
13. 72 9
13. 73 18
13. 74 8
13. 75 14
13. 76 12
13. 77 23
13. 78 21
13. 79 19
13. 80 7
13. 81 22
13. 82 6
13. 83 8
13. 84 16
13. 85 10
13. 86 21
13. 87 13
13. 88 13
13. 89 22
13. 90 9
13. 91 14
13. 92 13
13. 93 12
13. 94 8
13. 95 10
13. 96 19
13. 97 23
13. 98 25
13. 99 21
14. 0 19
14. 1 13
14. 2 10
14. 3 18
14. 4 25
14. 5 16
14. 6 19
14. 7 20
14. 8 15
14. 9 17
14. 10 24
14. 11 20
14. 12 7
14. 13 16
14. 14 25
14. 15 6
14. 16 12
14. 17 9
14. 18 7
14. 19 15
14. 20 11
14. 21 17
14. 22 7
14. 23 11
14. 24 25
14. 25 5
14. 26 15
14. 27 10
14. 28 25
14. 29 19
14. 30 25
14. 31 13
14. 32 15
14. 33 21
14. 34 13
14. 35 13
14. 36 7
14. 37 21
14. 38 7
14. 39 13
14. 40 23
14. 41 18
14. 42 15
14. 43 20
14. 44 24
14. 45 24
14. 46 19
14. 47 20
14. 48 19
14. 49 16
14. 50 14
14. 51 25
14. 52 20
14. 53 17
14. 54 11
14. 55 16
14. 56 16
14. 57 5
14. 58 8
14. 59 19
14. 60 21
14. 61 19
14. 62 13
14. 63 21
14. 64 13
14. 65 15
14. 66 14
14. 67 23
14. 68 15
14. 69 11
14. 70 6
14. 71 11
14. 72 23
14. 73 5
14. 74 20
14. 75 10
14. 76 9
14. 77 23
14. 78 8
14. 79 19
14. 80 13
14. 81 25
14. 82 19
14. 83 22
14. 84 8
14. 85 16
14. 86 21
14. 87 8
14. 88 23
14. 89 20
14. 90 19
14. 91 23
14. 92 24
14. 93 23
14. 94 9
14. 95 5
14. 96 5
14. 97 11
14. 98 25
14. 99 11
15. 0 8
15. 1 12
15. 2 7
15. 3 13
15. 4 20
15. 5 13
15. 6 9
15. 7 12
15. 8 25
15. 9 15
15. 10 11
15. 11 16
15. 12 21
15. 13 5
15. 14 7
15. 15 16
15. 16 8
15. 17 8
15. 18 16
15. 19 5
15. 20 13
15. 21 9
15. 22 20
15. 23 16
15. 24 12
15. 25 18
15. 26 8
15. 27 7
15. 28 16
15. 29 15
15. 30 5
15. 31 13
15. 32 9
15. 33 13
15. 34 18
15. 35 17
15. 36 5
15. 37 10
15. 38 24
15. 39 13
15. 40 7
15. 41 9
15. 42 21
15. 43 19
15. 44 23
15. 45 24
15. 46 13
15. 47 7
15. 48 11
15. 49 17
15. 50 13
15. 51 5
15. 52 6
15. 53 11
15. 54 14
15. 55 22
15. 56 6
15. 57 11
15. 58 23
15. 59 5
15. 60 18
15. 61 8
15. 62 23
15. 63 12
15. 64 20
15. 65 6
15. 66 21
15. 67 18
15. 68 6
15. 69 20
15. 70 6
15. 71 13
15. 72 20
15. 73 17
15. 74 8
15. 75 18
15. 76 8
15. 77 18
15. 78 16
15. 79 25
15. 80 11
15. 81 5
15. 82 24
15. 83 25
15. 84 15
15. 85 14
15. 86 10
15. 87 13
15. 88 9
15. 89 18
15. 90 22
15. 91 20
15. 92 20
15. 93 8
15. 94 9
15. 95 23
15. 96 5
15. 97 9
15. 98 17
15. 99 14
16. 0 19
16. 1 18
16. 2 12
16. 3 20
16. 4 5
16. 5 14
16. 6 22
16. 7 23
16. 8 22
16. 9 23
16. 10 23
16. 11 25
16. 12 6
16. 13 24
16. 14 17
16. 15 18
16. 16 22
16. 17 23
16. 18 5
16. 19 15
16. 20 25
16. 21 16
16. 22 11
16. 23 7
16. 24 20
16. 25 5
16. 26 5
16. 27 5
16. 28 14
16. 29 24
16. 30 5
16. 31 21
16. 32 14
16. 33 18
16. 34 18
16. 35 10
16. 36 9
16. 37 20
16. 38 25
16. 39 19
16. 40 18
16. 41 25
16. 42 5
16. 43 15
16. 44 13
16. 45 6
16. 46 20
16. 47 22
16. 48 22
16. 49 16
16. 50 21
16. 51 18
16. 52 19
16. 53 7
16. 54 14
16. 55 6
16. 56 9
16. 57 25
16. 58 18
16. 59 14
16. 60 15
16. 61 15
16. 62 20
16. 63 11
16. 64 12
16. 65 5
16. 66 12
16. 67 12
16. 68 18
16. 69 21
16. 70 19
16. 71 16
16. 72 23
16. 73 6
16. 74 6
16. 75 13
16. 76 12
16. 77 11
16. 78 15
16. 79 10
16. 80 23
16. 81 8
16. 82 7
16. 83 24
16. 84 21
16. 85 21
16. 86 10
16. 87 13
16. 88 10
16. 89 5
16. 90 20
16. 91 9
16. 92 19
16. 93 15
16. 94 12
16. 95 23
16. 96 6
16. 97 20
16. 98 6
16. 99 21
17. 0 21
17. 1 25
17. 2 23
17. 3 20
17. 4 15
17. 5 5
17. 6 12
17. 7 25
17. 8 5
17. 9 22
17. 10 23
17. 11 18
17. 12 23
17. 13 5
17. 14 21
17. 15 24
17. 16 19
17. 17 5
17. 18 17
17. 19 6
17. 20 17
17. 21 21
17. 22 14
17. 23 23
17. 24 19
17. 25 19
17. 26 10
17. 27 6
17. 28 22
17. 29 17
17. 30 21
17. 31 23
17. 32 8
17. 33 5
17. 34 11
17. 35 16
17. 36 25
17. 37 10
17. 38 17
17. 39 5
17. 40 17
17. 41 24
17. 42 20
17. 43 18
17. 44 13
17. 45 11
17. 46 25
17. 47 17
17. 48 5
17. 49 18
17. 50 7
17. 51 20
17. 52 17
17. 53 19
17. 54 6
17. 55 12
17. 56 9
17. 57 25
17. 58 21
17. 59 18
17. 60 15
17. 61 6
17. 62 23
17. 63 12
17. 64 14
17. 65 21
17. 66 17
17. 67 11
17. 68 15
17. 69 8
17. 70 22
17. 71 19
17. 72 11
17. 73 10
17. 74 21
17. 75 24
17. 76 18
17. 77 22
17. 78 8
17. 79 14
17. 80 15
17. 81 18
17. 82 12
17. 83 8
17. 84 7
17. 85 23
17. 86 11
17. 87 9
17. 88 7
17. 89 16
17. 90 5
17. 91 7
17. 92 15
17. 93 11
17. 94 5
17. 95 13
17. 96 12
17. 97 14
17. 98 8
17. 99 9
18. 0 20
18. 1 19
18. 2 15
18. 3 20
18. 4 18
18. 5 16
18. 6 14
18. 7 7
18. 8 9
18. 9 6
18. 10 11
18. 11 15
18. 12 22
18. 13 11
18. 14 18
18. 15 8
18. 16 20
18. 17 9
18. 18 11
18. 19 12
18. 20 10
18. 21 22
18. 22 23
18. 23 8
18. 24 22
18. 25 9
18. 26 9
18. 27 21
18. 28 19
18. 29 10
18. 30 12
18. 31 15
18. 32 5
18. 33 16
18. 34 10
18. 35 13
18. 36 25
18. 37 22
18. 38 10
18. 39 20
18. 40 16
18. 41 11
18. 42 15
18. 43 5
18. 44 24
18. 45 5
18. 46 10
18. 47 12
18. 48 14
18. 49 9
18. 50 14
18. 51 9
18. 52 20
18. 53 14
18. 54 9
18. 55 11
18. 56 9
18. 57 13
18. 58 23
18. 59 16
18. 60 12
18. 61 22
18. 62 9
18. 63 12
18. 64 9
18. 65 7
18. 66 9
18. 67 9
18. 68 24
18. 69 11
18. 70 11
18. 71 12
18. 72 16
18. 73 17
18. 74 12
18. 75 5
18. 76 21
18. 77 13
18. 78 9
18. 79 15
18. 80 5
18. 81 9
18. 82 14
18. 83 18
18. 84 17
18. 85 10
18. 86 17
18. 87 6
18. 88 20
18. 89 9
18. 90 19
18. 91 14
18. 92 13
18. 93 23
18. 94 21
18. 95 24
18. 96 22
18. 97 17
18. 98 22
18. 99 13
19. 0 7
19. 1 15
19. 2 20
19. 3 15
19. 4 19
19. 5 15
19. 6 19
19. 7 22
19. 8 12
19. 9 14
19. 10 13
19. 11 7
19. 12 21
19. 13 8
19. 14 14
19. 15 5
19. 16 7
19. 17 10
19. 18 16
19. 19 5
19. 20 11
19. 21 19
19. 22 19
19. 23 14
19. 24 24
19. 25 14
19. 26 22
19. 27 11
19. 28 24
19. 29 21
19. 30 23
19. 31 15
19. 32 11
19. 33 25
19. 34 13
19. 35 18
19. 36 7
19. 37 16
19. 38 22
19. 39 11
19. 40 24
19. 41 8
19. 42 17
19. 43 22
19. 44 15
19. 45 22
19. 46 23
19. 47 7
19. 48 16
19. 49 21
19. 50 13
19. 51 17
19. 52 11
19. 53 17
19. 54 12
19. 55 9
19. 56 7
19. 57 19
19. 58 7
19. 59 18
19. 60 9
19. 61 10
19. 62 14
19. 63 15
19. 64 12
19. 65 19
19. 66 6
19. 67 10
19. 68 15
19. 69 21
19. 70 10
19. 71 18
19. 72 18
19. 73 23
19. 74 12
19. 75 11
19. 76 20
19. 77 17
19. 78 15
19. 79 10
19. 80 10
19. 81 11
19. 82 12
19. 83 9
19. 84 20
19. 85 14
19. 86 13
19. 87 19
19. 88 10
19. 89 6
19. 90 6
19. 91 24
19. 92 24
19. 93 13
19. 94 25
19. 95 5
19. 96 9
19. 97 21
19. 98 12
19. 99 21
/;
parameter b(i)/
0 68
1 68
2 68
3 68
4 68
5 68
6 68
7 68
8 68
9 68
10 68
11 68
12 68
13 68
14 68
15 68
16 68
17 68
18 68
19 68
/;
