set j job /0*99/;
set i machine /0*19/;
parameter c(i,j)/
0. 0 34
0. 1 28
0. 2 28
0. 3 11
0. 4 10
0. 5 21
0. 6 36
0. 7 32
0. 8 45
0. 9 15
0. 10 19
0. 11 33
0. 12 43
0. 13 32
0. 14 35
0. 15 28
0. 16 18
0. 17 25
0. 18 21
0. 19 31
0. 20 39
0. 21 34
0. 22 35
0. 23 24
0. 24 26
0. 25 50
0. 26 32
0. 27 26
0. 28 11
0. 29 31
0. 30 28
0. 31 43
0. 32 20
0. 33 17
0. 34 33
0. 35 27
0. 36 23
0. 37 44
0. 38 25
0. 39 45
0. 40 30
0. 41 13
0. 42 17
0. 43 14
0. 44 33
0. 45 26
0. 46 25
0. 47 36
0. 48 13
0. 49 50
0. 50 32
0. 51 17
0. 52 39
0. 53 14
0. 54 49
0. 55 14
0. 56 47
0. 57 35
0. 58 34
0. 59 11
0. 60 31
0. 61 33
0. 62 19
0. 63 29
0. 64 49
0. 65 19
0. 66 41
0. 67 17
0. 68 41
0. 69 40
0. 70 23
0. 71 36
0. 72 35
0. 73 32
0. 74 18
0. 75 29
0. 76 50
0. 77 15
0. 78 24
0. 79 27
0. 80 34
0. 81 34
0. 82 24
0. 83 29
0. 84 29
0. 85 21
0. 86 34
0. 87 34
0. 88 14
0. 89 29
0. 90 40
0. 91 23
0. 92 32
0. 93 42
0. 94 11
0. 95 10
0. 96 29
0. 97 46
0. 98 28
0. 99 43
1. 0 30
1. 1 24
1. 2 30
1. 3 25
1. 4 48
1. 5 33
1. 6 35
1. 7 14
1. 8 33
1. 9 41
1. 10 43
1. 11 12
1. 12 18
1. 13 42
1. 14 34
1. 15 28
1. 16 31
1. 17 31
1. 18 40
1. 19 37
1. 20 47
1. 21 25
1. 22 22
1. 23 41
1. 24 33
1. 25 37
1. 26 48
1. 27 33
1. 28 47
1. 29 47
1. 30 13
1. 31 11
1. 32 33
1. 33 16
1. 34 28
1. 35 20
1. 36 33
1. 37 37
1. 38 41
1. 39 36
1. 40 37
1. 41 24
1. 42 36
1. 43 33
1. 44 37
1. 45 31
1. 46 23
1. 47 29
1. 48 25
1. 49 20
1. 50 25
1. 51 46
1. 52 33
1. 53 30
1. 54 40
1. 55 16
1. 56 45
1. 57 40
1. 58 34
1. 59 12
1. 60 42
1. 61 30
1. 62 21
1. 63 43
1. 64 43
1. 65 29
1. 66 26
1. 67 19
1. 68 49
1. 69 43
1. 70 16
1. 71 48
1. 72 29
1. 73 45
1. 74 21
1. 75 39
1. 76 18
1. 77 19
1. 78 38
1. 79 13
1. 80 20
1. 81 44
1. 82 47
1. 83 33
1. 84 38
1. 85 32
1. 86 32
1. 87 28
1. 88 31
1. 89 31
1. 90 21
1. 91 11
1. 92 46
1. 93 26
1. 94 37
1. 95 20
1. 96 47
1. 97 38
1. 98 14
1. 99 48
2. 0 46
2. 1 26
2. 2 25
2. 3 13
2. 4 11
2. 5 21
2. 6 41
2. 7 48
2. 8 19
2. 9 46
2. 10 47
2. 11 11
2. 12 22
2. 13 33
2. 14 28
2. 15 39
2. 16 19
2. 17 39
2. 18 25
2. 19 44
2. 20 30
2. 21 25
2. 22 43
2. 23 44
2. 24 26
2. 25 40
2. 26 13
2. 27 41
2. 28 29
2. 29 13
2. 30 50
2. 31 40
2. 32 27
2. 33 25
2. 34 12
2. 35 25
2. 36 19
2. 37 31
2. 38 42
2. 39 26
2. 40 36
2. 41 46
2. 42 21
2. 43 22
2. 44 30
2. 45 42
2. 46 38
2. 47 11
2. 48 29
2. 49 35
2. 50 48
2. 51 40
2. 52 36
2. 53 42
2. 54 38
2. 55 30
2. 56 42
2. 57 15
2. 58 23
2. 59 46
2. 60 44
2. 61 50
2. 62 48
2. 63 40
2. 64 14
2. 65 13
2. 66 50
2. 67 23
2. 68 41
2. 69 31
2. 70 33
2. 71 10
2. 72 33
2. 73 12
2. 74 18
2. 75 13
2. 76 36
2. 77 39
2. 78 44
2. 79 50
2. 80 13
2. 81 26
2. 82 50
2. 83 41
2. 84 33
2. 85 15
2. 86 46
2. 87 40
2. 88 48
2. 89 39
2. 90 25
2. 91 30
2. 92 20
2. 93 34
2. 94 34
2. 95 39
2. 96 38
2. 97 24
2. 98 50
2. 99 38
3. 0 20
3. 1 14
3. 2 48
3. 3 24
3. 4 32
3. 5 40
3. 6 18
3. 7 42
3. 8 27
3. 9 35
3. 10 43
3. 11 39
3. 12 10
3. 13 34
3. 14 30
3. 15 41
3. 16 41
3. 17 40
3. 18 13
3. 19 13
3. 20 11
3. 21 11
3. 22 21
3. 23 33
3. 24 43
3. 25 16
3. 26 12
3. 27 19
3. 28 24
3. 29 32
3. 30 11
3. 31 27
3. 32 13
3. 33 15
3. 34 23
3. 35 41
3. 36 27
3. 37 41
3. 38 45
3. 39 13
3. 40 22
3. 41 39
3. 42 11
3. 43 14
3. 44 34
3. 45 21
3. 46 27
3. 47 43
3. 48 34
3. 49 48
3. 50 30
3. 51 36
3. 52 34
3. 53 16
3. 54 17
3. 55 24
3. 56 27
3. 57 45
3. 58 13
3. 59 30
3. 60 33
3. 61 26
3. 62 16
3. 63 38
3. 64 31
3. 65 26
3. 66 40
3. 67 21
3. 68 28
3. 69 25
3. 70 46
3. 71 43
3. 72 36
3. 73 15
3. 74 32
3. 75 42
3. 76 30
3. 77 48
3. 78 45
3. 79 18
3. 80 19
3. 81 11
3. 82 47
3. 83 26
3. 84 30
3. 85 31
3. 86 23
3. 87 23
3. 88 44
3. 89 45
3. 90 12
3. 91 29
3. 92 19
3. 93 17
3. 94 31
3. 95 46
3. 96 37
3. 97 38
3. 98 44
3. 99 38
4. 0 16
4. 1 24
4. 2 12
4. 3 11
4. 4 35
4. 5 12
4. 6 10
4. 7 12
4. 8 40
4. 9 33
4. 10 50
4. 11 28
4. 12 38
4. 13 21
4. 14 41
4. 15 47
4. 16 10
4. 17 17
4. 18 12
4. 19 17
4. 20 39
4. 21 22
4. 22 45
4. 23 45
4. 24 29
4. 25 34
4. 26 22
4. 27 36
4. 28 29
4. 29 40
4. 30 42
4. 31 30
4. 32 26
4. 33 44
4. 34 19
4. 35 12
4. 36 22
4. 37 34
4. 38 35
4. 39 49
4. 40 37
4. 41 36
4. 42 13
4. 43 19
4. 44 44
4. 45 46
4. 46 13
4. 47 33
4. 48 37
4. 49 31
4. 50 40
4. 51 43
4. 52 28
4. 53 20
4. 54 12
4. 55 11
4. 56 43
4. 57 44
4. 58 45
4. 59 41
4. 60 39
4. 61 20
4. 62 27
4. 63 44
4. 64 29
4. 65 33
4. 66 26
4. 67 25
4. 68 31
4. 69 42
4. 70 19
4. 71 20
4. 72 50
4. 73 11
4. 74 31
4. 75 30
4. 76 26
4. 77 12
4. 78 28
4. 79 26
4. 80 24
4. 81 29
4. 82 49
4. 83 23
4. 84 26
4. 85 42
4. 86 41
4. 87 15
4. 88 17
4. 89 33
4. 90 35
4. 91 22
4. 92 11
4. 93 49
4. 94 14
4. 95 38
4. 96 48
4. 97 37
4. 98 35
4. 99 40
5. 0 10
5. 1 39
5. 2 20
5. 3 27
5. 4 40
5. 5 16
5. 6 41
5. 7 28
5. 8 47
5. 9 50
5. 10 11
5. 11 19
5. 12 25
5. 13 27
5. 14 22
5. 15 13
5. 16 36
5. 17 48
5. 18 38
5. 19 49
5. 20 40
5. 21 46
5. 22 12
5. 23 32
5. 24 47
5. 25 28
5. 26 45
5. 27 37
5. 28 39
5. 29 41
5. 30 12
5. 31 14
5. 32 24
5. 33 26
5. 34 39
5. 35 36
5. 36 23
5. 37 46
5. 38 25
5. 39 27
5. 40 43
5. 41 41
5. 42 36
5. 43 31
5. 44 22
5. 45 19
5. 46 29
5. 47 36
5. 48 19
5. 49 38
5. 50 16
5. 51 14
5. 52 13
5. 53 26
5. 54 43
5. 55 50
5. 56 37
5. 57 25
5. 58 20
5. 59 15
5. 60 13
5. 61 47
5. 62 49
5. 63 34
5. 64 47
5. 65 43
5. 66 19
5. 67 44
5. 68 28
5. 69 31
5. 70 10
5. 71 12
5. 72 21
5. 73 32
5. 74 38
5. 75 30
5. 76 13
5. 77 17
5. 78 20
5. 79 41
5. 80 48
5. 81 12
5. 82 12
5. 83 44
5. 84 14
5. 85 16
5. 86 32
5. 87 22
5. 88 29
5. 89 22
5. 90 29
5. 91 17
5. 92 37
5. 93 38
5. 94 38
5. 95 36
5. 96 50
5. 97 47
5. 98 50
5. 99 36
6. 0 19
6. 1 44
6. 2 25
6. 3 15
6. 4 28
6. 5 24
6. 6 14
6. 7 14
6. 8 10
6. 9 13
6. 10 33
6. 11 28
6. 12 28
6. 13 49
6. 14 47
6. 15 15
6. 16 11
6. 17 38
6. 18 13
6. 19 28
6. 20 22
6. 21 43
6. 22 22
6. 23 33
6. 24 26
6. 25 14
6. 26 36
6. 27 44
6. 28 36
6. 29 36
6. 30 41
6. 31 26
6. 32 11
6. 33 16
6. 34 24
6. 35 37
6. 36 20
6. 37 20
6. 38 29
6. 39 10
6. 40 38
6. 41 18
6. 42 26
6. 43 47
6. 44 22
6. 45 21
6. 46 42
6. 47 38
6. 48 29
6. 49 10
6. 50 22
6. 51 32
6. 52 12
6. 53 27
6. 54 13
6. 55 45
6. 56 34
6. 57 36
6. 58 26
6. 59 50
6. 60 44
6. 61 45
6. 62 49
6. 63 17
6. 64 36
6. 65 17
6. 66 44
6. 67 50
6. 68 27
6. 69 20
6. 70 49
6. 71 32
6. 72 14
6. 73 20
6. 74 42
6. 75 33
6. 76 44
6. 77 47
6. 78 25
6. 79 49
6. 80 24
6. 81 33
6. 82 16
6. 83 50
6. 84 26
6. 85 35
6. 86 41
6. 87 21
6. 88 47
6. 89 21
6. 90 33
6. 91 16
6. 92 23
6. 93 28
6. 94 34
6. 95 42
6. 96 17
6. 97 13
6. 98 47
6. 99 30
7. 0 35
7. 1 23
7. 2 23
7. 3 45
7. 4 34
7. 5 26
7. 6 50
7. 7 14
7. 8 20
7. 9 39
7. 10 50
7. 11 14
7. 12 49
7. 13 23
7. 14 40
7. 15 22
7. 16 45
7. 17 46
7. 18 48
7. 19 40
7. 20 22
7. 21 28
7. 22 46
7. 23 34
7. 24 41
7. 25 19
7. 26 17
7. 27 40
7. 28 13
7. 29 33
7. 30 36
7. 31 47
7. 32 22
7. 33 27
7. 34 46
7. 35 40
7. 36 43
7. 37 24
7. 38 17
7. 39 26
7. 40 35
7. 41 30
7. 42 28
7. 43 49
7. 44 47
7. 45 36
7. 46 19
7. 47 24
7. 48 45
7. 49 35
7. 50 40
7. 51 49
7. 52 15
7. 53 10
7. 54 15
7. 55 42
7. 56 34
7. 57 50
7. 58 48
7. 59 19
7. 60 16
7. 61 41
7. 62 20
7. 63 15
7. 64 40
7. 65 28
7. 66 36
7. 67 38
7. 68 40
7. 69 18
7. 70 42
7. 71 30
7. 72 44
7. 73 10
7. 74 20
7. 75 14
7. 76 17
7. 77 28
7. 78 46
7. 79 14
7. 80 35
7. 81 19
7. 82 46
7. 83 22
7. 84 12
7. 85 25
7. 86 20
7. 87 28
7. 88 16
7. 89 31
7. 90 35
7. 91 18
7. 92 30
7. 93 22
7. 94 13
7. 95 22
7. 96 15
7. 97 23
7. 98 14
7. 99 10
8. 0 40
8. 1 33
8. 2 19
8. 3 40
8. 4 34
8. 5 12
8. 6 29
8. 7 46
8. 8 12
8. 9 11
8. 10 11
8. 11 44
8. 12 17
8. 13 14
8. 14 40
8. 15 46
8. 16 15
8. 17 23
8. 18 19
8. 19 29
8. 20 34
8. 21 32
8. 22 34
8. 23 24
8. 24 36
8. 25 18
8. 26 29
8. 27 41
8. 28 27
8. 29 44
8. 30 26
8. 31 35
8. 32 31
8. 33 31
8. 34 13
8. 35 36
8. 36 30
8. 37 22
8. 38 39
8. 39 22
8. 40 19
8. 41 19
8. 42 15
8. 43 50
8. 44 30
8. 45 33
8. 46 18
8. 47 31
8. 48 37
8. 49 19
8. 50 17
8. 51 50
8. 52 47
8. 53 42
8. 54 42
8. 55 11
8. 56 25
8. 57 13
8. 58 50
8. 59 13
8. 60 29
8. 61 46
8. 62 20
8. 63 20
8. 64 13
8. 65 34
8. 66 49
8. 67 48
8. 68 50
8. 69 30
8. 70 22
8. 71 14
8. 72 36
8. 73 22
8. 74 40
8. 75 19
8. 76 21
8. 77 48
8. 78 44
8. 79 42
8. 80 27
8. 81 42
8. 82 20
8. 83 25
8. 84 48
8. 85 46
8. 86 41
8. 87 25
8. 88 46
8. 89 46
8. 90 17
8. 91 12
8. 92 50
8. 93 18
8. 94 50
8. 95 21
8. 96 44
8. 97 42
8. 98 36
8. 99 35
9. 0 22
9. 1 20
9. 2 10
9. 3 40
9. 4 38
9. 5 11
9. 6 29
9. 7 29
9. 8 17
9. 9 28
9. 10 40
9. 11 48
9. 12 27
9. 13 21
9. 14 42
9. 15 18
9. 16 25
9. 17 31
9. 18 36
9. 19 16
9. 20 38
9. 21 15
9. 22 39
9. 23 37
9. 24 28
9. 25 33
9. 26 31
9. 27 45
9. 28 30
9. 29 33
9. 30 47
9. 31 45
9. 32 32
9. 33 18
9. 34 23
9. 35 26
9. 36 10
9. 37 34
9. 38 13
9. 39 43
9. 40 35
9. 41 26
9. 42 34
9. 43 48
9. 44 12
9. 45 27
9. 46 14
9. 47 20
9. 48 40
9. 49 21
9. 50 17
9. 51 49
9. 52 35
9. 53 41
9. 54 26
9. 55 15
9. 56 19
9. 57 39
9. 58 24
9. 59 42
9. 60 14
9. 61 47
9. 62 39
9. 63 11
9. 64 39
9. 65 49
9. 66 19
9. 67 49
9. 68 37
9. 69 39
9. 70 25
9. 71 34
9. 72 45
9. 73 50
9. 74 40
9. 75 31
9. 76 13
9. 77 25
9. 78 39
9. 79 32
9. 80 28
9. 81 40
9. 82 38
9. 83 11
9. 84 47
9. 85 18
9. 86 13
9. 87 47
9. 88 32
9. 89 23
9. 90 33
9. 91 37
9. 92 15
9. 93 18
9. 94 13
9. 95 43
9. 96 32
9. 97 13
9. 98 26
9. 99 13
10. 0 11
10. 1 31
10. 2 21
10. 3 24
10. 4 14
10. 5 25
10. 6 11
10. 7 13
10. 8 33
10. 9 42
10. 10 17
10. 11 23
10. 12 37
10. 13 28
10. 14 14
10. 15 23
10. 16 12
10. 17 23
10. 18 41
10. 19 37
10. 20 29
10. 21 14
10. 22 47
10. 23 41
10. 24 20
10. 25 23
10. 26 15
10. 27 50
10. 28 40
10. 29 14
10. 30 10
10. 31 12
10. 32 42
10. 33 36
10. 34 42
10. 35 46
10. 36 20
10. 37 39
10. 38 10
10. 39 41
10. 40 49
10. 41 41
10. 42 16
10. 43 10
10. 44 30
10. 45 49
10. 46 48
10. 47 32
10. 48 10
10. 49 31
10. 50 28
10. 51 20
10. 52 47
10. 53 35
10. 54 35
10. 55 13
10. 56 36
10. 57 35
10. 58 11
10. 59 37
10. 60 40
10. 61 31
10. 62 46
10. 63 49
10. 64 10
10. 65 16
10. 66 10
10. 67 15
10. 68 18
10. 69 16
10. 70 40
10. 71 28
10. 72 50
10. 73 47
10. 74 25
10. 75 21
10. 76 44
10. 77 39
10. 78 21
10. 79 15
10. 80 48
10. 81 34
10. 82 23
10. 83 43
10. 84 33
10. 85 32
10. 86 34
10. 87 23
10. 88 38
10. 89 48
10. 90 14
10. 91 13
10. 92 47
10. 93 42
10. 94 27
10. 95 32
10. 96 14
10. 97 36
10. 98 16
10. 99 24
11. 0 32
11. 1 41
11. 2 47
11. 3 38
11. 4 43
11. 5 20
11. 6 39
11. 7 10
11. 8 27
11. 9 17
11. 10 44
11. 11 17
11. 12 28
11. 13 43
11. 14 35
11. 15 34
11. 16 12
11. 17 26
11. 18 22
11. 19 49
11. 20 18
11. 21 31
11. 22 40
11. 23 40
11. 24 26
11. 25 25
11. 26 36
11. 27 24
11. 28 44
11. 29 15
11. 30 31
11. 31 48
11. 32 44
11. 33 33
11. 34 41
11. 35 43
11. 36 45
11. 37 24
11. 38 13
11. 39 24
11. 40 45
11. 41 42
11. 42 47
11. 43 33
11. 44 28
11. 45 50
11. 46 38
11. 47 18
11. 48 43
11. 49 40
11. 50 44
11. 51 14
11. 52 23
11. 53 16
11. 54 27
11. 55 25
11. 56 19
11. 57 37
11. 58 15
11. 59 31
11. 60 20
11. 61 14
11. 62 29
11. 63 32
11. 64 27
11. 65 36
11. 66 17
11. 67 42
11. 68 49
11. 69 16
11. 70 32
11. 71 33
11. 72 34
11. 73 48
11. 74 26
11. 75 45
11. 76 19
11. 77 23
11. 78 49
11. 79 24
11. 80 13
11. 81 14
11. 82 44
11. 83 37
11. 84 30
11. 85 12
11. 86 40
11. 87 46
11. 88 20
11. 89 12
11. 90 12
11. 91 12
11. 92 44
11. 93 32
11. 94 29
11. 95 11
11. 96 30
11. 97 49
11. 98 35
11. 99 26
12. 0 20
12. 1 15
12. 2 18
12. 3 20
12. 4 46
12. 5 49
12. 6 42
12. 7 23
12. 8 25
12. 9 32
12. 10 48
12. 11 11
12. 12 10
12. 13 48
12. 14 33
12. 15 19
12. 16 32
12. 17 48
12. 18 25
12. 19 29
12. 20 17
12. 21 46
12. 22 18
12. 23 32
12. 24 23
12. 25 46
12. 26 16
12. 27 30
12. 28 13
12. 29 29
12. 30 16
12. 31 12
12. 32 17
12. 33 19
12. 34 22
12. 35 15
12. 36 46
12. 37 19
12. 38 15
12. 39 10
12. 40 43
12. 41 42
12. 42 20
12. 43 26
12. 44 32
12. 45 38
12. 46 45
12. 47 14
12. 48 37
12. 49 47
12. 50 13
12. 51 28
12. 52 32
12. 53 29
12. 54 50
12. 55 25
12. 56 45
12. 57 10
12. 58 15
12. 59 19
12. 60 13
12. 61 15
12. 62 26
12. 63 49
12. 64 36
12. 65 44
12. 66 16
12. 67 17
12. 68 33
12. 69 10
12. 70 15
12. 71 34
12. 72 45
12. 73 39
12. 74 36
12. 75 47
12. 76 30
12. 77 41
12. 78 17
12. 79 23
12. 80 22
12. 81 37
12. 82 39
12. 83 28
12. 84 41
12. 85 13
12. 86 22
12. 87 37
12. 88 47
12. 89 23
12. 90 17
12. 91 40
12. 92 18
12. 93 43
12. 94 36
12. 95 50
12. 96 41
12. 97 43
12. 98 15
12. 99 36
13. 0 39
13. 1 33
13. 2 10
13. 3 33
13. 4 17
13. 5 27
13. 6 46
13. 7 16
13. 8 31
13. 9 34
13. 10 33
13. 11 35
13. 12 24
13. 13 20
13. 14 20
13. 15 21
13. 16 12
13. 17 49
13. 18 41
13. 19 16
13. 20 21
13. 21 36
13. 22 16
13. 23 41
13. 24 12
13. 25 27
13. 26 37
13. 27 40
13. 28 13
13. 29 30
13. 30 42
13. 31 47
13. 32 50
13. 33 16
13. 34 36
13. 35 12
13. 36 39
13. 37 30
13. 38 47
13. 39 10
13. 40 14
13. 41 30
13. 42 37
13. 43 30
13. 44 50
13. 45 21
13. 46 39
13. 47 48
13. 48 31
13. 49 25
13. 50 31
13. 51 27
13. 52 15
13. 53 22
13. 54 10
13. 55 21
13. 56 10
13. 57 41
13. 58 47
13. 59 33
13. 60 29
13. 61 37
13. 62 37
13. 63 34
13. 64 47
13. 65 50
13. 66 31
13. 67 49
13. 68 42
13. 69 50
13. 70 37
13. 71 32
13. 72 33
13. 73 42
13. 74 37
13. 75 14
13. 76 41
13. 77 41
13. 78 21
13. 79 38
13. 80 12
13. 81 29
13. 82 23
13. 83 38
13. 84 48
13. 85 11
13. 86 42
13. 87 28
13. 88 24
13. 89 36
13. 90 27
13. 91 30
13. 92 16
13. 93 35
13. 94 31
13. 95 34
13. 96 43
13. 97 18
13. 98 35
13. 99 46
14. 0 14
14. 1 25
14. 2 22
14. 3 10
14. 4 14
14. 5 42
14. 6 26
14. 7 24
14. 8 31
14. 9 18
14. 10 16
14. 11 10
14. 12 28
14. 13 26
14. 14 29
14. 15 47
14. 16 32
14. 17 15
14. 18 34
14. 19 36
14. 20 17
14. 21 45
14. 22 42
14. 23 22
14. 24 36
14. 25 14
14. 26 13
14. 27 49
14. 28 46
14. 29 49
14. 30 36
14. 31 16
14. 32 36
14. 33 37
14. 34 48
14. 35 48
14. 36 41
14. 37 39
14. 38 21
14. 39 47
14. 40 31
14. 41 33
14. 42 38
14. 43 33
14. 44 21
14. 45 23
14. 46 49
14. 47 42
14. 48 17
14. 49 22
14. 50 39
14. 51 31
14. 52 27
14. 53 16
14. 54 20
14. 55 29
14. 56 44
14. 57 22
14. 58 20
14. 59 50
14. 60 17
14. 61 26
14. 62 42
14. 63 42
14. 64 41
14. 65 22
14. 66 46
14. 67 11
14. 68 25
14. 69 44
14. 70 23
14. 71 12
14. 72 22
14. 73 23
14. 74 22
14. 75 20
14. 76 11
14. 77 24
14. 78 21
14. 79 38
14. 80 22
14. 81 39
14. 82 27
14. 83 46
14. 84 46
14. 85 19
14. 86 34
14. 87 18
14. 88 10
14. 89 47
14. 90 10
14. 91 17
14. 92 31
14. 93 32
14. 94 46
14. 95 32
14. 96 17
14. 97 19
14. 98 31
14. 99 20
15. 0 37
15. 1 23
15. 2 14
15. 3 47
15. 4 42
15. 5 26
15. 6 31
15. 7 18
15. 8 50
15. 9 29
15. 10 33
15. 11 40
15. 12 44
15. 13 11
15. 14 16
15. 15 43
15. 16 18
15. 17 40
15. 18 18
15. 19 27
15. 20 39
15. 21 13
15. 22 25
15. 23 21
15. 24 37
15. 25 30
15. 26 24
15. 27 47
15. 28 48
15. 29 42
15. 30 22
15. 31 40
15. 32 17
15. 33 25
15. 34 45
15. 35 19
15. 36 20
15. 37 14
15. 38 48
15. 39 41
15. 40 21
15. 41 42
15. 42 32
15. 43 42
15. 44 49
15. 45 26
15. 46 27
15. 47 32
15. 48 44
15. 49 26
15. 50 14
15. 51 42
15. 52 46
15. 53 26
15. 54 33
15. 55 19
15. 56 17
15. 57 20
15. 58 19
15. 59 14
15. 60 27
15. 61 46
15. 62 41
15. 63 46
15. 64 24
15. 65 13
15. 66 24
15. 67 30
15. 68 21
15. 69 25
15. 70 20
15. 71 29
15. 72 47
15. 73 21
15. 74 31
15. 75 26
15. 76 21
15. 77 25
15. 78 43
15. 79 33
15. 80 16
15. 81 41
15. 82 44
15. 83 34
15. 84 42
15. 85 49
15. 86 43
15. 87 18
15. 88 29
15. 89 42
15. 90 14
15. 91 50
15. 92 24
15. 93 44
15. 94 34
15. 95 22
15. 96 25
15. 97 33
15. 98 49
15. 99 49
16. 0 42
16. 1 28
16. 2 22
16. 3 14
16. 4 39
16. 5 47
16. 6 26
16. 7 43
16. 8 36
16. 9 11
16. 10 12
16. 11 35
16. 12 20
16. 13 28
16. 14 35
16. 15 50
16. 16 11
16. 17 23
16. 18 28
16. 19 34
16. 20 41
16. 21 12
16. 22 17
16. 23 20
16. 24 42
16. 25 26
16. 26 30
16. 27 41
16. 28 25
16. 29 48
16. 30 37
16. 31 32
16. 32 13
16. 33 17
16. 34 49
16. 35 38
16. 36 24
16. 37 36
16. 38 38
16. 39 11
16. 40 24
16. 41 47
16. 42 47
16. 43 34
16. 44 17
16. 45 11
16. 46 18
16. 47 40
16. 48 35
16. 49 31
16. 50 47
16. 51 50
16. 52 17
16. 53 10
16. 54 20
16. 55 17
16. 56 18
16. 57 46
16. 58 24
16. 59 24
16. 60 21
16. 61 16
16. 62 11
16. 63 47
16. 64 43
16. 65 41
16. 66 18
16. 67 27
16. 68 23
16. 69 24
16. 70 29
16. 71 42
16. 72 49
16. 73 50
16. 74 21
16. 75 36
16. 76 42
16. 77 50
16. 78 49
16. 79 25
16. 80 42
16. 81 11
16. 82 41
16. 83 19
16. 84 36
16. 85 30
16. 86 38
16. 87 47
16. 88 22
16. 89 50
16. 90 12
16. 91 21
16. 92 44
16. 93 22
16. 94 19
16. 95 26
16. 96 47
16. 97 50
16. 98 14
16. 99 40
17. 0 11
17. 1 47
17. 2 27
17. 3 29
17. 4 26
17. 5 39
17. 6 16
17. 7 15
17. 8 41
17. 9 45
17. 10 44
17. 11 14
17. 12 19
17. 13 43
17. 14 35
17. 15 24
17. 16 48
17. 17 27
17. 18 31
17. 19 17
17. 20 19
17. 21 48
17. 22 36
17. 23 12
17. 24 37
17. 25 23
17. 26 10
17. 27 16
17. 28 40
17. 29 10
17. 30 46
17. 31 21
17. 32 36
17. 33 18
17. 34 44
17. 35 21
17. 36 49
17. 37 13
17. 38 33
17. 39 37
17. 40 37
17. 41 13
17. 42 27
17. 43 46
17. 44 46
17. 45 21
17. 46 17
17. 47 34
17. 48 38
17. 49 34
17. 50 22
17. 51 31
17. 52 27
17. 53 25
17. 54 20
17. 55 23
17. 56 21
17. 57 17
17. 58 39
17. 59 49
17. 60 47
17. 61 29
17. 62 41
17. 63 48
17. 64 19
17. 65 11
17. 66 33
17. 67 11
17. 68 21
17. 69 29
17. 70 40
17. 71 10
17. 72 44
17. 73 14
17. 74 43
17. 75 26
17. 76 16
17. 77 24
17. 78 21
17. 79 29
17. 80 25
17. 81 43
17. 82 18
17. 83 17
17. 84 37
17. 85 28
17. 86 13
17. 87 12
17. 88 47
17. 89 41
17. 90 22
17. 91 25
17. 92 29
17. 93 32
17. 94 15
17. 95 41
17. 96 36
17. 97 16
17. 98 14
17. 99 24
18. 0 22
18. 1 39
18. 2 46
18. 3 17
18. 4 32
18. 5 22
18. 6 42
18. 7 12
18. 8 37
18. 9 25
18. 10 44
18. 11 37
18. 12 22
18. 13 45
18. 14 50
18. 15 12
18. 16 14
18. 17 42
18. 18 28
18. 19 23
18. 20 41
18. 21 50
18. 22 23
18. 23 34
18. 24 41
18. 25 42
18. 26 27
18. 27 14
18. 28 37
18. 29 24
18. 30 31
18. 31 31
18. 32 24
18. 33 19
18. 34 25
18. 35 28
18. 36 44
18. 37 12
18. 38 38
18. 39 48
18. 40 28
18. 41 18
18. 42 44
18. 43 13
18. 44 35
18. 45 28
18. 46 50
18. 47 44
18. 48 18
18. 49 28
18. 50 41
18. 51 31
18. 52 42
18. 53 37
18. 54 46
18. 55 36
18. 56 28
18. 57 23
18. 58 19
18. 59 29
18. 60 45
18. 61 23
18. 62 28
18. 63 33
18. 64 12
18. 65 40
18. 66 37
18. 67 21
18. 68 36
18. 69 39
18. 70 26
18. 71 45
18. 72 45
18. 73 15
18. 74 25
18. 75 46
18. 76 24
18. 77 22
18. 78 18
18. 79 46
18. 80 44
18. 81 50
18. 82 29
18. 83 17
18. 84 45
18. 85 37
18. 86 39
18. 87 17
18. 88 34
18. 89 36
18. 90 15
18. 91 35
18. 92 36
18. 93 41
18. 94 16
18. 95 20
18. 96 28
18. 97 34
18. 98 21
18. 99 21
19. 0 39
19. 1 33
19. 2 30
19. 3 27
19. 4 36
19. 5 47
19. 6 37
19. 7 27
19. 8 22
19. 9 12
19. 10 16
19. 11 24
19. 12 15
19. 13 26
19. 14 19
19. 15 13
19. 16 36
19. 17 41
19. 18 15
19. 19 35
19. 20 33
19. 21 41
19. 22 47
19. 23 30
19. 24 21
19. 25 24
19. 26 28
19. 27 10
19. 28 44
19. 29 30
19. 30 46
19. 31 27
19. 32 37
19. 33 47
19. 34 11
19. 35 44
19. 36 43
19. 37 42
19. 38 49
19. 39 21
19. 40 18
19. 41 27
19. 42 50
19. 43 10
19. 44 34
19. 45 17
19. 46 37
19. 47 21
19. 48 37
19. 49 39
19. 50 12
19. 51 12
19. 52 13
19. 53 16
19. 54 26
19. 55 22
19. 56 46
19. 57 37
19. 58 42
19. 59 10
19. 60 47
19. 61 39
19. 62 17
19. 63 41
19. 64 47
19. 65 49
19. 66 42
19. 67 14
19. 68 41
19. 69 30
19. 70 37
19. 71 18
19. 72 33
19. 73 48
19. 74 27
19. 75 27
19. 76 14
19. 77 21
19. 78 33
19. 79 48
19. 80 22
19. 81 20
19. 82 50
19. 83 26
19. 84 19
19. 85 42
19. 86 29
19. 87 28
19. 88 26
19. 89 24
19. 90 18
19. 91 17
19. 92 39
19. 93 45
19. 94 50
19. 95 37
19. 96 41
19. 97 49
19. 98 10
19. 99 48
/;
parameter a(i,j)/
0. 0 24
0. 1 23
0. 2 5
0. 3 7
0. 4 9
0. 5 5
0. 6 20
0. 7 22
0. 8 7
0. 9 20
0. 10 11
0. 11 14
0. 12 18
0. 13 7
0. 14 25
0. 15 12
0. 16 10
0. 17 8
0. 18 11
0. 19 7
0. 20 10
0. 21 13
0. 22 18
0. 23 10
0. 24 25
0. 25 5
0. 26 17
0. 27 10
0. 28 10
0. 29 25
0. 30 22
0. 31 6
0. 32 6
0. 33 11
0. 34 25
0. 35 20
0. 36 15
0. 37 23
0. 38 20
0. 39 14
0. 40 24
0. 41 7
0. 42 13
0. 43 24
0. 44 5
0. 45 10
0. 46 8
0. 47 24
0. 48 5
0. 49 9
0. 50 12
0. 51 25
0. 52 21
0. 53 12
0. 54 24
0. 55 6
0. 56 21
0. 57 13
0. 58 12
0. 59 10
0. 60 18
0. 61 14
0. 62 21
0. 63 5
0. 64 25
0. 65 24
0. 66 9
0. 67 11
0. 68 6
0. 69 18
0. 70 11
0. 71 7
0. 72 16
0. 73 19
0. 74 9
0. 75 12
0. 76 23
0. 77 14
0. 78 6
0. 79 17
0. 80 13
0. 81 10
0. 82 7
0. 83 18
0. 84 17
0. 85 13
0. 86 7
0. 87 17
0. 88 6
0. 89 25
0. 90 8
0. 91 23
0. 92 5
0. 93 11
0. 94 18
0. 95 23
0. 96 15
0. 97 20
0. 98 21
0. 99 8
1. 0 12
1. 1 22
1. 2 13
1. 3 15
1. 4 9
1. 5 17
1. 6 10
1. 7 15
1. 8 13
1. 9 10
1. 10 12
1. 11 8
1. 12 23
1. 13 15
1. 14 11
1. 15 8
1. 16 15
1. 17 22
1. 18 12
1. 19 20
1. 20 12
1. 21 20
1. 22 17
1. 23 5
1. 24 16
1. 25 15
1. 26 23
1. 27 12
1. 28 21
1. 29 8
1. 30 21
1. 31 23
1. 32 18
1. 33 20
1. 34 16
1. 35 23
1. 36 17
1. 37 17
1. 38 25
1. 39 10
1. 40 20
1. 41 7
1. 42 8
1. 43 10
1. 44 12
1. 45 19
1. 46 15
1. 47 17
1. 48 10
1. 49 6
1. 50 14
1. 51 7
1. 52 11
1. 53 7
1. 54 7
1. 55 21
1. 56 11
1. 57 25
1. 58 17
1. 59 25
1. 60 10
1. 61 9
1. 62 14
1. 63 9
1. 64 5
1. 65 19
1. 66 20
1. 67 8
1. 68 16
1. 69 23
1. 70 5
1. 71 24
1. 72 24
1. 73 15
1. 74 14
1. 75 8
1. 76 23
1. 77 25
1. 78 16
1. 79 12
1. 80 12
1. 81 13
1. 82 20
1. 83 7
1. 84 8
1. 85 25
1. 86 14
1. 87 15
1. 88 7
1. 89 19
1. 90 13
1. 91 21
1. 92 21
1. 93 9
1. 94 7
1. 95 7
1. 96 16
1. 97 25
1. 98 19
1. 99 9
2. 0 14
2. 1 5
2. 2 8
2. 3 22
2. 4 18
2. 5 22
2. 6 18
2. 7 25
2. 8 5
2. 9 25
2. 10 10
2. 11 5
2. 12 10
2. 13 6
2. 14 9
2. 15 22
2. 16 11
2. 17 20
2. 18 12
2. 19 17
2. 20 20
2. 21 15
2. 22 15
2. 23 21
2. 24 16
2. 25 5
2. 26 8
2. 27 22
2. 28 25
2. 29 24
2. 30 19
2. 31 12
2. 32 23
2. 33 8
2. 34 7
2. 35 18
2. 36 18
2. 37 13
2. 38 20
2. 39 12
2. 40 18
2. 41 20
2. 42 17
2. 43 13
2. 44 8
2. 45 12
2. 46 15
2. 47 5
2. 48 17
2. 49 9
2. 50 19
2. 51 23
2. 52 21
2. 53 11
2. 54 22
2. 55 16
2. 56 7
2. 57 5
2. 58 7
2. 59 20
2. 60 25
2. 61 19
2. 62 16
2. 63 21
2. 64 22
2. 65 23
2. 66 22
2. 67 9
2. 68 12
2. 69 19
2. 70 13
2. 71 22
2. 72 23
2. 73 24
2. 74 18
2. 75 16
2. 76 8
2. 77 15
2. 78 18
2. 79 10
2. 80 8
2. 81 20
2. 82 13
2. 83 11
2. 84 17
2. 85 24
2. 86 19
2. 87 12
2. 88 10
2. 89 25
2. 90 17
2. 91 14
2. 92 5
2. 93 16
2. 94 20
2. 95 14
2. 96 18
2. 97 9
2. 98 12
2. 99 17
3. 0 8
3. 1 25
3. 2 22
3. 3 17
3. 4 11
3. 5 16
3. 6 15
3. 7 19
3. 8 8
3. 9 19
3. 10 13
3. 11 21
3. 12 14
3. 13 6
3. 14 15
3. 15 5
3. 16 15
3. 17 9
3. 18 9
3. 19 12
3. 20 9
3. 21 8
3. 22 9
3. 23 23
3. 24 14
3. 25 18
3. 26 10
3. 27 23
3. 28 5
3. 29 18
3. 30 18
3. 31 6
3. 32 9
3. 33 15
3. 34 24
3. 35 16
3. 36 21
3. 37 6
3. 38 13
3. 39 10
3. 40 25
3. 41 6
3. 42 9
3. 43 15
3. 44 13
3. 45 14
3. 46 7
3. 47 14
3. 48 16
3. 49 23
3. 50 25
3. 51 9
3. 52 17
3. 53 11
3. 54 22
3. 55 7
3. 56 16
3. 57 8
3. 58 23
3. 59 13
3. 60 23
3. 61 9
3. 62 25
3. 63 7
3. 64 16
3. 65 17
3. 66 25
3. 67 11
3. 68 16
3. 69 15
3. 70 20
3. 71 25
3. 72 7
3. 73 20
3. 74 24
3. 75 8
3. 76 8
3. 77 18
3. 78 16
3. 79 8
3. 80 19
3. 81 20
3. 82 8
3. 83 14
3. 84 9
3. 85 19
3. 86 11
3. 87 12
3. 88 9
3. 89 7
3. 90 19
3. 91 7
3. 92 19
3. 93 12
3. 94 18
3. 95 16
3. 96 6
3. 97 13
3. 98 6
3. 99 8
4. 0 8
4. 1 10
4. 2 23
4. 3 19
4. 4 7
4. 5 22
4. 6 7
4. 7 8
4. 8 9
4. 9 21
4. 10 6
4. 11 6
4. 12 20
4. 13 14
4. 14 18
4. 15 11
4. 16 12
4. 17 23
4. 18 16
4. 19 8
4. 20 14
4. 21 18
4. 22 17
4. 23 20
4. 24 6
4. 25 25
4. 26 24
4. 27 9
4. 28 13
4. 29 9
4. 30 21
4. 31 10
4. 32 15
4. 33 10
4. 34 12
4. 35 17
4. 36 10
4. 37 13
4. 38 24
4. 39 16
4. 40 15
4. 41 16
4. 42 7
4. 43 7
4. 44 12
4. 45 19
4. 46 20
4. 47 18
4. 48 17
4. 49 7
4. 50 19
4. 51 11
4. 52 23
4. 53 22
4. 54 25
4. 55 19
4. 56 6
4. 57 14
4. 58 13
4. 59 11
4. 60 8
4. 61 8
4. 62 11
4. 63 12
4. 64 24
4. 65 24
4. 66 21
4. 67 5
4. 68 19
4. 69 14
4. 70 25
4. 71 9
4. 72 8
4. 73 5
4. 74 8
4. 75 18
4. 76 24
4. 77 8
4. 78 14
4. 79 8
4. 80 22
4. 81 25
4. 82 23
4. 83 19
4. 84 6
4. 85 17
4. 86 23
4. 87 10
4. 88 7
4. 89 18
4. 90 16
4. 91 9
4. 92 20
4. 93 12
4. 94 14
4. 95 24
4. 96 24
4. 97 6
4. 98 23
4. 99 15
5. 0 13
5. 1 6
5. 2 19
5. 3 19
5. 4 21
5. 5 22
5. 6 22
5. 7 7
5. 8 22
5. 9 14
5. 10 13
5. 11 8
5. 12 12
5. 13 16
5. 14 13
5. 15 15
5. 16 15
5. 17 5
5. 18 23
5. 19 11
5. 20 24
5. 21 24
5. 22 25
5. 23 15
5. 24 12
5. 25 24
5. 26 17
5. 27 8
5. 28 14
5. 29 5
5. 30 13
5. 31 21
5. 32 8
5. 33 7
5. 34 23
5. 35 11
5. 36 11
5. 37 6
5. 38 22
5. 39 10
5. 40 10
5. 41 7
5. 42 21
5. 43 20
5. 44 22
5. 45 12
5. 46 15
5. 47 7
5. 48 12
5. 49 5
5. 50 9
5. 51 14
5. 52 16
5. 53 5
5. 54 16
5. 55 5
5. 56 7
5. 57 24
5. 58 19
5. 59 7
5. 60 23
5. 61 16
5. 62 11
5. 63 24
5. 64 19
5. 65 17
5. 66 7
5. 67 25
5. 68 25
5. 69 9
5. 70 25
5. 71 25
5. 72 8
5. 73 20
5. 74 11
5. 75 20
5. 76 8
5. 77 15
5. 78 20
5. 79 7
5. 80 21
5. 81 16
5. 82 19
5. 83 7
5. 84 13
5. 85 10
5. 86 5
5. 87 21
5. 88 24
5. 89 13
5. 90 11
5. 91 11
5. 92 20
5. 93 24
5. 94 16
5. 95 7
5. 96 16
5. 97 13
5. 98 14
5. 99 13
6. 0 12
6. 1 10
6. 2 7
6. 3 13
6. 4 14
6. 5 23
6. 6 12
6. 7 17
6. 8 18
6. 9 12
6. 10 16
6. 11 13
6. 12 19
6. 13 14
6. 14 18
6. 15 11
6. 16 11
6. 17 12
6. 18 12
6. 19 6
6. 20 18
6. 21 12
6. 22 18
6. 23 9
6. 24 6
6. 25 23
6. 26 8
6. 27 20
6. 28 25
6. 29 14
6. 30 17
6. 31 6
6. 32 12
6. 33 19
6. 34 9
6. 35 25
6. 36 21
6. 37 25
6. 38 24
6. 39 17
6. 40 24
6. 41 25
6. 42 17
6. 43 24
6. 44 22
6. 45 17
6. 46 6
6. 47 22
6. 48 11
6. 49 14
6. 50 17
6. 51 11
6. 52 21
6. 53 21
6. 54 13
6. 55 23
6. 56 7
6. 57 17
6. 58 13
6. 59 16
6. 60 11
6. 61 15
6. 62 21
6. 63 8
6. 64 11
6. 65 14
6. 66 13
6. 67 8
6. 68 19
6. 69 16
6. 70 16
6. 71 19
6. 72 5
6. 73 20
6. 74 18
6. 75 5
6. 76 23
6. 77 22
6. 78 17
6. 79 8
6. 80 24
6. 81 11
6. 82 22
6. 83 10
6. 84 23
6. 85 18
6. 86 25
6. 87 7
6. 88 18
6. 89 19
6. 90 15
6. 91 12
6. 92 15
6. 93 14
6. 94 25
6. 95 14
6. 96 21
6. 97 25
6. 98 21
6. 99 22
7. 0 16
7. 1 25
7. 2 13
7. 3 15
7. 4 9
7. 5 17
7. 6 14
7. 7 7
7. 8 10
7. 9 25
7. 10 12
7. 11 17
7. 12 22
7. 13 25
7. 14 10
7. 15 20
7. 16 8
7. 17 22
7. 18 10
7. 19 14
7. 20 16
7. 21 13
7. 22 21
7. 23 9
7. 24 15
7. 25 5
7. 26 16
7. 27 16
7. 28 21
7. 29 6
7. 30 19
7. 31 5
7. 32 18
7. 33 19
7. 34 8
7. 35 15
7. 36 10
7. 37 22
7. 38 25
7. 39 24
7. 40 12
7. 41 20
7. 42 6
7. 43 6
7. 44 11
7. 45 7
7. 46 9
7. 47 25
7. 48 23
7. 49 9
7. 50 23
7. 51 8
7. 52 10
7. 53 9
7. 54 21
7. 55 15
7. 56 5
7. 57 25
7. 58 17
7. 59 21
7. 60 17
7. 61 6
7. 62 13
7. 63 24
7. 64 5
7. 65 5
7. 66 8
7. 67 20
7. 68 7
7. 69 12
7. 70 7
7. 71 12
7. 72 9
7. 73 24
7. 74 8
7. 75 8
7. 76 20
7. 77 21
7. 78 7
7. 79 9
7. 80 24
7. 81 18
7. 82 23
7. 83 9
7. 84 14
7. 85 11
7. 86 5
7. 87 19
7. 88 17
7. 89 6
7. 90 21
7. 91 9
7. 92 23
7. 93 23
7. 94 13
7. 95 5
7. 96 16
7. 97 12
7. 98 13
7. 99 6
8. 0 8
8. 1 13
8. 2 7
8. 3 17
8. 4 25
8. 5 8
8. 6 17
8. 7 12
8. 8 25
8. 9 16
8. 10 14
8. 11 7
8. 12 9
8. 13 25
8. 14 6
8. 15 10
8. 16 7
8. 17 7
8. 18 7
8. 19 17
8. 20 20
8. 21 25
8. 22 12
8. 23 15
8. 24 19
8. 25 18
8. 26 9
8. 27 25
8. 28 6
8. 29 25
8. 30 13
8. 31 5
8. 32 7
8. 33 21
8. 34 6
8. 35 24
8. 36 12
8. 37 9
8. 38 23
8. 39 19
8. 40 8
8. 41 13
8. 42 20
8. 43 13
8. 44 13
8. 45 5
8. 46 18
8. 47 20
8. 48 19
8. 49 19
8. 50 22
8. 51 7
8. 52 18
8. 53 12
8. 54 8
8. 55 8
8. 56 10
8. 57 10
8. 58 15
8. 59 19
8. 60 6
8. 61 8
8. 62 8
8. 63 23
8. 64 5
8. 65 21
8. 66 10
8. 67 25
8. 68 7
8. 69 18
8. 70 7
8. 71 5
8. 72 23
8. 73 22
8. 74 20
8. 75 7
8. 76 25
8. 77 15
8. 78 18
8. 79 21
8. 80 22
8. 81 16
8. 82 24
8. 83 14
8. 84 14
8. 85 22
8. 86 18
8. 87 12
8. 88 12
8. 89 22
8. 90 25
8. 91 10
8. 92 7
8. 93 7
8. 94 16
8. 95 17
8. 96 11
8. 97 25
8. 98 7
8. 99 15
9. 0 21
9. 1 6
9. 2 7
9. 3 22
9. 4 23
9. 5 21
9. 6 9
9. 7 14
9. 8 12
9. 9 7
9. 10 15
9. 11 9
9. 12 19
9. 13 16
9. 14 14
9. 15 5
9. 16 7
9. 17 25
9. 18 21
9. 19 24
9. 20 24
9. 21 6
9. 22 15
9. 23 5
9. 24 14
9. 25 8
9. 26 20
9. 27 24
9. 28 18
9. 29 19
9. 30 7
9. 31 16
9. 32 19
9. 33 7
9. 34 8
9. 35 14
9. 36 15
9. 37 19
9. 38 5
9. 39 23
9. 40 19
9. 41 17
9. 42 12
9. 43 16
9. 44 17
9. 45 7
9. 46 11
9. 47 13
9. 48 13
9. 49 12
9. 50 10
9. 51 18
9. 52 14
9. 53 8
9. 54 24
9. 55 16
9. 56 8
9. 57 12
9. 58 20
9. 59 9
9. 60 8
9. 61 15
9. 62 20
9. 63 12
9. 64 7
9. 65 12
9. 66 8
9. 67 22
9. 68 8
9. 69 14
9. 70 8
9. 71 5
9. 72 7
9. 73 18
9. 74 23
9. 75 8
9. 76 12
9. 77 9
9. 78 19
9. 79 15
9. 80 5
9. 81 16
9. 82 10
9. 83 19
9. 84 17
9. 85 19
9. 86 10
9. 87 17
9. 88 11
9. 89 24
9. 90 24
9. 91 19
9. 92 10
9. 93 15
9. 94 19
9. 95 11
9. 96 6
9. 97 9
9. 98 19
9. 99 18
10. 0 21
10. 1 12
10. 2 18
10. 3 21
10. 4 15
10. 5 22
10. 6 12
10. 7 5
10. 8 6
10. 9 7
10. 10 21
10. 11 12
10. 12 13
10. 13 5
10. 14 18
10. 15 8
10. 16 12
10. 17 21
10. 18 19
10. 19 8
10. 20 18
10. 21 24
10. 22 14
10. 23 8
10. 24 20
10. 25 11
10. 26 21
10. 27 7
10. 28 15
10. 29 9
10. 30 21
10. 31 11
10. 32 18
10. 33 11
10. 34 17
10. 35 10
10. 36 16
10. 37 21
10. 38 19
10. 39 22
10. 40 8
10. 41 18
10. 42 22
10. 43 8
10. 44 23
10. 45 10
10. 46 20
10. 47 23
10. 48 9
10. 49 5
10. 50 12
10. 51 14
10. 52 23
10. 53 16
10. 54 5
10. 55 9
10. 56 19
10. 57 24
10. 58 21
10. 59 19
10. 60 8
10. 61 22
10. 62 9
10. 63 5
10. 64 10
10. 65 17
10. 66 12
10. 67 21
10. 68 23
10. 69 6
10. 70 11
10. 71 25
10. 72 13
10. 73 7
10. 74 11
10. 75 16
10. 76 18
10. 77 19
10. 78 17
10. 79 11
10. 80 24
10. 81 12
10. 82 16
10. 83 23
10. 84 15
10. 85 20
10. 86 22
10. 87 7
10. 88 16
10. 89 25
10. 90 18
10. 91 7
10. 92 17
10. 93 15
10. 94 9
10. 95 15
10. 96 17
10. 97 24
10. 98 8
10. 99 22
11. 0 24
11. 1 10
11. 2 12
11. 3 20
11. 4 24
11. 5 10
11. 6 18
11. 7 8
11. 8 19
11. 9 20
11. 10 21
11. 11 17
11. 12 15
11. 13 11
11. 14 19
11. 15 6
11. 16 23
11. 17 17
11. 18 21
11. 19 24
11. 20 9
11. 21 12
11. 22 13
11. 23 19
11. 24 10
11. 25 16
11. 26 19
11. 27 14
11. 28 24
11. 29 17
11. 30 15
11. 31 9
11. 32 25
11. 33 22
11. 34 14
11. 35 23
11. 36 10
11. 37 11
11. 38 14
11. 39 23
11. 40 23
11. 41 20
11. 42 15
11. 43 21
11. 44 14
11. 45 23
11. 46 9
11. 47 24
11. 48 8
11. 49 5
11. 50 12
11. 51 13
11. 52 19
11. 53 17
11. 54 9
11. 55 25
11. 56 15
11. 57 13
11. 58 8
11. 59 6
11. 60 21
11. 61 9
11. 62 24
11. 63 23
11. 64 6
11. 65 10
11. 66 22
11. 67 5
11. 68 8
11. 69 25
11. 70 13
11. 71 25
11. 72 24
11. 73 6
11. 74 16
11. 75 14
11. 76 16
11. 77 15
11. 78 19
11. 79 15
11. 80 14
11. 81 7
11. 82 17
11. 83 24
11. 84 17
11. 85 16
11. 86 11
11. 87 20
11. 88 12
11. 89 13
11. 90 18
11. 91 14
11. 92 8
11. 93 6
11. 94 25
11. 95 5
11. 96 11
11. 97 25
11. 98 12
11. 99 16
12. 0 21
12. 1 13
12. 2 9
12. 3 20
12. 4 13
12. 5 6
12. 6 9
12. 7 25
12. 8 23
12. 9 5
12. 10 22
12. 11 7
12. 12 16
12. 13 20
12. 14 7
12. 15 19
12. 16 19
12. 17 19
12. 18 24
12. 19 24
12. 20 22
12. 21 21
12. 22 23
12. 23 9
12. 24 12
12. 25 20
12. 26 14
12. 27 5
12. 28 12
12. 29 15
12. 30 15
12. 31 12
12. 32 19
12. 33 10
12. 34 22
12. 35 20
12. 36 19
12. 37 25
12. 38 17
12. 39 14
12. 40 23
12. 41 23
12. 42 12
12. 43 11
12. 44 11
12. 45 20
12. 46 9
12. 47 17
12. 48 8
12. 49 21
12. 50 16
12. 51 21
12. 52 20
12. 53 22
12. 54 6
12. 55 24
12. 56 25
12. 57 11
12. 58 6
12. 59 17
12. 60 24
12. 61 6
12. 62 11
12. 63 11
12. 64 19
12. 65 16
12. 66 8
12. 67 23
12. 68 25
12. 69 6
12. 70 8
12. 71 19
12. 72 14
12. 73 23
12. 74 8
12. 75 20
12. 76 8
12. 77 6
12. 78 18
12. 79 10
12. 80 16
12. 81 10
12. 82 18
12. 83 20
12. 84 20
12. 85 22
12. 86 7
12. 87 18
12. 88 6
12. 89 13
12. 90 22
12. 91 15
12. 92 16
12. 93 8
12. 94 12
12. 95 23
12. 96 25
12. 97 24
12. 98 10
12. 99 7
13. 0 12
13. 1 16
13. 2 6
13. 3 8
13. 4 19
13. 5 12
13. 6 8
13. 7 14
13. 8 18
13. 9 15
13. 10 24
13. 11 5
13. 12 19
13. 13 23
13. 14 22
13. 15 13
13. 16 11
13. 17 24
13. 18 14
13. 19 10
13. 20 23
13. 21 5
13. 22 18
13. 23 22
13. 24 14
13. 25 5
13. 26 23
13. 27 8
13. 28 7
13. 29 13
13. 30 10
13. 31 19
13. 32 21
13. 33 17
13. 34 7
13. 35 9
13. 36 6
13. 37 6
13. 38 13
13. 39 16
13. 40 24
13. 41 24
13. 42 5
13. 43 24
13. 44 22
13. 45 23
13. 46 21
13. 47 17
13. 48 23
13. 49 11
13. 50 7
13. 51 14
13. 52 7
13. 53 19
13. 54 18
13. 55 23
13. 56 24
13. 57 24
13. 58 20
13. 59 7
13. 60 24
13. 61 15
13. 62 13
13. 63 6
13. 64 5
13. 65 13
13. 66 18
13. 67 19
13. 68 15
13. 69 11
13. 70 5
13. 71 15
13. 72 7
13. 73 5
13. 74 16
13. 75 19
13. 76 14
13. 77 6
13. 78 11
13. 79 13
13. 80 15
13. 81 7
13. 82 20
13. 83 15
13. 84 22
13. 85 14
13. 86 5
13. 87 8
13. 88 25
13. 89 9
13. 90 12
13. 91 12
13. 92 19
13. 93 8
13. 94 6
13. 95 25
13. 96 18
13. 97 7
13. 98 16
13. 99 11
14. 0 7
14. 1 20
14. 2 10
14. 3 22
14. 4 9
14. 5 17
14. 6 21
14. 7 22
14. 8 16
14. 9 18
14. 10 10
14. 11 8
14. 12 11
14. 13 15
14. 14 17
14. 15 13
14. 16 11
14. 17 18
14. 18 5
14. 19 13
14. 20 13
14. 21 6
14. 22 19
14. 23 10
14. 24 24
14. 25 22
14. 26 17
14. 27 11
14. 28 8
14. 29 20
14. 30 12
14. 31 16
14. 32 14
14. 33 16
14. 34 13
14. 35 14
14. 36 5
14. 37 12
14. 38 14
14. 39 16
14. 40 10
14. 41 9
14. 42 17
14. 43 13
14. 44 8
14. 45 15
14. 46 14
14. 47 25
14. 48 10
14. 49 11
14. 50 5
14. 51 15
14. 52 25
14. 53 19
14. 54 11
14. 55 23
14. 56 17
14. 57 14
14. 58 17
14. 59 7
14. 60 22
14. 61 13
14. 62 9
14. 63 13
14. 64 13
14. 65 13
14. 66 24
14. 67 13
14. 68 6
14. 69 24
14. 70 24
14. 71 21
14. 72 9
14. 73 5
14. 74 13
14. 75 21
14. 76 20
14. 77 8
14. 78 21
14. 79 19
14. 80 21
14. 81 20
14. 82 14
14. 83 18
14. 84 10
14. 85 10
14. 86 15
14. 87 24
14. 88 24
14. 89 12
14. 90 17
14. 91 22
14. 92 21
14. 93 8
14. 94 22
14. 95 21
14. 96 8
14. 97 13
14. 98 11
14. 99 24
15. 0 24
15. 1 5
15. 2 11
15. 3 7
15. 4 12
15. 5 18
15. 6 22
15. 7 10
15. 8 18
15. 9 16
15. 10 17
15. 11 19
15. 12 9
15. 13 21
15. 14 25
15. 15 9
15. 16 17
15. 17 23
15. 18 5
15. 19 25
15. 20 15
15. 21 14
15. 22 12
15. 23 25
15. 24 5
15. 25 25
15. 26 16
15. 27 9
15. 28 10
15. 29 9
15. 30 8
15. 31 15
15. 32 24
15. 33 10
15. 34 7
15. 35 25
15. 36 25
15. 37 7
15. 38 8
15. 39 5
15. 40 10
15. 41 17
15. 42 15
15. 43 24
15. 44 11
15. 45 23
15. 46 7
15. 47 21
15. 48 10
15. 49 18
15. 50 9
15. 51 10
15. 52 11
15. 53 5
15. 54 18
15. 55 11
15. 56 13
15. 57 21
15. 58 9
15. 59 25
15. 60 18
15. 61 22
15. 62 8
15. 63 22
15. 64 7
15. 65 9
15. 66 16
15. 67 13
15. 68 17
15. 69 5
15. 70 19
15. 71 15
15. 72 22
15. 73 10
15. 74 18
15. 75 5
15. 76 7
15. 77 20
15. 78 20
15. 79 9
15. 80 12
15. 81 19
15. 82 7
15. 83 18
15. 84 17
15. 85 23
15. 86 12
15. 87 22
15. 88 16
15. 89 17
15. 90 13
15. 91 6
15. 92 17
15. 93 21
15. 94 7
15. 95 24
15. 96 18
15. 97 13
15. 98 11
15. 99 10
16. 0 10
16. 1 13
16. 2 24
16. 3 9
16. 4 15
16. 5 15
16. 6 24
16. 7 12
16. 8 7
16. 9 18
16. 10 17
16. 11 15
16. 12 21
16. 13 5
16. 14 9
16. 15 21
16. 16 5
16. 17 10
16. 18 15
16. 19 21
16. 20 5
16. 21 11
16. 22 7
16. 23 9
16. 24 17
16. 25 7
16. 26 23
16. 27 21
16. 28 10
16. 29 13
16. 30 23
16. 31 24
16. 32 9
16. 33 20
16. 34 12
16. 35 6
16. 36 8
16. 37 8
16. 38 17
16. 39 25
16. 40 25
16. 41 11
16. 42 18
16. 43 24
16. 44 12
16. 45 17
16. 46 20
16. 47 8
16. 48 15
16. 49 23
16. 50 8
16. 51 17
16. 52 8
16. 53 20
16. 54 7
16. 55 22
16. 56 19
16. 57 10
16. 58 15
16. 59 24
16. 60 20
16. 61 19
16. 62 7
16. 63 21
16. 64 7
16. 65 5
16. 66 17
16. 67 5
16. 68 18
16. 69 8
16. 70 21
16. 71 19
16. 72 23
16. 73 24
16. 74 23
16. 75 24
16. 76 19
16. 77 15
16. 78 14
16. 79 21
16. 80 13
16. 81 24
16. 82 15
16. 83 23
16. 84 8
16. 85 22
16. 86 18
16. 87 6
16. 88 6
16. 89 7
16. 90 5
16. 91 22
16. 92 16
16. 93 19
16. 94 18
16. 95 19
16. 96 5
16. 97 17
16. 98 12
16. 99 13
17. 0 15
17. 1 11
17. 2 24
17. 3 25
17. 4 10
17. 5 9
17. 6 15
17. 7 9
17. 8 8
17. 9 17
17. 10 18
17. 11 14
17. 12 13
17. 13 6
17. 14 20
17. 15 16
17. 16 6
17. 17 11
17. 18 17
17. 19 20
17. 20 13
17. 21 8
17. 22 17
17. 23 11
17. 24 7
17. 25 23
17. 26 17
17. 27 11
17. 28 8
17. 29 14
17. 30 16
17. 31 19
17. 32 10
17. 33 12
17. 34 11
17. 35 5
17. 36 23
17. 37 10
17. 38 18
17. 39 19
17. 40 8
17. 41 21
17. 42 11
17. 43 20
17. 44 14
17. 45 15
17. 46 12
17. 47 18
17. 48 21
17. 49 25
17. 50 13
17. 51 15
17. 52 19
17. 53 9
17. 54 14
17. 55 13
17. 56 18
17. 57 19
17. 58 19
17. 59 7
17. 60 10
17. 61 23
17. 62 25
17. 63 16
17. 64 8
17. 65 8
17. 66 19
17. 67 23
17. 68 24
17. 69 20
17. 70 18
17. 71 15
17. 72 22
17. 73 6
17. 74 25
17. 75 23
17. 76 24
17. 77 20
17. 78 19
17. 79 16
17. 80 5
17. 81 17
17. 82 8
17. 83 18
17. 84 8
17. 85 18
17. 86 5
17. 87 11
17. 88 10
17. 89 13
17. 90 10
17. 91 8
17. 92 12
17. 93 20
17. 94 19
17. 95 23
17. 96 14
17. 97 12
17. 98 11
17. 99 7
18. 0 22
18. 1 18
18. 2 24
18. 3 5
18. 4 7
18. 5 8
18. 6 20
18. 7 22
18. 8 15
18. 9 22
18. 10 12
18. 11 20
18. 12 13
18. 13 23
18. 14 15
18. 15 9
18. 16 15
18. 17 10
18. 18 19
18. 19 17
18. 20 21
18. 21 14
18. 22 9
18. 23 10
18. 24 21
18. 25 11
18. 26 20
18. 27 23
18. 28 7
18. 29 20
18. 30 10
18. 31 9
18. 32 13
18. 33 17
18. 34 25
18. 35 20
18. 36 24
18. 37 25
18. 38 12
18. 39 11
18. 40 10
18. 41 13
18. 42 25
18. 43 24
18. 44 12
18. 45 16
18. 46 19
18. 47 23
18. 48 20
18. 49 11
18. 50 6
18. 51 21
18. 52 6
18. 53 6
18. 54 7
18. 55 25
18. 56 10
18. 57 13
18. 58 13
18. 59 23
18. 60 24
18. 61 24
18. 62 25
18. 63 8
18. 64 24
18. 65 16
18. 66 12
18. 67 15
18. 68 23
18. 69 10
18. 70 8
18. 71 19
18. 72 16
18. 73 14
18. 74 10
18. 75 8
18. 76 6
18. 77 10
18. 78 17
18. 79 7
18. 80 8
18. 81 17
18. 82 19
18. 83 23
18. 84 18
18. 85 16
18. 86 7
18. 87 17
18. 88 22
18. 89 10
18. 90 23
18. 91 14
18. 92 19
18. 93 17
18. 94 19
18. 95 22
18. 96 21
18. 97 5
18. 98 20
18. 99 10
19. 0 16
19. 1 22
19. 2 6
19. 3 6
19. 4 6
19. 5 12
19. 6 7
19. 7 16
19. 8 20
19. 9 17
19. 10 17
19. 11 8
19. 12 15
19. 13 11
19. 14 12
19. 15 25
19. 16 5
19. 17 7
19. 18 22
19. 19 7
19. 20 23
19. 21 17
19. 22 17
19. 23 12
19. 24 22
19. 25 11
19. 26 6
19. 27 21
19. 28 23
19. 29 24
19. 30 25
19. 31 11
19. 32 10
19. 33 12
19. 34 16
19. 35 13
19. 36 24
19. 37 8
19. 38 12
19. 39 16
19. 40 10
19. 41 8
19. 42 21
19. 43 23
19. 44 20
19. 45 7
19. 46 23
19. 47 13
19. 48 14
19. 49 6
19. 50 18
19. 51 8
19. 52 9
19. 53 16
19. 54 5
19. 55 18
19. 56 20
19. 57 19
19. 58 15
19. 59 10
19. 60 14
19. 61 20
19. 62 22
19. 63 5
19. 64 9
19. 65 15
19. 66 19
19. 67 8
19. 68 16
19. 69 9
19. 70 7
19. 71 21
19. 72 15
19. 73 16
19. 74 19
19. 75 24
19. 76 11
19. 77 8
19. 78 8
19. 79 18
19. 80 5
19. 81 15
19. 82 13
19. 83 10
19. 84 22
19. 85 20
19. 86 19
19. 87 16
19. 88 19
19. 89 11
19. 90 22
19. 91 9
19. 92 25
19. 93 11
19. 94 12
19. 95 7
19. 96 15
19. 97 5
19. 98 10
19. 99 18
/;
parameter b(i)/
0 57
1 59
2 61
3 56
4 59
5 59
6 63
7 57
8 58
9 56
10 60
11 62
12 62
13 57
14 59
15 58
16 60
17 59
18 62
19 57
/;
